/Users/lukas/PycharmProjects/Dissertation/experiments/exp_train/data/_4_WINTER.mov
/Users/lukas/PycharmProjects/Dissertation/experiments/exp_train/data/_2_SUMMER.mov
/Users/lukas/PycharmProjects/Dissertation/experiments/exp_train/data/_3_FALL.mov
/Users/lukas/PycharmProjects/Dissertation/experiments/exp_train/data/_1_SPRING.mov
mode: SURF
video_frame,good_matches_1in0,all_matches_1in0,good_matches_2in0,all_matches_2in0,good_matches_3in0,all_matches_3in0
0,20,906,30,1045,23,1264
1,23,918,26,1058,26,1291
2,24,916,23,982,29,1217
3,24,857,34,944,25,1219
4,24,939,21,935,17,1212
5,25,927,21,957,21,1195
6,25,883,25,940,14,1231
7,24,923,23,866,22,1201
8,25,944,32,866,18,1270
9,28,912,35,847,31,1235
10,30,960,33,821,27,1282
11,21,948,21,818,28,1302
12,27,924,21,843,22,1258
13,24,930,22,836,25,1208
14,28,923,32,816,28,1214
15,38,911,33,819,31,1212
16,29,915,27,837,30,1255
17,37,878,31,797,30,1237
18,24,863,22,833,21,1252
19,28,844,32,797,34,1158
20,26,813,27,813,42,1239
21,25,798,30,784,24,1196
22,24,817,23,796,38,1311
23,20,826,26,759,34,1308
24,25,821,27,815,27,1331
25,29,815,34,824,41,1357
26,19,847,36,821,36,1389
27,33,843,34,806,37,1363
28,37,838,35,807,41,1361
29,38,863,36,774,33,1386
30,38,859,31,775,39,1397
31,37,846,31,768,32,1400
32,34,796,26,774,29,1351
33,25,839,38,767,25,1385
34,37,847,32,789,33,1325
35,31,827,32,805,35,1440
36,32,849,40,810,26,1453
37,27,838,29,838,29,1390
38,35,851,35,798,29,1434
39,19,816,38,784,38,1394
40,27,826,32,795,30,1379
41,36,790,33,791,34,1345
42,29,800,32,795,45,1355
43,25,748,37,752,44,1312
44,32,800,31,804,47,1266
45,24,764,30,780,35,1274
46,31,777,27,742,29,1331
47,28,789,31,756,30,1285
48,20,767,31,756,28,1299
49,28,798,39,745,37,1298
50,27,767,44,772,35,1372
51,30,791,35,822,33,1318
52,32,791,53,786,39,1319
53,28,733,38,813,31,1173
54,25,791,41,829,48,1189
55,32,746,44,825,42,1186
56,27,764,49,858,54,1211
57,23,722,39,859,41,1197
58,18,794,23,847,33,1180
59,28,753,36,867,43,1114
60,19,783,32,854,27,1184
61,15,757,39,870,34,1176
62,24,750,37,870,30,1057
63,28,766,48,858,41,1057
64,27,778,55,877,34,1061
65,29,774,42,887,40,1014
66,22,759,36,859,40,1086
67,28,758,34,858,37,1081
68,24,757,38,880,32,1029
69,28,731,36,860,55,1082
70,25,740,28,850,36,1140
71,31,744,31,872,37,1075
72,35,728,61,866,46,1081
73,27,711,29,848,30,993
74,38,662,44,788,32,1009
75,24,646,24,768,26,965
76,28,615,46,751,32,962
77,38,628,37,754,31,1005
78,29,650,38,717,26,1037
79,25,639,32,712,31,998
80,32,619,46,700,36,997
81,32,598,37,692,27,976
82,29,611,40,684,32,982
83,29,577,35,641,25,1001
84,23,577,33,649,32,1043
85,27,533,31,654,25,1005
86,25,550,36,646,24,1061
87,28,532,37,647,36,1009
88,26,566,32,656,30,1044
89,25,533,30,686,31,1005
90,26,548,32,673,34,1029
91,19,557,29,648,29,1045
92,21,585,32,644,32,1123
93,21,561,28,634,23,1068
94,24,569,36,628,34,1048
95,24,562,39,622,36,1052
96,30,584,36,609,32,1075
97,33,578,43,640,37,1101
98,32,600,43,610,41,1152
99,22,576,35,646,38,1086
100,37,605,42,636,28,1142
101,36,565,48,677,41,1109
102,25,569,38,679,30,1136
103,39,568,37,681,38,1090
104,40,577,57,650,37,1106
105,31,576,39,638,30,1074
106,26,529,37,613,25,1114
107,37,562,40,613,37,1079
108,31,548,36,612,35,1088
109,35,558,31,621,23,1136
110,43,519,61,632,37,1090
111,31,519,22,610,25,1113
112,28,530,28,598,29,1070
113,22,511,32,615,27,1045
114,35,531,46,624,41,1087
115,26,488,28,613,29,1059
116,24,530,25,626,21,1059
117,21,506,18,630,25,1062
118,27,511,26,620,29,1106
119,20,535,24,630,28,1112
120,15,559,20,641,27,1110
121,23,538,21,631,20,1063
122,26,519,26,667,24,1098
123,20,552,25,684,21,1084
124,21,563,28,642,27,1147
125,25,550,18,649,15,1088
126,22,546,19,672,20,1081
127,15,520,25,677,24,1035
128,22,545,34,694,32,1094
129,18,576,26,691,33,1099
130,24,578,23,671,29,1120
131,20,541,24,705,38,1048
132,23,577,24,715,35,1060
133,21,546,21,722,28,1052
134,22,549,27,710,22,1122
135,20,521,25,723,22,1112
136,23,558,17,720,29,1158
137,24,534,32,734,27,1137
138,17,579,25,732,23,1056
139,16,573,28,676,16,1088
140,13,592,24,678,23,1106
141,19,570,17,662,18,1117
142,23,570,26,689,24,1169
143,19,551,21,697,25,1133
144,18,558,14,694,20,1096
145,18,557,18,700,23,1093
146,20,574,18,708,31,1142
147,18,568,20,703,37,1098
148,19,565,28,684,27,1199
149,24,573,25,728,31,1203
150,25,534,20,708,34,1169
151,18,576,18,713,46,1155
152,14,600,20,694,33,1253
153,22,575,24,680,26,1233
154,10,619,20,709,41,1193
155,19,619,27,738,28,1172
156,17,600,21,716,21,1217
157,20,628,18,725,26,1199
158,26,644,23,703,21,1216
159,22,642,25,702,25,1187
160,19,618,32,709,26,1177
161,25,656,25,706,36,1185
162,19,626,26,731,19,1241
163,10,652,23,746,31,1201
164,14,656,22,757,21,1205
165,20,670,23,753,29,1237
166,21,694,24,729,19,1288
167,21,662,20,752,24,1245
168,32,672,36,781,35,1229
169,28,697,31,752,33,1245
170,26,701,37,751,39,1235
171,25,708,29,768,15,1194
172,29,675,30,779,34,1237
173,17,704,29,818,26,1148
174,19,702,26,763,29,1237
175,17,720,20,798,27,1238
176,15,747,23,807,19,1270
177,25,727,25,843,22,1264
178,17,747,25,855,28,1287
179,21,762,26,857,22,1247
180,28,716,43,906,36,1295
181,15,755,28,885,16,1278
182,13,701,20,878,26,1300
183,22,717,22,895,34,1224
184,12,681,22,873,26,1242
185,19,706,19,859,17,1259
186,10,646,26,853,24,1291
187,25,681,27,888,33,1162
188,15,630,25,873,26,1212
189,17,632,28,881,26,1164
190,22,624,39,884,40,1222
191,17,655,19,844,28,1179
192,10,619,13,835,26,1211
193,14,620,16,835,26,1165
194,14,589,15,839,28,1113
195,16,601,20,816,41,1176
196,10,552,11,791,26,1167
197,14,566,10,825,21,1110
198,18,546,19,860,44,1108
199,9,572,25,854,25,1172
200,14,559,22,860,23,1151
201,19,553,19,833,30,1207
202,12,509,22,836,28,1201
203,10,559,28,818,31,1179
204,17,552,18,826,24,1255
205,20,562,18,837,33,1306
206,18,543,19,857,28,1268
207,15,567,14,836,30,1263
208,17,538,24,808,40,1207
209,20,556,20,824,58,1291
210,18,576,16,804,36,1228
211,15,572,25,761,28,1309
212,10,552,19,783,29,1332
213,13,582,18,796,33,1262
214,8,555,20,837,25,1233
215,12,540,20,810,36,1270
216,11,548,14,825,31,1290
217,15,545,13,815,30,1290
218,11,542,14,802,45,1258
219,10,525,16,778,37,1262
220,10,536,18,811,45,1276
221,10,551,14,789,35,1231
222,9,551,14,807,39,1266
223,13,560,14,829,34,1292
224,9,598,16,869,34,1262
225,17,596,22,832,50,1376
226,13,622,13,823,32,1262
227,16,588,13,849,37,1388
228,12,590,14,847,31,1351
229,9,595,12,838,41,1370
230,22,592,14,851,52,1422
231,15,556,20,874,45,1289
232,14,567,10,911,40,1336
233,11,566,14,963,30,1407
234,14,551,16,955,29,1404
235,14,539,22,941,40,1387
236,12,517,18,970,33,1268
237,6,546,12,985,35,1287
238,8,496,13,1020,34,1266
239,13,520,12,969,39,1312
240,8,520,12,951,23,1142
241,11,535,19,957,39,1228
242,18,518,22,962,28,1191
243,14,547,25,982,28,1265
244,9,542,23,970,28,1195
245,11,536,24,945,30,1139
246,10,540,34,972,38,1163
247,11,523,17,918,34,1207
248,13,567,17,921,25,1151
249,16,569,34,928,46,1188
250,14,602,23,919,29,1123
251,27,609,24,934,47,1137
252,24,598,29,880,29,1071
253,15,601,27,906,42,1080
254,13,605,30,910,39,1132
255,20,599,26,951,26,1056
256,19,566,30,961,27,1044
257,20,600,19,973,22,1005
258,18,586,29,1085,38,1029
259,17,552,20,1043,32,1054
260,9,560,23,1057,25,1033
261,11,587,22,1045,31,1116
262,17,613,12,1074,35,1162
263,17,602,24,1104,28,1116
264,13,572,27,1124,30,1119
265,13,559,25,1130,23,1122
266,12,535,22,1078,24,1070
267,13,529,20,1047,43,1211
268,16,556,26,1068,31,1243
269,21,557,21,1074,25,1242
270,17,548,23,1076,24,1113
271,14,555,19,1109,38,1167
272,16,580,26,1100,33,1238
273,16,551,23,1115,32,1272
274,16,538,25,1105,32,1200
275,26,526,28,1119,40,1151
276,17,542,23,1126,28,1197
277,17,545,35,1139,38,1219
278,24,514,44,1159,34,1264
279,22,542,34,1163,26,1258
280,19,532,34,1111,37,1260
281,14,550,20,1118,33,1235
282,22,557,25,1124,44,1257
283,21,543,19,1166,41,1285
284,27,566,29,1176,29,1291
285,24,555,26,1149,31,1313
286,25,580,34,1146,36,1369
287,18,544,34,1135,25,1272
288,20,590,31,1141,33,1334
289,20,565,32,1106,23,1244
290,18,608,29,1134,31,1360
291,25,602,30,1124,38,1327
292,10,615,27,1132,32,1354
293,17,593,24,1121,23,1329
294,24,633,32,1088,41,1395
295,18,616,27,1096,28,1268
296,15,608,22,1126,41,1324
297,22,573,22,1111,44,1269
298,16,590,23,1148,49,1344
299,22,584,17,1123,38,1303
300,20,618,23,1097,36,1284
301,19,601,27,1118,51,1279
302,27,630,27,1127,36,1240
303,22,618,29,1111,41,1232
304,22,641,25,1120,37,1146
305,27,649,25,1110,48,1158
306,26,642,30,1120,42,1161
307,36,614,35,1133,46,1195
308,31,627,28,1118,38,1151
309,31,615,30,1139,45,1138
310,30,590,41,1094,55,1137
311,28,605,22,1143,52,1176
312,20,647,30,1130,67,1176
313,22,624,20,1109,49,1144
314,27,617,19,1103,48,1151
315,27,640,27,1063,53,1142
316,26,659,26,1093,51,1142
317,21,644,21,1095,62,1138
318,15,619,26,1094,51,1158
319,18,660,22,1076,64,1175
320,21,647,25,1057,58,1204
321,22,619,24,1034,36,1259
322,20,640,24,1008,55,1248
323,16,615,19,1030,54,1278
324,23,644,22,1041,56,1230
325,18,620,26,1026,58,1265
326,18,655,25,1099,52,1229
327,14,637,22,999,53,1211
328,14,672,21,991,43,1232
329,21,660,26,977,60,1238
330,11,659,26,1005,44,1304
331,16,648,31,1002,52,1315
332,20,664,37,1029,61,1391
333,25,627,22,1001,53,1303
334,32,640,22,945,53,1364
335,25,638,25,993,51,1284
336,19,593,39,987,51,1267
337,29,639,29,965,51,1331
338,23,659,30,1010,58,1345
339,18,653,21,989,77,1257
340,30,688,27,1040,52,1328
341,20,703,35,1024,64,1270
342,26,706,30,1051,61,1297
343,17,721,28,1138,66,1325
344,31,708,35,1116,55,1340
345,21,677,29,1100,39,1306
346,22,728,33,1107,54,1339
347,25,724,31,1120,48,1349
348,29,750,41,1099,50,1395
349,23,737,27,1052,37,1343
350,19,731,26,1101,48,1396
351,30,725,28,1069,53,1416
352,28,729,33,1081,49,1412
353,26,713,32,1087,45,1354
354,28,725,34,1060,40,1402
355,35,765,36,1131,53,1381
356,31,736,43,1119,48,1422
357,30,752,41,1163,49,1368
358,37,746,44,1168,44,1341
359,28,738,48,1201,53,1350
360,42,813,51,1181,55,1402
361,21,784,40,1250,52,1384
362,33,826,38,1227,52,1391
363,42,786,48,1289,64,1449
364,39,818,56,1271,51,1414
365,34,753,53,1244,60,1440
366,30,770,61,1210,55,1319
367,44,738,50,1129,64,1392
368,48,756,57,1055,46,1375
369,38,761,44,1012,57,1442
370,37,701,49,976,62,1434
371,42,735,70,988,54,1400
372,39,718,59,929,69,1395
373,45,733,68,968,70,1409
374,48,726,72,941,64,1421
375,41,686,52,950,48,1391
376,42,713,71,959,61,1440
377,44,693,66,927,71,1429
378,49,738,63,992,62,1476
379,35,730,64,977,98,1470
380,47,754,65,1017,79,1498
381,40,749,65,1021,86,1510
382,50,727,71,1006,80,1493
383,52,728,64,990,60,1520
384,53,758,67,1032,87,1512
385,48,760,70,1047,76,1548
386,39,757,71,1052,75,1480
387,56,740,79,1017,72,1558
388,45,778,63,1066,70,1510
389,52,768,68,1092,69,1533
390,49,766,62,1084,60,1523
391,55,740,64,1066,58,1479
392,42,780,53,1065,51,1509
393,29,787,42,1070,67,1528
394,48,810,48,1111,59,1481
395,39,784,55,1139,55,1580
396,33,821,52,1156,51,1589
397,35,805,50,1191,61,1537
398,35,849,53,1171,51,1562
399,29,824,50,1182,66,1548
400,40,851,65,1201,58,1583
401,32,854,63,1177,81,1522
402,23,856,63,1267,76,1605
403,35,830,56,1247,77,1479
404,30,805,56,1232,58,1488
405,27,814,55,1234,74,1476
406,34,832,43,1220,71,1493
407,29,823,56,1178,55,1474
408,26,838,39,1133,46,1501
409,24,816,56,1120,56,1473
410,27,795,49,1128,54,1510
411,29,805,52,1082,68,1531
412,19,775,48,1051,60,1510
413,28,796,53,1085,64,1473
414,24,766,39,1094,50,1457
415,15,802,40,1108,49,1509
416,43,799,52,1136,56,1428
417,16,840,45,1132,54,1479
418,32,831,37,1138,57,1465
419,28,798,46,1093,60,1428
420,29,806,48,1082,58,1479
421,31,814,39,1124,57,1451
422,36,837,39,1088,74,1509
423,26,851,51,1125,54,1509
424,32,844,44,1154,65,1540
425,30,841,62,1197,74,1486
426,29,817,58,1235,68,1486
427,34,855,51,1234,71,1533
428,27,858,48,1203,66,1504
429,31,882,61,1222,76,1551
430,29,849,54,1255,72,1435
431,33,897,64,1286,69,1497
432,34,873,54,1234,81,1415
433,39,868,79,1254,82,1527
434,39,837,71,1228,69,1461
435,37,847,69,1211,79,1470
436,52,848,76,1193,70,1413
437,30,860,55,1176,75,1396
438,40,848,79,1144,69,1405
439,18,852,56,1160,56,1432
440,29,829,65,1165,76,1407
441,40,823,59,1191,70,1414
442,43,786,78,1185,83,1386
443,47,827,51,1234,81,1437
444,39,836,59,1180,66,1371
445,36,816,59,1186,70,1414
446,33,829,62,1184,72,1463
447,28,778,59,1164,66,1420
448,33,819,68,1201,66,1420
449,29,844,63,1209,56,1336
450,32,813,48,1231,52,1422
451,24,865,56,1239,51,1419
452,36,861,46,1228,46,1442
453,32,885,37,1258,57,1393
454,34,855,43,1221,48,1461
455,25,867,54,1229,44,1439
456,31,825,60,1196,42,1498
457,28,886,44,1176,53,1391
458,27,895,43,1120,52,1453
459,28,911,44,1110,50,1369
460,34,857,42,1136,57,1324
461,37,899,56,1228,54,1377
462,40,882,52,1312,49,1303
463,47,895,58,1283,39,1324
464,45,885,48,1239,55,1358
465,26,902,33,1234,65,1431
466,31,906,47,1273,59,1318
467,27,911,36,1287,48,1347
468,28,881,45,1276,55,1333
469,26,921,43,1351,56,1321
470,23,930,37,1320,50,1391
471,27,881,44,1398,43,1372
472,26,867,36,1346,54,1378
473,23,904,41,1355,63,1367
474,16,920,22,1340,64,1404
475,21,938,22,1318,52,1442
476,26,896,29,1284,43,1394
477,10,896,25,1282,52,1400
478,18,920,39,1259,53,1469
479,21,930,21,1260,48,1407
480,26,929,32,1235,48,1420
481,29,917,33,1270,56,1347
482,20,897,32,1270,42,1413
483,15,882,27,1275,55,1366
484,18,885,30,1253,49,1424
485,19,891,15,1262,37,1354
486,21,846,19,1266,37,1414
487,29,878,31,1276,55,1385
488,16,889,28,1294,41,1478
489,15,866,29,1301,32,1434
490,24,900,25,1271,42,1282
491,24,859,31,1293,47,1287
492,25,897,25,1284,39,1233
493,20,865,25,1198,31,1234
494,19,864,26,1178,41,1283
495,21,878,19,1123,36,1260
496,22,790,29,1042,33,1235
497,38,806,35,1027,36,1265
498,25,786,54,964,38,1329
499,23,779,27,983,25,1242
500,29,752,32,964,32,1282
501,31,677,37,948,45,1312
502,20,661,31,936,54,1401
503,30,662,42,948,45,1304
504,29,631,37,921,46,1339
505,24,637,42,913,43,1336
506,28,607,33,913,44,1289
507,32,661,33,924,41,1349
508,29,638,39,897,37,1326
509,35,625,45,886,36,1341
510,29,644,35,842,25,1289
511,37,661,30,850,24,1307
512,30,618,33,881,33,1305
513,22,642,35,878,25,1310
514,22,622,41,877,31,1278
515,26,637,32,893,26,1166
516,14,620,24,862,40,1060
517,21,625,29,845,27,1073
518,30,638,24,854,43,1113
519,23,614,22,806,32,1045
520,24,613,28,743,30,984
521,22,579,27,775,22,1058
522,28,553,23,752,35,1081
523,27,498,22,753,22,1075
524,27,502,32,755,36,1033
525,39,549,42,765,42,1033
526,32,573,51,745,43,1101
527,15,565,32,762,31,1078
528,14,556,30,749,34,1120
529,18,514,31,729,25,1078
530,32,553,45,752,51,1093
531,31,551,48,750,51,1095
532,26,564,33,702,41,1140
533,23,539,45,709,38,1067
534,23,562,37,696,43,1086
535,22,542,21,668,38,1153
536,21,554,31,662,37,1154
537,32,531,36,706,54,1095
538,26,543,39,718,41,1123
539,32,590,42,719,43,1127
540,21,583,25,718,34,1179
541,21,582,21,695,23,1118
542,29,623,42,707,34,1172
543,30,594,37,724,31,1110
544,27,609,23,697,28,1213
545,25,558,27,680,32,1157
546,31,588,40,710,34,1230
547,23,611,34,717,42,1222
548,29,603,43,727,42,1226
549,22,622,29,753,31,1229
550,29,652,43,737,27,1193
551,26,620,28,756,29,1255
552,24,578,33,790,26,1218
553,29,625,44,753,41,1253
554,32,645,39,797,34,1299
555,33,656,45,757,51,1279
556,32,666,36,779,47,1202
557,31,624,33,744,42,1184
558,27,660,36,793,45,1198
559,23,631,34,782,33,1280
560,32,669,44,789,34,1316
561,28,634,59,785,50,1320
562,37,670,39,806,47,1305
563,34,640,44,788,37,1362
564,36,671,43,813,35,1337
565,33,669,52,816,31,1312
566,47,711,40,817,46,1305
567,36,651,35,874,32,1394
568,28,710,42,823,37,1431
569,34,724,46,853,26,1338
570,41,670,35,849,31,1436
571,37,691,52,841,23,1410
572,26,682,32,850,30,1486
573,32,714,49,855,29,1480
574,32,699,49,869,23,1425
575,28,716,37,850,46,1425
576,30,715,41,906,22,1482
577,35,742,57,899,35,1505
578,33,757,54,868,28,1488
579,24,727,44,867,32,1493
580,27,762,34,863,40,1434
581,34,704,32,880,40,1421
582,36,724,54,933,36,1354
583,32,713,49,927,32,1422
584,46,723,64,970,46,1416
585,38,728,50,949,46,1419
586,26,764,52,1012,44,1370
587,43,722,63,986,55,1419
588,34,770,55,967,30,1424
589,27,759,43,956,41,1405
590,30,792,44,923,39,1389
591,34,754,32,919,33,1373
592,28,770,36,911,30,1468
593,30,751,36,934,62,1445
594,25,766,44,910,29,1478
595,33,751,36,840,46,1450
596,27,757,40,848,55,1386
597,31,764,34,851,53,1355
598,38,739,36,760,52,1382
599,25,732,35,761,51,1304
600,21,692,29,797,49,1319
601,33,678,36,801,71,1394
602,24,637,30,805,56,1428
603,27,699,39,811,50,1400
604,35,700,50,831,49,1383
605,29,701,35,852,43,1383
606,28,732,33,834,56,1402
607,26,723,35,854,55,1402
608,25,738,44,838,47,1350
609,23,732,39,845,53,1340
610,17,697,42,859,41,1327
611,31,741,35,844,97,1377
612,27,744,42,843,47,1397
613,28,727,36,856,45,1318
614,30,729,38,858,47,1415
615,31,689,41,808,57,1412
616,26,674,43,841,38,1457
617,24,705,41,867,40,1363
618,28,679,42,873,47,1443
619,29,708,46,886,62,1423
620,19,738,47,855,43,1463
621,21,731,60,888,67,1484
622,28,743,51,883,65,1494
623,30,703,53,946,60,1471
624,44,766,54,935,68,1509
625,39,760,57,976,61,1528
626,41,758,58,944,56,1534
627,39,817,59,945,58,1534
628,35,796,45,940,58,1515
629,24,766,45,959,53,1512
630,24,815,53,959,59,1468
631,29,817,56,1003,70,1550
632,31,833,59,1015,56,1511
633,36,858,60,1001,55,1530
634,47,868,67,1030,70,1502
635,37,862,60,1031,55,1569
636,40,886,69,1041,74,1614
637,39,876,53,1079,60,1529
638,34,868,69,1041,66,1596
639,41,851,48,1040,59,1586
640,39,884,54,1056,61,1694
641,42,819,37,1050,91,1600
642,28,868,66,1080,69,1681
643,39,887,44,1063,84,1675
644,24,871,45,1052,63,1658
645,40,848,54,1045,64,1687
646,40,881,63,1103,70,1766
647,37,878,57,1130,57,1756
648,31,899,52,1113,78,1730
649,24,910,68,1164,70,1794
650,35,926,56,1158,73,1820
651,42,916,49,1143,78,1843
652,35,962,75,1153,72,1814
653,53,951,63,1152,66,1754
654,34,964,65,1165,62,1811
655,33,945,63,1187,50,1736
656,38,976,63,1148,74,1904
657,52,961,78,1155,72,1874
658,53,1022,65,1203,62,1836
659,49,973,81,1203,86,1790
660,36,893,73,1166,76,1765
661,54,953,83,1178,77,1789
662,46,916,88,1166,72,1751
663,42,922,81,1167,69,1769
664,59,883,69,1140,81,1801
665,37,873,68,1165,74,1736
666,45,880,76,1162,73,1725
667,39,848,71,1194,72,1752
668,35,856,57,1148,80,1778
669,42,846,69,1182,74,1835
670,40,844,69,1183,75,1870
671,39,866,57,1192,45,1823
672,39,847,61,1160,48,1909
673,25,872,61,1134,43,1879
674,29,871,42,1130,51,1905
675,45,868,62,1074,55,1933
676,32,887,46,1117,55,1881
677,35,906,62,1076,60,1908
678,34,907,50,1036,55,1844
679,39,848,58,997,67,1921
680,36,830,63,1034,50,1906
681,31,873,60,1035,67,1870
682,43,827,55,1001,59,1899
683,39,847,59,1030,65,1890
684,32,775,58,1054,64,1876
685,44,843,62,1061,55,1892
686,43,869,52,1138,63,1919
687,26,881,67,1108,61,1917
688,30,906,54,1128,51,1930
689,40,921,53,1095,59,1902
690,36,919,57,1117,62,1816
691,32,938,63,1095,53,1859
692,40,912,49,1116,50,1814
693,43,888,64,1099,58,1807
694,37,877,64,1103,54,1837
695,42,833,60,1109,66,1757
696,46,895,69,1084,79,1774
697,41,920,72,1071,76,1729
698,44,853,63,1038,66,1722
699,39,863,72,1032,66,1743
700,39,838,64,1023,72,1745
701,50,865,79,1005,101,1651
702,46,824,57,1064,70,1659
703,37,835,47,1025,59,1616
704,46,794,52,1013,74,1587
705,42,800,59,1033,78,1586
706,40,795,60,976,78,1596
707,34,805,64,1003,96,1559
708,44,810,58,1009,92,1523
709,43,798,68,964,73,1483
710,37,782,51,975,86,1476
711,43,797,58,963,81,1497
712,32,786,57,964,80,1558
713,35,808,63,934,96,1516
714,27,747,55,956,85,1487
715,34,798,53,982,79,1544
716,28,827,57,955,85,1522
717,32,834,51,973,86,1527
718,36,807,57,974,82,1623
719,30,831,63,1006,86,1662
720,38,803,57,1015,77,1613
721,37,831,61,1008,82,1635
722,27,833,59,1005,70,1647
723,35,853,74,1033,75,1751
724,40,821,60,1032,59,1744
725,45,853,56,1054,64,1722
726,43,881,64,1071,69,1717
727,35,839,53,1075,54,1715
728,35,861,63,1076,59,1729
729,37,843,48,1075,73,1756
730,38,887,58,1060,64,1738
731,40,928,65,1071,80,1709
732,46,915,65,1071,67,1695
733,26,967,54,1125,78,1703
734,41,908,60,1095,62,1759
735,36,945,67,1092,69,1779
736,44,924,57,1079,89,1749
737,31,958,56,1098,79,1717
738,41,947,78,1180,67,1675
739,34,977,63,1193,76,1797
740,29,944,71,1232,62,1801
741,43,993,69,1256,62,1744
742,47,988,71,1271,83,1813
743,36,986,68,1212,90,1847
744,39,948,69,1249,77,1930
745,32,969,70,1254,64,1922
746,46,969,58,1259,79,1848
747,47,902,77,1280,82,1895
748,43,955,68,1192,60,1895
749,50,945,71,1145,67,1898
750,47,930,68,1140,73,1942
751,52,932,67,1113,81,1867
752,53,887,80,1086,78,1834
753,40,905,54,1102,77,1817
754,36,868,49,1098,67,1837
755,42,866,67,1059,66,1840
756,39,811,70,1027,60,1839
757,43,855,59,1011,67,1684
758,43,872,52,1020,87,1762
759,41,851,57,1015,83,1684
760,38,850,45,1022,70,1584
761,30,830,49,968,76,1643
762,26,843,43,965,75,1688
763,30,866,48,927,83,1642
764,31,850,57,952,85,1511
765,31,833,50,941,89,1581
766,29,788,55,985,76,1519
767,25,824,45,984,81,1617
768,29,847,55,966,72,1611
769,33,898,60,1000,83,1572
770,43,898,78,1041,91,1561
771,33,961,66,994,106,1598
772,40,933,49,1013,65,1580
773,23,945,68,1008,69,1573
774,50,941,61,989,83,1702
775,29,959,49,985,66,1664
776,32,937,45,980,78,1680
777,37,978,55,944,72,1670
778,36,935,55,917,63,1611
779,43,885,61,936,77,1700
780,44,922,59,995,73,1694
781,40,926,63,990,58,1702
782,31,841,67,987,81,1680
783,32,874,53,947,72,1596
784,32,840,55,925,64,1514
785,34,851,58,912,67,1505
786,37,809,60,982,76,1526
787,45,845,63,998,63,1577
788,41,864,65,991,74,1470
789,41,859,52,1025,61,1472
790,35,785,63,1003,74,1440
791,33,810,73,1004,77,1524
792,24,872,57,1046,78,1544
793,32,904,65,1034,88,1526
794,42,927,64,1009,89,1541
795,38,947,63,985,94,1517
796,50,928,53,1002,110,1523
797,48,921,74,1025,99,1569
798,54,967,68,1047,111,1526
799,59,970,73,1032,110,1474
800,45,971,74,1059,134,1579
801,46,962,61,1063,113,1588
802,58,977,71,1085,114,1600
803,46,1032,61,1065,98,1536
804,49,1034,62,1047,106,1630
805,53,1000,48,1032,91,1528
806,31,1005,48,1044,106,1572
807,34,989,55,1036,98,1638
808,30,1020,55,1066,95,1631
809,41,1050,57,1021,102,1650
810,34,1013,46,1055,77,1612
811,42,1032,48,1031,90,1642
812,36,1000,68,1093,117,1654
813,24,1005,40,1070,77,1600
814,33,946,46,1057,90,1582
815,23,930,48,1045,93,1631
816,29,969,52,1060,74,1651
817,28,969,34,1024,86,1641
818,38,944,44,999,64,1589
819,29,943,37,952,83,1563
820,29,910,33,1024,87,1517
821,29,935,52,966,66,1507
822,31,906,42,937,84,1515
823,35,888,42,928,77,1477
824,33,876,44,958,72,1481
825,27,888,48,952,85,1485
826,32,874,37,893,74,1447
827,30,925,45,908,74,1480
828,41,850,45,918,88,1479
829,30,895,36,911,78,1433
830,43,894,50,923,85,1472
831,35,910,46,943,86,1565
832,40,913,39,923,79,1568
833,22,910,43,983,69,1544
834,31,953,40,972,78,1536
835,31,971,39,982,95,1511
836,44,948,42,983,84,1528
837,49,970,33,999,86,1542
838,34,1012,37,1002,75,1557
839,52,979,33,968,86,1535
840,35,958,35,947,73,1453
841,28,962,34,943,67,1502
842,41,939,39,910,78,1490
843,27,917,41,873,68,1420
844,37,869,42,841,82,1489
845,33,894,36,862,81,1483
846,32,881,39,915,85,1482
847,38,886,47,957,71,1576
848,25,920,29,957,77,1546
849,29,949,36,950,89,1503
850,25,941,35,947,81,1579
851,23,950,32,949,73,1577
852,28,927,33,976,60,1555
853,19,965,37,936,64,1463
854,28,967,34,928,65,1474
855,33,989,48,954,70,1515
856,34,1000,44,976,61,1502
857,26,1029,36,951,67,1562
858,42,981,39,994,68,1534
859,39,1007,37,949,67,1513
860,35,972,44,979,72,1503
861,33,968,44,930,73,1428
862,32,957,39,920,83,1506
863,33,955,35,870,83,1573
864,38,966,40,903,80,1500
865,38,948,42,899,82,1486
866,28,944,40,910,73,1446
867,27,983,40,871,62,1435
868,31,914,40,908,64,1501
869,35,878,31,923,65,1550
870,51,906,42,876,73,1456
871,44,900,47,856,59,1521
872,52,866,43,875,101,1506
873,38,897,43,846,80,1482
874,46,862,56,860,78,1517
875,46,855,49,834,81,1571
876,52,901,38,848,63,1542
877,41,939,50,867,73,1504
878,44,901,50,824,63,1559
879,49,924,50,838,66,1438
880,46,896,44,873,61,1537
881,52,920,47,835,81,1524
882,44,971,55,860,75,1551
883,39,942,50,826,90,1526
884,33,958,42,873,76,1523
885,40,901,46,898,66,1508
886,36,975,46,876,72,1575
887,41,927,55,881,82,1559
888,44,919,44,880,78,1569
889,31,908,47,860,72,1545
890,35,940,34,861,73,1543
891,42,971,47,888,86,1480
892,36,938,39,913,77,1527
893,33,1014,42,933,77,1511
894,27,1014,34,937,68,1521
895,29,1038,44,948,65,1595
896,20,1019,46,939,72,1599
897,21,1064,40,966,73,1566
898,23,1013,36,980,52,1590
899,30,1069,32,996,57,1522
900,35,987,30,998,47,1573
901,22,1053,32,997,44,1537
902,22,1060,36,989,49,1617
903,27,1065,23,977,49,1521
904,28,1030,31,928,60,1581
905,28,985,31,913,59,1407
906,31,998,21,966,34,1485
907,26,1004,20,942,38,1436
908,25,977,29,914,55,1471
909,27,978,39,866,39,1428
910,24,899,34,856,58,1441
911,17,894,30,815,57,1394
912,27,904,19,802,48,1400
913,23,881,33,784,55,1339
914,23,831,26,832,36,1294
915,28,912,26,799,47,1308
916,36,915,29,831,45,1330
917,40,906,27,857,53,1288
918,37,909,40,847,54,1322
919,31,957,24,918,40,1340
920,22,921,24,906,42,1348
921,26,909,40,868,36,1310
922,23,886,35,866,41,1333
923,22,911,36,802,52,1353
924,17,891,20,838,35,1340
925,17,910,28,811,50,1387
926,31,868,22,814,38,1392
927,13,873,26,814,39,1385
928,20,877,22,774,35,1304
929,25,893,34,775,36,1220
930,12,909,21,813,20,1245
931,19,887,18,787,27,1261
932,14,872,17,792,35,1211
933,35,888,14,796,39,1262
934,26,890,23,767,38,1276
935,17,837,17,745,27,1269
936,24,831,21,747,38,1344
937,23,801,23,726,34,1337
938,36,783,30,698,33,1324
939,26,805,35,708,37,1291
940,34,767,24,725,39,1280
941,26,820,36,705,39,1283
942,33,759,26,743,44,1275
943,27,762,38,768,37,1290
944,23,758,25,801,32,1357
945,18,819,32,812,29,1354
946,21,758,29,798,45,1292
947,33,741,44,779,51,1359
948,24,720,44,840,56,1360
949,46,828,53,833,83,1370
950,36,806,65,852,49,1398
951,27,879,37,833,56,1326
952,53,836,60,881,64,1414
953,38,869,49,887,58,1454
954,44,887,45,858,78,1497
955,46,921,55,848,55,1525
956,45,856,61,858,65,1450
957,46,895,44,909,60,1530
958,40,853,49,914,49,1539
959,28,947,33,916,55,1562
960,36,920,41,902,59,1542
961,27,826,49,882,46,1509
962,31,852,48,910,76,1517
963,36,850,55,911,85,1462
964,39,897,52,868,85,1500
965,37,889,39,875,63,1436
966,24,898,37,896,57,1551
967,35,773,37,879,66,1583
968,32,811,32,894,63,1560
969,34,810,55,888,71,1571
970,24,829,37,857,63,1582
971,38,764,44,859,58,1527
972,52,793,44,901,52,1545
973,37,744,37,896,68,1533
974,31,835,35,885,68,1494
975,36,787,47,897,63,1525
976,28,798,42,879,53,1533
977,37,739,45,831,62,1597
978,44,747,44,815,55,1711
979,31,751,45,764,60,1580
980,45,768,35,732,67,1559
981,39,760,42,792,46,1522
982,27,782,45,808,63,1511
983,33,798,35,870,56,1552
984,57,832,47,870,80,1562
985,43,850,42,833,78,1495
986,40,840,35,828,60,1535
987,30,790,50,842,75,1516
988,47,827,46,838,66,1557
989,46,827,45,845,53,1633
990,47,795,49,805,74,1690
991,41,790,44,821,49,1721
992,53,762,51,826,62,1683
993,35,760,37,828,58,1695
994,42,720,59,854,79,1611
995,33,732,32,791,63,1643
996,39,712,48,768,69,1618
997,28,759,41,806,50,1626
998,45,735,43,792,63,1666
999,36,693,39,730,68,1663
1000,31,676,37,724,58,1627
1001,30,642,43,703,60,1603
1002,19,655,33,733,50,1656
1003,19,677,39,716,49,1661
1004,25,670,34,734,61,1743
1005,17,651,39,724,48,1704
1006,18,617,35,711,61,1647
1007,31,629,46,685,68,1676
1008,45,634,37,665,54,1667
1009,32,608,42,626,69,1525
1010,31,571,28,650,63,1575
1011,16,548,32,616,51,1550
1012,24,592,22,629,43,1589
1013,21,585,24,628,41,1567
1014,26,622,32,603,56,1537
1015,27,609,37,635,52,1576
1016,27,605,53,616,59,1591
1017,13,594,23,612,41,1610
1018,28,595,32,607,54,1635
1019,28,581,32,610,51,1566
1020,12,563,32,610,42,1685
1021,23,560,22,600,31,1702
1022,11,593,31,602,44,1604
1023,17,598,24,635,33,1659
1024,24,604,33,627,52,1648
1025,25,558,37,639,44,1662
1026,18,620,32,663,49,1610
1027,22,647,35,644,45,1617
1028,15,682,25,663,50,1618
1029,24,639,29,690,34,1609
1030,22,672,31,717,44,1724
1031,25,637,40,680,64,1665
1032,26,658,36,700,62,1661
1033,36,701,41,710,67,1682
1034,31,664,55,725,57,1690
1035,33,627,34,705,53,1730
1036,34,613,35,678,68,1677
1037,27,620,33,675,44,1622
1038,32,630,47,679,72,1567
1039,26,606,27,659,45,1556
1040,36,640,47,674,63,1538
1041,31,591,57,704,76,1522
1042,35,618,54,689,71,1500
1043,39,623,69,669,71,1545
1044,29,599,54,737,56,1634
1045,44,576,58,706,51,1561
1046,36,572,56,696,56,1593
1047,46,617,52,712,55,1575
1048,31,648,55,695,51,1664
1049,40,651,48,671,45,1621
1050,46,619,34,675,53,1574
1051,28,634,46,694,49,1571
1052,25,663,46,690,50,1584
1053,29,682,50,691,47,1505
1054,36,666,39,674,61,1557
1055,32,633,43,668,68,1507
1056,34,676,54,663,68,1534
1057,26,725,45,643,61,1559
1058,47,751,55,646,56,1518
1059,46,707,48,667,49,1550
1060,49,724,57,669,46,1540
1061,33,709,54,684,61,1523
1062,44,700,41,677,62,1610
1063,37,758,45,664,56,1589
1064,47,744,75,676,52,1557
1065,45,697,47,687,63,1577
1066,43,687,45,735,68,1599
1067,31,762,61,709,76,1648
1068,36,775,50,682,61,1647
1069,48,772,64,716,66,1634
1070,44,737,39,698,58,1647
1071,24,744,38,713,65,1638
1072,25,759,48,681,54,1657
1073,37,756,60,686,73,1675
1074,50,704,65,657,55,1688
1075,46,731,61,688,75,1731
1076,45,721,47,684,73,1785
1077,43,730,56,729,60,1893
1078,55,771,51,712,76,1861
1079,46,736,51,717,47,1951
1080,44,751,45,693,79,1907
1081,48,734,57,718,73,2006
1082,43,763,42,683,59,2046
1083,27,774,46,709,59,2029
1084,37,783,42,693,57,1969
1085,39,755,56,721,84,1899
1086,33,775,49,692,78,1903
1087,36,794,39,739,79,1936
1088,29,798,46,712,60,1931
1089,33,825,47,741,75,1945
1090,29,824,39,730,70,1878
1091,31,811,50,734,74,1796
1092,31,838,59,716,69,1810
1093,28,797,49,750,82,1829
1094,35,830,42,749,69,1817
1095,35,794,56,745,64,1810
1096,31,802,54,752,74,1689
1097,29,743,50,752,81,1763
1098,25,797,44,694,82,1749
1099,30,741,43,682,80,1856
1100,35,781,53,687,98,1831
1101,21,760,46,681,66,1760
1102,33,763,34,705,79,1761
1103,33,772,47,731,78,1813
1104,39,810,47,731,84,1842
1105,38,837,42,725,69,1722
1106,37,821,50,723,67,1782
1107,46,816,61,763,63,1826
1108,52,843,64,764,59,1804
1109,38,859,47,773,77,1820
1110,45,849,52,757,75,1836
1111,32,870,47,799,74,1852
1112,53,887,52,794,89,1764
1113,40,872,44,783,83,1823
1114,60,888,48,780,75,1711
1115,52,925,48,802,73,1746
1116,37,950,35,812,72,1772
1117,42,943,51,849,85,1722
1118,43,952,53,852,72,1739
1119,45,930,58,865,72,1719
1120,52,944,62,859,82,1734
1121,40,965,40,838,77,1730
1122,38,926,49,854,75,1787
1123,47,900,62,838,79,1771
1124,57,894,63,824,85,1747
1125,50,902,65,814,72,1799
1126,56,892,58,821,83,1736
1127,49,855,52,827,66,1688
1128,56,827,76,795,60,1660
1129,51,797,63,758,63,1677
1130,40,814,51,755,56,1719
1131,60,781,61,772,56,1658
1132,64,807,58,793,39,1715
1133,53,799,55,773,45,1703
1134,60,813,63,804,45,1759
1135,53,830,54,784,59,1738
1136,47,875,64,795,47,1775
1137,45,816,57,790,59,1749
1138,55,828,75,802,59,1846
1139,56,796,71,776,55,1819
1140,57,870,62,806,58,1869
1141,67,908,81,818,62,1863
1142,64,869,81,839,63,1884
1143,58,890,73,826,85,1903
1144,97,910,84,842,82,1835
1145,68,990,70,885,63,1861
1146,52,1005,62,917,69,1832
1147,83,922,94,884,78,1959
1148,71,953,72,879,75,1964
1149,49,947,78,874,68,1952
1150,63,992,71,916,73,1950
1151,50,996,63,874,69,1952
1152,54,942,53,869,68,1979
1153,33,999,42,863,61,1953
1154,39,927,43,860,59,1898
1155,35,956,37,777,56,1962
1156,38,949,51,748,55,1899
1157,23,934,30,768,53,1847
1158,29,916,47,788,49,1824
1159,34,873,33,764,48,1747
1160,37,859,55,766,59,1845
1161,25,869,31,730,50,1871
1162,23,801,42,728,38,1733
1163,13,809,24,708,44,1748
1164,40,763,49,762,36,1623
1165,31,804,40,729,56,1662
1166,45,808,37,719,49,1636
1167,25,792,24,705,45,1605
1168,26,776,23,736,41,1654
1169,27,810,20,715,45,1627
1170,24,827,27,768,50,1660
1171,25,835,36,747,59,1616
1172,26,832,20,782,49,1627
1173,29,859,40,792,58,1672
1174,33,827,30,849,61,1674
1175,43,862,49,842,52,1728
1176,34,904,21,819,57,1721
1177,28,891,37,832,51,1744
1178,27,893,41,805,53,1737
1179,36,852,44,807,57,1788
1180,25,869,23,831,52,1787
1181,39,893,35,791,54,1806
1182,32,862,36,779,59,1828
1183,40,886,41,767,54,1828
1184,26,859,27,776,56,1834
1185,31,921,35,817,46,1829
1186,39,960,41,850,54,1766
1187,38,945,42,853,63,1855
1188,49,946,41,874,59,1897
1189,35,963,40,869,59,1800
1190,33,933,29,861,51,1871
1191,27,930,39,829,61,1907
1192,61,926,68,856,76,1891
1193,44,926,38,814,58,1903
1194,41,909,38,798,64,1888
1195,40,958,38,773,59,1889
1196,39,906,36,786,55,1837
1197,32,950,38,783,57,1773
1198,23,881,32,749,62,1784
1199,22,872,10,718,60,1763
1200,15,783,37,730,37,1673
1201,24,805,41,697,42,1690
1202,12,782,24,679,42,1624
1203,26,808,26,626,51,1616
1204,12,850,16,653,42,1625
1205,16,790,22,637,42,1647
1206,26,828,17,634,45,1715
1207,15,876,14,621,42,1665
1208,10,872,13,658,30,1756
1209,6,863,18,651,29,1696
1210,23,868,27,638,36,1789
1211,18,883,19,654,30,1688
1212,14,895,15,655,37,1698
1213,14,905,26,634,37,1677
1214,15,888,9,629,32,1689
1215,12,860,11,615,33,1645
1216,33,830,29,611,37,1666
1217,17,766,29,620,30,1684
1218,16,838,24,615,35,1666
1219,17,825,29,621,36,1692
1220,12,749,17,638,43,1731
1221,16,774,18,646,34,1676
1222,12,771,23,679,41,1717
1223,19,818,23,680,36,1647
1224,11,844,21,725,38,1749
1225,16,855,27,717,42,1732
1226,29,811,20,736,44,1775
1227,13,872,17,731,30,1785
1228,23,878,14,710,29,1839
1229,23,874,19,745,41,1821
1230,19,823,29,752,41,1763
1231,14,848,15,719,36,1759
1232,21,828,28,726,37,1699
1233,40,833,43,725,42,1673
1234,18,831,18,716,36,1686
1235,12,852,13,686,21,1642
1236,13,821,11,698,31,1687
1237,6,867,10,704,31,1621
1238,16,852,12,725,33,1633
1239,8,815,10,717,33,1603
1240,18,841,18,728,39,1609
1241,21,778,22,731,40,1531
1242,35,824,36,768,42,1532
1243,41,821,48,757,53,1560
1244,11,828,11,754,34,1527
1245,35,825,43,778,38,1590
1246,8,795,8,761,48,1633
1247,22,835,33,740,68,1671
1248,51,848,49,722,59,1691
1249,30,849,56,771,41,1715
1250,25,841,22,762,37,1692
1251,28,857,35,785,53,1708
1252,22,873,24,811,37,1708
1253,20,890,16,840,41,1745
1254,24,869,22,835,41,1692
1255,22,835,30,848,46,1661
1256,24,849,19,837,38,1772
1257,40,881,34,853,44,1682
1258,21,865,21,824,49,1774
1259,26,878,18,836,60,1729
1260,25,866,21,827,54,1840
1261,19,843,22,788,64,1776
1262,26,874,27,812,49,1817
1263,20,847,15,777,42,1744
1264,20,864,34,777,40,1783
1265,25,880,41,766,52,1818
1266,30,914,33,810,62,1854
1267,18,895,27,806,55,1874
1268,32,911,29,788,52,1918
1269,8,890,9,798,44,1881
1270,11,881,10,807,61,1844
1271,14,870,15,785,53,1844
1272,19,834,18,813,46,1793
1273,13,848,23,819,46,1783
1274,15,843,16,817,51,1710
1275,9,892,11,808,48,1808
1276,13,866,11,797,44,1756
1277,14,879,17,823,38,1793
1278,6,835,16,835,46,1745
1279,12,883,12,834,33,1823
1280,15,894,6,854,33,1940
1281,12,923,15,803,35,1858
1282,16,898,8,840,45,1940
1283,10,934,9,796,29,1859
1284,19,931,17,805,31,1916
1285,10,960,7,837,30,1862
1286,13,943,15,857,32,1959
1287,7,941,5,868,25,1898
1288,27,987,31,817,39,1838
1289,11,971,8,833,27,1884
1290,23,1032,35,836,25,1751
1291,14,993,29,821,35,1751
1292,11,920,14,851,26,1784
1293,12,962,18,847,23,1706
1294,14,892,13,841,21,1689
1295,17,926,16,791,28,1622
1296,17,895,16,791,23,1748
1297,15,851,18,765,25,1637
1298,15,878,9,767,21,1786
1299,36,897,33,759,28,1659
1300,20,840,16,774,22,1608
1301,12,777,30,754,35,1581
1302,12,852,9,777,30,1575
1303,14,884,16,789,31,1573
1304,8,887,11,780,25,1525
1305,13,833,17,772,40,1548
1306,14,876,15,792,27,1564
1307,12,818,18,754,27,1426
1308,17,819,17,719,34,1490
1309,19,771,24,722,33,1440
1310,10,765,24,710,39,1547
1311,11,727,20,719,27,1534
1312,16,777,12,726,26,1366
1313,13,797,16,729,26,1399
1314,10,807,14,761,30,1292
1315,26,804,26,748,31,1332
1316,24,841,20,760,27,1261
1317,31,799,23,798,33,1324
1318,18,800,12,820,22,1198
1319,18,779,10,764,24,1259
1320,14,775,17,734,8,1229
1321,35,745,36,692,26,1270
1322,30,780,32,703,26,1272
1323,12,803,9,672,23,1178
1324,6,815,16,739,33,1227
1325,24,818,31,689,21,1203
1326,30,815,30,723,24,1277
1327,8,855,20,727,26,1260
1328,18,825,29,715,36,1318
1329,18,856,10,703,24,1340
1330,17,853,15,722,32,1333
1331,11,853,9,755,25,1378
1332,19,842,18,743,27,1365
1333,22,858,17,788,26,1352
1334,19,843,20,782,37,1389
1335,30,835,46,749,24,1409
1336,23,838,45,727,40,1399
1337,14,796,16,724,35,1388
1338,39,785,37,679,27,1366
1339,39,774,32,634,37,1363
1340,16,762,15,649,28,1389
1341,21,756,29,624,37,1372
1342,14,756,16,634,40,1385
1343,17,740,33,646,59,1355
1344,11,747,23,654,41,1350
1345,17,736,14,632,50,1351
1346,14,751,20,645,42,1373
1347,32,756,31,637,35,1341
1348,33,755,36,650,41,1382
1349,22,740,29,626,27,1408
1350,22,714,29,630,47,1431
1351,12,748,19,602,36,1437
1352,30,746,24,611,29,1435
1353,27,749,48,621,36,1381
1354,17,754,23,672,51,1312
1355,33,775,37,722,41,1376
1356,34,775,28,736,36,1413
1357,25,763,24,767,35,1381
1358,17,803,25,759,44,1428
1359,21,803,17,748,48,1400
1360,20,835,15,710,47,1442
1361,30,839,28,722,63,1462
1362,18,845,10,747,51,1447
1363,20,866,23,703,32,1438
1364,23,887,21,751,48,1391
1365,20,884,23,773,40,1366
1366,15,897,20,791,42,1455
1367,26,931,25,801,56,1434
1368,17,942,26,840,38,1434
1369,24,917,29,830,43,1409
1370,25,919,36,816,47,1448
1371,11,913,14,816,48,1422
1372,40,952,42,816,55,1420
1373,39,925,41,819,54,1498
1374,21,924,36,822,60,1463
1375,18,901,26,802,69,1435
1376,31,918,27,784,50,1506
1377,23,910,19,755,55,1487
1378,27,899,33,779,77,1490
1379,27,840,18,789,54,1453
1380,21,827,22,729,43,1471
1381,13,840,9,748,40,1362
1382,11,789,30,692,65,1308
1383,21,762,18,656,71,1336
1384,15,727,18,636,59,1345
1385,19,723,11,641,55,1199
1386,19,714,19,594,66,1294
1387,30,759,26,616,76,1188
1388,24,772,26,620,68,1270
1389,15,776,15,662,51,1229
1390,22,785,23,687,71,1174
1391,36,815,23,693,54,1234
1392,20,823,27,707,44,1202
1393,30,845,26,742,82,1187
1394,13,830,28,773,60,1210
1395,25,846,35,780,71,1154
1396,22,897,30,784,82,1190
1397,34,880,39,774,74,1185
1398,25,876,36,777,53,1155
1399,22,864,25,797,42,1221
1400,27,837,40,816,61,1177
1401,29,847,33,769,44,1201
1402,30,891,28,852,40,1214
1403,16,861,29,819,46,1246
1404,21,940,29,830,44,1208
1405,25,882,26,859,61,1267
1406,14,903,16,809,52,1264
1407,26,919,23,803,41,1304
1408,19,891,19,798,54,1313
1409,21,916,35,807,49,1307
1410,21,921,20,875,57,1260
1411,23,936,36,840,44,1287
1412,22,894,22,841,45,1324
1413,17,936,28,876,47,1352
1414,13,925,17,832,36,1372
1415,22,909,25,840,33,1276
1416,28,945,24,833,30,1310
1417,28,898,20,840,45,1283
1418,20,840,21,850,42,1206
1419,34,899,31,866,44,1247
1420,13,874,31,821,46,1147
1421,20,862,38,824,40,1182
1422,28,881,29,826,31,1157
1423,10,823,19,780,27,1125
1424,13,873,17,794,38,1111
1425,20,870,16,814,38,1121
1426,16,835,21,788,49,1118
1427,21,841,23,806,46,1104
1428,9,815,25,784,35,1005
1429,10,789,17,743,58,930
1430,19,801,9,744,45,900
1431,10,793,11,722,37,865
1432,16,843,14,763,44,967
1433,20,824,12,730,38,956
1434,15,808,13,746,47,963
1435,21,831,40,805,53,1021
1436,14,853,17,803,55,992
1437,23,892,30,833,57,1002
1438,21,865,21,855,56,1051
1439,15,878,23,835,57,1036
1440,21,882,22,878,61,1076
1441,24,855,25,834,63,1130
1442,21,920,18,836,53,1178
1443,18,898,13,838,59,1200
1444,19,934,18,818,46,1242
1445,26,909,28,832,57,1327
1446,28,901,27,813,68,1243
1447,35,905,27,794,67,1290
1448,13,883,16,778,42,1337
1449,21,844,13,747,43,1343
1450,14,811,15,734,41,1289
1451,24,802,20,710,37,1368
1452,17,763,24,675,33,1279
1453,12,799,22,680,38,1301
1454,19,770,23,658,37,1255
1455,10,735,18,634,25,1254
1456,21,750,21,607,33,1205
1457,32,729,26,613,23,1224
1458,31,735,42,617,42,1160
1459,27,706,31,630,33,1196
1460,33,725,32,635,38,1142
1461,31,717,35,642,40,1197
1462,32,709,40,628,39,1148
1463,35,708,45,636,51,1263
1464,34,722,40,631,47,1283
1465,43,722,54,633,54,1245
1466,40,705,57,627,43,1232
1467,25,712,51,628,53,1262
1468,34,726,43,593,45,1180
1469,29,748,43,640,43,1197
1470,29,726,37,582,43,1166
1471,21,678,26,553,36,1196
1472,18,697,16,579,39,1105
1473,16,721,11,560,28,1097
1474,21,709,24,568,27,1247
1475,17,727,18,552,25,1314
1476,20,705,30,599,33,1357
1477,14,725,12,577,30,1401
1478,17,702,31,588,37,1419
1479,21,745,33,610,32,1386
1480,21,750,20,618,29,1342
1481,20,733,15,605,33,1383
1482,20,767,21,600,35,1336
1483,26,757,26,586,28,1344
1484,29,760,27,607,42,1314
1485,30,722,30,615,30,1314
1486,25,734,29,645,48,1260
1487,19,723,30,642,35,1289
1488,27,719,40,670,29,1272
1489,20,719,36,645,39,1325
1490,21,770,37,646,52,1332
1491,18,759,34,644,37,1350
1492,16,783,38,650,41,1402
1493,26,762,49,675,60,1363
1494,27,757,43,678,48,1347
1495,21,785,37,675,46,1343
1496,34,763,42,695,58,1394
1497,22,756,39,696,43,1300
1498,37,740,36,694,56,1259
1499,42,753,40,671,50,1312
1500,33,768,40,656,54,1252
1501,37,745,50,689,53,1312
1502,36,755,47,664,64,1218
1503,29,775,50,719,64,1186
1504,35,758,53,727,51,1280
1505,33,783,37,706,71,1247
1506,35,732,36,701,73,1216
1507,31,748,45,720,57,1223
1508,40,768,50,714,49,1224
1509,32,752,49,707,57,1146
1510,41,776,44,730,63,1238
1511,35,752,45,729,61,1235
1512,30,758,39,731,58,1288
1513,28,764,51,717,80,1193
1514,32,767,38,719,56,1233
1515,39,726,55,712,69,1227
1516,37,737,43,722,53,1258
1517,34,700,42,699,81,1235
1518,41,714,52,716,75,1252
1519,39,700,49,702,71,1297
1520,37,735,50,720,71,1257
1521,40,735,46,744,83,1275
1522,25,724,41,728,66,1326
1523,25,774,40,716,64,1356
1524,34,766,46,726,61,1349
1525,37,779,44,721,71,1357
1526,35,792,36,752,74,1392
1527,38,801,59,759,75,1452
1528,37,802,46,768,78,1497
1529,38,818,43,750,65,1429
1530,44,809,63,801,82,1524
1531,43,808,64,781,80,1540
1532,42,850,54,787,72,1553
1533,39,841,64,795,77,1565
1534,42,914,54,811,75,1565
1535,44,963,54,812,88,1585
1536,31,961,48,805,81,1587
1537,29,983,34,826,92,1624
1538,62,974,59,798,83,1648
1539,30,972,42,844,72,1669
1540,49,981,52,872,65,1734
1541,44,1040,57,913,79,1730
1542,50,1011,60,914,98,1802
1543,47,1052,47,937,99,1776
1544,50,1105,53,955,96,1788
1545,31,1093,40,966,84,1825
1546,30,1071,45,956,80,1800
1547,34,1046,52,973,100,1847
1548,33,1069,60,968,99,1845
1549,35,1069,45,1006,78,1788
1550,50,1083,56,1017,85,1747
1551,47,1054,41,979,63,1770
1552,51,1061,46,947,73,1694
1553,33,1035,50,919,92,1716
1554,40,993,49,953,102,1715
1555,38,1016,50,946,88,1721
1556,38,1038,54,940,101,1682
1557,57,1041,60,875,103,1572
1558,53,1034,57,896,104,1628
1559,42,992,43,883,102,1559
1560,53,999,56,921,94,1624
1561,38,1006,47,885,78,1654
1562,36,966,42,869,66,1580
1563,31,918,48,844,67,1561
1564,24,957,40,822,71,1542
1565,25,925,39,818,75,1574
1566,32,895,39,823,79,1583
1567,23,905,38,802,69,1550
1568,27,935,44,853,69,1548
1569,31,920,39,852,70,1431
1570,27,917,40,861,60,1525
1571,31,919,42,836,70,1451
1572,48,906,48,874,77,1498
1573,42,916,38,878,87,1490
1574,48,897,44,864,69,1455
1575,39,900,34,855,73,1534
1576,34,891,40,831,85,1480
1577,33,928,47,833,75,1432
1578,24,938,43,823,76,1447
1579,33,897,38,803,91,1496
1580,31,934,35,804,80,1560
1581,25,883,34,795,77,1532
1582,36,895,52,779,79,1501
1583,42,897,57,819,83,1492
1584,32,897,41,798,68,1537
1585,28,902,28,827,59,1555
1586,30,878,42,804,64,1565
1587,43,838,49,790,78,1535
1588,34,814,44,741,53,1509
1589,40,829,49,751,82,1466
1590,37,799,50,734,52,1558
1591,15,798,27,694,63,1574
1592,27,795,41,679,60,1510
1593,20,789,27,685,49,1440
1594,26,766,28,681,61,1467
1595,40,768,35,726,78,1470
1596,40,802,55,709,77,1388
1597,32,814,43,785,70,1421
1598,30,826,39,797,44,1465
1599,33,837,40,786,69,1496
1600,37,883,50,811,63,1443
1601,39,856,46,802,52,1459
1602,33,886,45,777,47,1419
1603,34,858,43,742,58,1450
1604,31,841,39,728,61,1431
1605,41,847,37,749,49,1374
1606,25,835,42,734,50,1329
1607,38,849,46,710,54,1319
1608,31,857,49,755,55,1304
1609,40,845,50,758,60,1288
1610,35,872,44,737,57,1223
1611,21,820,41,740,69,1268
1612,34,834,36,734,73,1234
1613,19,812,34,702,50,1227
1614,45,849,54,795,62,1115
1615,43,848,43,769,48,1157
1616,41,850,43,773,47,1129
1617,33,859,55,760,68,1211
1618,37,848,51,766,54,1258
1619,23,891,42,744,43,1244
1620,31,883,36,726,48,1285
1621,22,930,31,724,47,1246
1622,31,908,40,723,58,1322
1623,34,891,45,727,53,1272
1624,50,942,51,734,63,1333
1625,47,967,35,765,59,1321
1626,58,931,54,767,52,1350
1627,21,917,40,780,55,1377
1628,33,875,38,757,49,1330
1629,58,894,72,772,69,1315
1630,53,906,60,751,54,1269
1631,45,919,61,771,74,1262
1632,62,940,54,756,63,1326
1633,60,922,81,755,59,1240
1634,50,949,73,777,57,1234
1635,68,948,76,816,50,1236
1636,50,966,69,826,57,1284
1637,47,962,70,856,56,1199
1638,54,982,68,881,65,1248
1639,53,928,59,899,81,1227
1640,40,953,64,901,65,1338
1641,46,977,53,917,62,1333
1642,32,964,53,919,66,1355
1643,33,1001,43,951,59,1354
1644,45,1024,55,969,64,1423
1645,36,1035,47,984,71,1480
1646,42,1000,52,945,70,1512
1647,43,1052,45,966,68,1472
1648,43,1060,57,1005,87,1547
1649,30,1047,44,941,54,1611
1650,26,1062,42,975,76,1603
1651,25,1087,34,964,61,1469
1652,42,1101,43,972,60,1454
1653,34,1098,41,986,63,1437
1654,25,1051,42,1000,82,1470
1655,32,1066,44,1028,72,1491
1656,36,1071,36,1043,69,1460
1657,27,1134,42,1088,70,1494
1658,31,1113,47,1093,85,1501
1659,28,1150,30,1072,67,1526
1660,34,1145,43,1100,70,1454
1661,31,1164,51,1108,71,1541
1662,46,1164,52,1124,69,1465
1663,49,1174,59,1124,77,1515
1664,42,1143,58,1076,73,1603
1665,36,1145,52,1076,64,1642
1666,33,1125,39,1103,69,1700
1667,36,1101,62,1049,76,1677
1668,37,1089,42,1065,66,1745
1669,34,1079,67,1047,77,1750
1670,44,1085,60,1081,75,1716
1671,44,1051,62,1060,81,1676
1672,30,1063,59,1062,72,1733
1673,37,1083,43,1049,73,1735
1674,42,1071,51,997,82,1747
1675,42,1100,47,982,92,1712
1676,45,1126,50,1013,82,1650
1677,44,1127,57,1020,81,1656
1678,30,1154,56,1010,82,1679
1679,30,1114,43,988,73,1690
1680,32,1090,61,957,66,1661
1681,23,1045,36,963,78,1703
1682,25,1030,41,960,62,1614
1683,32,1054,46,951,82,1657
1684,26,1074,36,986,63,1670
1685,28,1070,35,1013,60,1699
1686,25,1028,53,1012,74,1704
1687,28,1075,59,1041,72,1727
1688,34,1061,44,1033,75,1731
1689,33,1096,55,1021,66,1684
1690,33,1063,51,991,65,1660
1691,50,1067,76,1002,80,1695
1692,24,1076,48,992,74,1652
1693,38,1072,52,978,82,1671
1694,40,1043,48,968,80,1707
1695,27,1026,48,974,79,1642
1696,30,1020,44,949,77,1724
1697,31,1050,48,992,71,1780
1698,29,1075,61,979,78,1795
1699,47,1099,53,1013,62,1801
1700,38,1112,61,1014,77,1825
1701,49,1112,87,1007,84,1797
1702,46,1123,68,984,101,1780
1703,45,1142,61,979,67,1825
1704,46,1162,66,994,94,1830
1705,31,1150,61,1010,75,1847
1706,54,1172,55,1047,74,1784
1707,47,1130,65,1038,86,1852
1708,48,1123,54,1002,79,1772
1709,39,1103,45,1040,67,1786
1710,39,1098,54,1020,76,1758
1711,43,1077,50,1053,76,1807
1712,55,1129,62,1072,82,1785
1713,48,1142,53,1045,83,1711
1714,59,1169,68,1063,70,1796
1715,57,1128,64,1087,56,1859
1716,34,1213,51,1098,50,1750
1717,57,1147,61,1078,72,1811
1718,44,1235,47,1101,69,1784
1719,42,1227,60,1126,71,1809
1720,60,1273,58,1184,80,1718
1721,41,1271,61,1198,60,1777
1722,48,1275,58,1168,73,1784
1723,52,1236,60,1132,64,1766
1724,45,1245,66,1158,61,1747
1725,41,1227,70,1131,59,1680
1726,55,1260,90,1175,85,1635
1727,60,1247,72,1152,70,1618
1728,61,1248,89,1125,92,1616
1729,49,1225,75,1118,92,1615
1730,53,1321,79,1132,88,1628
1731,71,1292,91,1121,88,1609
1732,52,1282,80,1135,91,1632
1733,61,1267,84,1121,88,1629
1734,64,1264,67,1144,84,1593
1735,46,1255,85,1119,72,1596
1736,47,1230,82,1144,65,1612
1737,38,1254,63,1127,66,1602
1738,38,1196,63,1119,68,1627
1739,48,1202,56,1057,65,1577
1740,46,1151,58,1067,77,1570
1741,49,1102,73,996,71,1482
1742,45,995,64,999,57,1544
1743,48,1029,63,1010,84,1530
1744,51,982,58,908,83,1516
1745,45,952,63,885,70,1431
1746,58,949,71,904,64,1469
1747,46,913,55,888,63,1438
1748,38,935,55,863,61,1400
1749,39,904,52,850,68,1396
1750,32,965,48,858,64,1376
1751,37,901,70,853,72,1396
1752,28,933,63,879,70,1428
1753,32,905,59,865,60,1467
1754,47,927,77,861,78,1523
1755,33,912,62,854,62,1529
1756,30,951,57,885,81,1501
1757,29,955,54,885,75,1526
1758,32,962,54,919,73,1529
1759,36,970,50,908,75,1546
1760,44,956,56,922,80,1581
1761,37,945,52,917,76,1604
1762,50,935,63,918,74,1624
1763,34,932,60,953,72,1626
1764,61,973,76,920,76,1664
1765,34,1005,57,916,61,1706
1766,43,974,55,886,76,1742
1767,46,955,60,893,73,1658
1768,38,930,44,857,57,1735
1769,38,938,34,873,58,1746
1770,45,945,44,842,56,1743
1771,28,927,45,852,56,1727
1772,37,936,41,819,48,1736
1773,30,915,43,842,58,1746
1774,29,889,56,846,55,1661
1775,27,815,50,829,50,1743
1776,25,810,41,766,59,1713
1777,31,764,37,733,50,1717
1778,30,773,33,718,61,1698
1779,28,732,40,724,56,1656
1780,35,727,33,684,43,1622
1781,37,733,43,683,47,1642
1782,24,703,41,682,51,1677
1783,34,694,44,681,49,1663
1784,39,700,38,671,75,1641
1785,35,714,36,675,68,1688
1786,38,739,45,678,60,1667
1787,34,711,32,680,60,1685
1788,23,736,33,653,50,1738
1789,33,748,35,670,72,1686
1790,35,764,34,644,86,1702
1791,42,741,28,659,72,1594
1792,32,779,35,670,55,1583
1793,36,741,44,678,63,1626
1794,36,768,28,710,53,1559
1795,33,726,33,667,57,1565
1796,31,695,38,654,54,1457
1797,31,666,33,628,46,1432
1798,31,691,42,631,69,1503
1799,27,694,42,651,70,1490
1800,34,752,42,617,72,1424
1801,25,714,37,605,54,1455
1802,27,679,35,580,62,1424
1803,31,676,31,581,55,1394
1804,27,661,33,585,58,1348
1805,39,633,29,584,61,1303
1806,43,650,37,600,44,1287
1807,34,661,28,608,66,1286
1808,25,615,35,621,59,1283
1809,21,633,27,604,55,1313
1810,30,629,32,588,66,1298
1811,33,648,33,596,63,1265
1812,24,641,29,595,62,1214
1813,38,654,50,601,75,1270
1814,30,660,50,618,67,1356
1815,38,670,53,610,95,1409
1816,35,708,31,630,59,1378
1817,30,686,33,617,75,1378
1818,42,677,59,579,75,1406
1819,24,684,29,591,73,1384
1820,27,656,34,573,56,1352
1821,31,672,30,567,65,1392
1822,20,682,36,575,63,1380
1823,27,686,34,571,69,1392
1824,31,685,18,562,54,1393
1825,28,690,43,572,80,1457
1826,28,715,38,571,62,1442
1827,33,716,33,606,67,1452
1828,37,717,38,624,80,1462
1829,35,717,36,626,58,1484
1830,36,751,40,619,67,1500
1831,43,729,67,609,80,1527
1832,39,743,44,610,62,1587
1833,29,728,39,629,78,1624
1834,36,727,57,637,78,1563
1835,35,717,39,630,74,1581
1836,33,696,43,672,70,1555
1837,32,722,32,679,64,1598
1838,25,756,37,686,50,1595
1839,29,746,35,696,50,1598
1840,35,761,62,693,84,1536
1841,48,794,71,692,67,1463
1842,35,718,51,674,63,1440
1843,29,717,37,659,65,1352
1844,14,696,20,606,35,1359
1845,13,683,28,578,41,1271
1846,14,674,34,612,25,1254
1847,18,692,34,603,22,1251
1848,12,652,29,604,31,1264
1849,30,640,32,572,24,1215
1850,12,644,24,576,21,1277
1851,8,665,20,586,33,1240
1852,17,686,33,572,36,1284
1853,9,713,22,580,31,1327
1854,27,722,37,591,45,1292
1855,15,705,22,601,44,1292
1856,27,698,35,597,52,1307
1857,18,687,21,597,47,1349
1858,18,706,20,623,47,1383
1859,25,700,52,646,60,1273
1860,23,716,32,629,53,1295
1861,35,707,35,614,58,1309
1862,33,705,28,610,49,1355
1863,24,698,38,621,51,1407
1864,30,682,48,619,56,1419
1865,30,697,53,613,51,1415
1866,19,674,22,587,49,1419
1867,11,638,22,567,32,1475
1868,27,663,56,583,49,1406
1869,19,651,31,592,50,1455
1870,17,643,38,570,45,1449
1871,20,639,32,562,31,1457
1872,15,584,34,583,45,1438
1873,30,594,41,609,43,1491
1874,26,577,31,559,57,1439
1875,11,607,30,578,63,1496
1876,16,601,33,579,58,1426
1877,25,625,38,562,68,1438
1878,18,628,29,573,54,1308
1879,25,623,32,604,63,1311
1880,33,645,55,598,59,1307
1881,22,628,44,600,56,1305
1882,18,635,45,613,55,1300
1883,18,648,36,612,59,1254
1884,17,631,34,608,39,1337
1885,13,629,27,623,46,1359
1886,19,616,26,646,63,1375
1887,17,643,29,665,60,1373
1888,18,672,23,649,48,1433
1889,15,668,33,629,63,1454
1890,24,665,33,587,50,1478
1891,27,683,37,598,69,1450
1892,36,686,61,575,57,1367
1893,30,723,41,531,54,1378
1894,26,693,47,547,59,1353
1895,26,696,58,578,56,1309
1896,24,665,46,559,45,1285
1897,30,648,44,548,46,1295
1898,29,664,37,565,63,1319
1899,36,670,43,550,56,1295
1900,26,674,40,566,42,1347
1901,35,672,62,545,53,1345
1902,15,618,42,547,33,1226
1903,26,632,42,516,38,1176
1904,19,594,38,528,36,1127
1905,19,652,35,515,40,1094
1906,24,625,32,517,44,1039
1907,40,621,37,531,36,1075
1908,29,605,32,518,53,1070
1909,23,606,31,476,40,1112
1910,42,597,38,498,52,1090
1911,39,591,57,499,49,1095
1912,29,609,25,499,39,1098
1913,40,591,43,494,52,1071
1914,49,608,46,500,49,1104
1915,34,615,35,486,43,1093
1916,32,612,32,494,43,1109
1917,42,646,34,502,36,1099
1918,29,638,35,516,27,1124
1919,49,601,58,512,52,1135
1920,43,650,33,519,35,1131
1921,42,641,42,533,37,1169
1922,33,610,49,528,35,1189
1923,36,687,48,544,37,1238
1924,29,657,46,537,34,1165
1925,28,723,40,562,34,1214
1926,35,698,59,584,40,1243
1927,43,658,59,581,68,1218
1928,58,675,65,603,50,1226
1929,57,678,70,614,60,1260
1930,55,692,67,614,62,1255
1931,55,742,68,647,54,1178
1932,68,700,83,646,90,1243
1933,62,723,83,682,64,1243
1934,66,753,58,672,69,1268
1935,66,771,81,687,71,1241
1936,61,766,72,694,63,1221
1937,56,788,67,704,63,1217
1938,76,777,72,786,63,1200
1939,72,781,79,784,69,1258
1940,73,748,81,788,64,1199
1941,79,797,79,798,67,1261
1942,49,806,77,817,58,1343
1943,53,766,72,777,66,1328
1944,49,844,69,814,55,1343
1945,65,853,81,789,58,1228
1946,60,815,78,811,58,1304
1947,66,854,76,837,51,1253
1948,72,905,76,848,58,1228
1949,59,777,84,832,60,1273
1950,65,840,77,849,55,1249
1951,75,808,69,825,55,1292
1952,58,795,71,850,57,1261
1953,63,828,78,848,48,1235
1954,51,835,80,882,57,1245
1955,72,861,90,877,72,1220
1956,73,843,84,833,76,1173
1957,69,845,78,833,72,1236
1958,78,829,100,870,81,1192
1959,77,786,84,864,84,1236
1960,71,798,94,830,75,1182
1961,79,822,88,866,74,1278
1962,84,823,100,882,89,1243
1963,86,842,102,866,101,1256
1964,94,816,115,865,101,1310
1965,86,837,115,845,92,1339
1966,76,831,100,822,107,1410
1967,71,869,109,849,88,1404
1968,91,840,116,821,98,1416
1969,82,869,123,852,106,1482
1970,96,900,102,866,111,1539
1971,107,910,144,887,106,1532
1972,89,889,94,871,92,1528
1973,86,876,105,834,106,1496
1974,80,896,117,813,107,1502
1975,94,839,114,817,125,1519
1976,85,854,102,854,112,1406
1977,78,795,116,852,110,1414
1978,73,815,124,893,83,1380
1979,70,855,112,871,83,1319
1980,89,810,115,875,92,1289
1981,79,841,112,859,84,1285
1982,84,873,120,896,104,1298
1983,84,854,111,848,87,1288
1984,79,848,115,868,86,1285
1985,77,844,117,919,91,1311
1986,77,871,127,908,79,1310
1987,77,872,117,904,95,1265
1988,78,894,111,910,79,1383
1989,79,929,124,902,83,1444
1990,78,907,116,926,94,1447
1991,98,902,115,917,89,1494
1992,88,982,122,967,86,1508
1993,93,947,134,928,91,1486
1994,88,961,112,924,89,1472
1995,79,927,111,944,90,1538
1996,77,968,118,956,94,1487
1997,84,940,126,961,86,1599
1998,93,975,120,1036,99,1580
1999,97,959,131,1016,104,1622
2000,90,1009,146,1024,116,1655
2001,75,957,124,1037,99,1585
2002,72,969,117,1049,115,1655
2003,77,955,125,1064,104,1644
2004,74,1023,111,1056,104,1697
2005,80,993,114,1050,102,1631
2006,60,1004,101,1072,80,1666
2007,54,1010,96,1004,85,1684
2008,64,1003,102,982,95,1700
2009,56,938,95,950,105,1718
2010,60,940,84,996,68,1699
2011,47,899,86,984,87,1674
2012,52,919,93,991,91,1761
2013,46,956,100,993,83,1706
2014,45,925,95,1018,100,1701
2015,50,927,89,962,92,1576
2016,57,885,89,943,111,1585
2017,48,905,75,969,94,1539
2018,53,930,86,950,91,1578
2019,64,960,87,984,82,1586
2020,55,924,96,988,87,1570
2021,59,979,94,1001,90,1569
2022,60,968,73,956,105,1598
2023,56,997,76,956,88,1520
2024,59,975,103,1036,91,1548
2025,73,1016,87,1038,95,1566
2026,65,986,93,1045,105,1625
2027,76,995,94,1049,99,1642
2028,63,965,80,1034,100,1776
2029,56,1005,83,1041,90,1772
2030,55,1039,82,1056,84,1804
2031,53,973,70,1057,105,1764
2032,67,1006,82,997,106,1851
2033,52,961,78,1019,85,1812
2034,49,987,72,1012,95,1832
2035,49,977,85,1056,72,1897
2036,40,1017,85,1062,84,1841
2037,68,1060,73,1086,105,1883
2038,57,1084,90,1123,86,1825
2039,59,1050,82,1109,95,1906
2040,55,1094,84,1138,86,1946
2041,62,1053,87,1096,95,1877
2042,72,1075,98,1106,91,1807
2043,79,1058,107,1122,81,1847
2044,78,1072,95,1070,87,1873
2045,73,1043,104,1060,58,1893
2046,81,991,99,1078,88,1851
2047,77,1010,112,1064,93,1902
2048,69,1014,115,1072,73,1882
2049,83,1004,114,1065,75,1863
2050,79,1035,122,1090,83,1884
2051,75,1015,105,1042,79,1849
2052,85,1074,100,1074,75,1887
2053,86,1047,102,1080,62,1831
2054,76,1014,106,1031,82,1902
2055,75,1021,93,1045,75,1862
2056,78,1009,83,1021,64,1851
2057,69,956,102,1020,78,1839
2058,73,962,83,1064,68,1816
2059,65,981,90,1024,89,1808
2060,53,936,90,1008,65,1770
2061,54,992,88,1008,74,1736
2062,60,950,99,989,60,1793
2063,67,971,97,986,65,1746
2064,68,994,99,1015,76,1702
2065,66,1020,95,972,56,1768
2066,60,1045,100,967,67,1774
2067,76,1076,96,970,86,1812
2068,69,1038,83,992,74,1760
2069,77,1036,86,973,81,1833
2070,72,1031,95,975,72,1771
2071,85,1014,106,970,79,1855
2072,73,1077,96,967,81,1780
2073,77,1024,109,1009,74,1866
2074,58,1106,97,978,73,1782
2075,62,1079,107,1014,86,1813
2076,61,1106,97,1002,74,1851
2077,50,1082,100,1014,68,1828
2078,67,1029,114,1004,80,1799
2079,70,1074,98,1049,92,1806
2080,57,1054,103,1025,82,1740
2081,85,1011,124,1028,106,1749
2082,78,1027,106,1024,100,1705
2083,68,1047,100,1030,111,1774
2084,69,1046,107,1042,95,1804
2085,80,1035,109,1079,79,1740
2086,76,1077,101,1047,91,1785
2087,74,1089,116,1051,84,1734
2088,74,1058,108,1025,106,1725
2089,75,1062,103,985,93,1716
2090,93,1053,118,941,109,1651
2091,76,1065,116,960,96,1573
2092,85,983,102,930,99,1555
2093,82,1018,92,899,115,1451
2094,70,949,78,897,81,1446
2095,64,974,85,881,97,1450
2096,50,921,88,885,90,1413
2097,66,901,112,862,104,1318
2098,69,918,89,877,100,1337
2099,63,922,75,878,86,1286
2100,52,916,98,874,96,1350
2101,61,958,95,915,110,1308
2102,72,900,84,917,98,1407
2103,67,960,96,913,127,1374
2104,70,967,99,920,120,1439
2105,72,926,107,914,97,1510
2106,74,980,104,925,94,1513
2107,70,982,78,932,105,1492
2108,68,990,97,929,101,1413
2109,68,954,87,925,129,1447
2110,60,976,87,926,87,1416
2111,50,938,87,972,95,1434
2112,50,951,70,957,87,1465
2113,60,941,58,948,95,1483
2114,59,941,64,965,97,1517
2115,62,931,76,946,82,1410
2116,45,902,71,933,84,1397
2117,49,933,59,892,77,1325
2118,50,903,57,882,77,1285
2119,54,876,72,861,75,1190
2120,52,869,70,868,62,1183
2121,46,792,62,846,73,1137
2122,51,793,63,818,63,1146
2123,49,757,70,846,69,1085
2124,44,753,64,794,66,1186
2125,53,726,64,760,63,1147
2126,36,724,67,815,65,1229
2127,40,726,62,776,67,1241
2128,43,751,57,796,81,1299
2129,43,771,72,859,74,1305
2130,39,758,70,890,63,1324
2131,41,825,68,829,69,1366
2132,55,806,70,838,61,1319
2133,47,767,70,743,67,1344
2134,57,778,70,767,78,1353
2135,47,711,73,740,76,1412
2136,47,731,69,832,88,1413
2137,54,745,67,844,79,1385
2138,63,749,72,855,67,1455
2139,58,763,60,819,82,1450
2140,64,758,61,857,100,1383
2141,51,695,61,855,79,1387
2142,55,713,72,805,85,1371
2143,51,709,81,800,91,1408
2144,56,723,72,803,100,1339
2145,40,743,65,798,90,1345
2146,42,749,84,852,64,1288
2147,52,796,84,879,78,1298
2148,46,804,82,911,88,1279
2149,58,805,86,899,88,1261
2150,54,834,83,907,86,1271
2151,59,894,72,913,81,1238
2152,63,880,84,912,81,1293
2153,60,908,90,910,98,1236
2154,52,910,84,942,66,1243
2155,56,936,72,940,79,1281
2156,60,967,77,983,74,1350
2157,62,981,100,992,67,1361
2158,54,985,75,1032,61,1409
2159,38,1006,79,1017,69,1465
2160,42,1034,82,1051,70,1511
2161,35,1076,68,1042,73,1467
2162,31,1069,69,1057,79,1495
2163,43,1077,77,1030,92,1463
2164,30,1057,68,1058,64,1458
2165,39,1046,65,1008,59,1441
2166,30,994,64,993,73,1505
2167,39,1008,70,978,66,1461
2168,52,944,65,942,68,1446
2169,42,912,68,861,67,1359
2170,43,859,77,876,88,1397
2171,28,810,64,852,64,1281
2172,47,797,74,851,81,1317
2173,44,781,79,860,63,1312
2174,53,773,83,873,71,1165
2175,41,863,74,902,72,1226
2176,61,848,91,904,76,1174
2177,65,878,78,930,59,1121
2178,58,898,88,944,64,1102
2179,66,900,80,965,68,1113
2180,67,930,85,914,63,1178
2181,72,957,88,912,68,1188
2182,68,908,80,901,63,1251
2183,60,855,81,945,57,1216
2184,64,882,82,983,66,1233
2185,65,874,85,963,72,1270
2186,67,887,78,950,68,1287
2187,63,872,67,918,57,1317
2188,74,930,68,929,62,1282
2189,59,887,73,946,68,1299
2190,60,955,67,934,65,1300
2191,58,949,70,940,72,1309
2192,47,937,65,977,67,1298
2193,53,976,58,953,66,1295
2194,53,1032,60,965,75,1285
2195,54,986,51,939,70,1258
2196,32,910,50,901,64,1255
2197,33,887,47,864,52,1217
2198,31,877,56,825,48,1181
2199,31,837,45,784,43,1098
2200,28,859,40,839,45,1085
2201,37,814,47,844,53,1119
2202,31,866,53,821,54,1116
2203,34,867,38,816,50,1017
2204,25,849,32,820,55,1055
2205,33,826,38,820,64,985
2206,26,849,38,784,51,1004
2207,38,845,51,743,44,1030
2208,39,844,48,736,58,949
2209,36,806,41,716,53,972
2210,38,828,53,735,75,975
2211,50,823,39,695,60,925
2212,36,811,49,728,50,987
2213,44,809,52,757,72,979
2214,34,784,45,729,53,970
2215,38,792,45,782,56,1030
2216,38,787,36,806,60,1037
2217,40,788,48,828,57,1067
2218,34,804,47,841,64,1087
2219,33,827,49,864,65,1068
2220,34,842,40,843,55,1086
2221,39,876,46,868,69,1069
2222,39,859,40,833,71,1090
2223,39,873,46,889,68,1098
2224,62,877,49,873,70,1121
2225,39,843,41,822,62,1062
2226,35,880,45,854,42,1045
2227,37,874,34,814,46,997
2228,26,829,37,848,50,989
2229,43,856,38,853,71,1005
2230,34,884,32,836,52,945
2231,31,856,37,823,63,1004
2232,37,855,36,815,78,1036
2233,32,847,33,865,83,1062
2234,41,867,40,847,66,1057
2235,41,872,40,848,67,1053
2236,38,856,40,901,59,1012
2237,47,890,40,931,73,1017
2238,37,900,42,917,87,971
2239,65,906,51,884,67,990
2240,43,942,34,863,64,988
2241,40,903,25,832,57,941
2242,30,885,35,870,62,908
2243,21,885,26,841,34,973
2244,24,890,48,840,45,929
2245,37,888,46,835,44,941
2246,23,898,32,835,31,916
2247,20,865,30,855,42,926
2248,25,880,29,889,41,902
2249,27,881,31,877,38,960
2250,27,880,36,871,55,902
2251,26,913,22,831,38,947
2252,18,874,28,869,58,972
2253,19,873,27,861,47,947
2254,18,870,17,790,30,882
2255,18,818,22,802,37,894
2256,13,837,17,824,23,916
2257,14,866,9,841,28,912
2258,18,826,21,809,34,925
2259,15,799,19,790,29,919
2260,11,780,17,780,24,881
2261,15,734,12,767,25,908
2262,13,762,14,778,25,881
2263,14,737,16,780,29,843
2264,11,729,13,775,18,875
2265,19,719,20,782,40,869
2266,13,648,24,788,21,849
2267,25,649,16,781,20,837
2268,23,623,14,766,20,762
2269,25,652,22,734,17,793
2270,33,650,23,742,25,779
2271,13,615,18,751,14,775
2272,14,642,13,739,20,767
2273,21,610,17,725,13,799
2274,14,592,12,740,14,843
2275,8,599,13,755,16,765
2276,25,610,20,770,31,819
2277,7,644,13,729,21,819
2278,13,608,23,731,16,872
2279,19,645,15,761,22,861
2280,17,644,3,766,28,903
2281,12,662,12,791,22,887
2282,14,665,16,798,24,879
2283,20,654,11,776,25,913
2284,12,710,5,826,20,894
2285,8,690,10,800,23,903
2286,19,734,13,830,26,899
2287,23,724,15,800,37,832
2288,13,690,18,764,37,820
2289,19,720,23,776,44,789
2290,13,660,19,778,46,843
2291,8,742,18,801,41,896
2292,10,728,14,897,37,935
2293,13,776,17,918,49,914
2294,14,767,13,921,36,942
2295,5,796,14,925,47,958
2296,13,819,15,974,43,954
2297,19,807,16,1031,46,930
2298,21,830,15,992,34,977
2299,28,854,18,984,35,971
2300,21,805,16,1020,25,1031
2301,16,903,11,1048,35,1179
2302,21,928,15,1123,43,1180
2303,16,880,26,1143,47,1219
2304,27,960,27,1173,51,1149
2305,15,931,17,1159,52,1180
2306,11,988,31,1240,42,1184
2307,19,1008,14,1210,31,1221
2308,16,1015,14,1190,31,1238
2309,26,1042,29,1212,33,1203
2310,20,1066,13,1264,41,1333
2311,17,1075,12,1236,36,1367
2312,30,1092,31,1262,52,1425
2313,22,1065,26,1293,34,1474
2314,15,1098,20,1338,29,1556
2315,25,1079,27,1321,24,1567
2316,36,1131,23,1350,33,1487
2317,28,1127,21,1372,29,1493
2318,17,1174,20,1415,31,1521
2319,41,1153,22,1389,38,1530
2320,17,1124,10,1280,33,1531
2321,20,1090,20,1228,34,1488
2322,14,1084,19,1221,22,1437
2323,9,944,21,1216,37,1323
2324,16,998,16,1180,26,1299
2325,14,953,17,1159,20,1293
2326,25,922,25,1129,15,1249
2327,13,886,16,1087,24,1240
2328,26,978,19,1038,28,1294
2329,10,925,14,1003,10,1280
2330,16,911,10,973,23,1292
2331,7,918,14,965,23,1251
2332,15,939,7,953,35,1243
2333,16,889,15,883,30,1179
2334,16,842,19,796,35,1174
2335,15,836,17,779,34,1104
2336,13,867,24,803,31,1148
2337,17,816,23,832,21,1099
2338,18,875,32,851,31,1106
2339,8,804,10,868,26,1113
2340,23,858,36,874,30,1081
2341,29,857,48,848,40,1065
2342,19,845,22,813,21,1082
2343,39,813,50,787,29,993
2344,16,782,16,768,20,996
2345,29,798,34,775,31,985
2346,20,786,23,754,31,949
2347,24,788,37,795,40,1004
2348,14,771,15,784,24,977
2349,21,819,34,798,38,1003
2350,6,854,23,771,28,976
2351,12,851,15,775,30,1036
2352,19,830,29,733,23,982
2353,42,835,55,743,30,971
2354,14,800,22,712,37,964
2355,28,769,33,648,35,967
2356,15,764,15,649,27,957
2357,11,679,12,600,23,952
2358,13,710,21,538,19,912
2359,27,684,33,530,27,848
2360,18,668,33,493,24,864
2361,8,662,26,489,26,887
2362,26,635,19,448,22,927
2363,18,640,19,457,25,909
2364,16,674,18,458,26,982
2365,27,674,20,435,32,904
2366,17,672,15,453,33,970
2367,10,685,12,451,34,975
2368,17,649,32,480,35,940
2369,38,650,41,450,22,973
2370,21,627,15,456,37,1021
2371,9,652,9,451,23,955
2372,3,627,13,444,27,924
2373,17,635,17,443,27,901
2374,5,586,14,451,26,833
2375,11,581,17,438,24,808
2376,11,563,15,443,21,880
2377,8,572,11,438,22,814
2378,9,573,11,401,22,802
2379,4,544,17,413,30,729
2380,6,525,8,400,22,767
2381,15,549,21,388,25,738
2382,5,536,8,383,26,807
2383,12,549,7,373,32,820
2384,6,544,5,364,22,833
2385,19,536,25,377,37,810
2386,10,551,14,368,34,807
2387,12,508,12,388,30,846
2388,17,514,20,383,30,848
2389,9,505,13,378,17,829
2390,9,502,14,377,36,852
2391,15,500,15,413,15,834
2392,13,552,17,405,23,862
2393,19,582,22,405,35,908
2394,9,611,10,414,20,911
2395,10,562,11,470,22,965
2396,11,572,23,470,30,1010
2397,12,598,14,463,29,1075
2398,2,586,12,480,19,1087
2399,9,600,23,464,34,1149
2400,5,571,19,466,33,1222
2401,5,601,19,443,29,1209
2402,13,615,16,421,26,1183
2403,10,641,13,421,21,1301
2404,18,636,19,478,23,1250
2405,48,647,85,445,55,1244
2406,33,639,48,436,41,1324
2407,18,617,20,454,47,1349
2408,45,656,76,451,66,1309
2409,40,683,73,469,63,1307
2410,14,660,21,474,53,1226
2411,15,574,22,478,53,1239
2412,22,610,27,500,55,1218
2413,26,638,25,514,57,1199
2414,27,623,37,503,61,1152
2415,17,600,24,496,62,1186
2416,44,620,42,496,51,1211
2417,26,597,25,497,46,1184
2418,30,577,24,500,50,1192
2419,26,611,25,496,60,1190
2420,18,582,24,474,50,1221
2421,20,599,25,500,66,1192
2422,21,617,26,504,74,1266
2423,34,582,46,489,70,1249
2424,36,590,42,494,76,1298
2425,37,585,44,473,74,1273
2426,34,614,41,497,75,1313
2427,24,609,32,490,69,1374
2428,42,644,45,514,78,1367
2429,27,610,55,533,71,1416
2430,26,582,45,532,74,1445
2431,32,610,45,535,66,1389
2432,23,626,41,533,68,1461
2433,20,638,34,554,63,1530
2434,28,649,26,517,68,1446
2435,21,632,50,550,91,1428
2436,18,612,30,562,60,1452
2437,36,636,38,597,89,1439
2438,33,648,48,579,80,1413
2439,25,673,29,629,71,1498
2440,14,685,32,633,77,1467
2441,18,719,17,645,49,1465
2442,13,735,15,644,50,1563
2443,13,719,20,677,48,1532
2444,25,761,39,669,67,1570
2445,36,764,44,675,49,1614
2446,13,751,25,666,46,1590
2447,16,791,17,672,50,1610
2448,12,751,24,696,66,1644
2449,24,699,22,704,63,1610
2450,19,765,19,672,71,1643
2451,24,786,29,706,75,1662
2452,32,812,33,699,67,1678
2453,20,770,23,680,65,1514
2454,28,723,29,724,58,1579
2455,23,758,39,742,68,1641
2456,28,779,27,718,76,1605
2457,23,744,53,723,72,1638
2458,29,733,59,739,95,1685
2459,14,670,24,696,63,1570
2460,18,671,17,682,70,1633
2461,8,661,30,672,63,1644
2462,19,671,27,654,57,1532
2463,20,667,30,647,47,1546
2464,17,612,29,634,46,1444
2465,22,657,44,598,64,1532
2466,20,656,22,589,62,1431
2467,24,647,28,605,37,1420
2468,20,656,26,586,56,1418
2469,16,695,28,601,38,1386
2470,18,673,28,602,38,1442
2471,14,679,22,629,51,1368
2472,23,660,15,615,43,1438
2473,14,641,20,615,46,1448
2474,9,656,28,601,49,1466
2475,15,639,17,624,38,1474
2476,16,668,15,622,48,1466
2477,20,676,23,589,56,1493
2478,15,636,20,597,46,1423
2479,17,636,13,593,38,1480
2480,30,667,67,596,46,1534
2481,22,651,50,615,43,1544
2482,16,639,13,576,42,1524
2483,13,612,21,580,44,1401
2484,20,615,24,581,49,1342
2485,21,596,37,542,51,1304
2486,23,551,14,529,36,1245
2487,22,565,25,513,25,1213
2488,8,591,8,535,28,1070
2489,14,581,22,506,35,1066
2490,12,585,19,510,35,968
2491,14,591,22,509,30,970
2492,19,588,30,494,38,909
2493,22,608,23,516,34,933
2494,18,572,28,529,42,870
2495,21,619,28,514,56,879
2496,19,635,21,508,60,939
2497,25,621,29,525,65,988
2498,25,645,29,530,54,948
2499,28,627,41,526,67,989
2500,26,625,32,546,46,986
2501,17,641,24,546,51,1019
2502,24,663,40,573,51,1043
2503,30,685,57,538,58,1062
2504,39,673,59,543,62,1085
2505,31,711,31,552,41,1095
2506,22,732,25,530,47,1132
2507,30,736,44,555,43,1074
2508,34,745,42,561,67,1119
2509,24,746,37,578,65,1133
2510,27,788,38,598,59,1138
2511,35,783,43,628,54,1163
2512,32,788,46,642,81,1190
2513,37,759,42,671,68,1091
2514,37,798,51,719,91,1153
2515,40,827,55,723,77,1163
2516,31,821,37,739,76,1179
2517,32,836,37,782,83,1186
2518,34,852,54,792,78,1233
2519,38,882,64,822,96,1231
2520,48,871,65,866,97,1277
2521,51,878,64,849,119,1277
2522,57,866,48,860,104,1301
2523,33,902,47,840,81,1291
2524,41,886,60,821,121,1317
2525,33,891,54,828,102,1229
2526,30,970,61,824,96,1281
2527,33,974,40,817,94,1233
2528,35,922,48,828,77,1226
2529,25,951,55,859,107,1271
2530,38,932,69,834,92,1277
2531,28,966,62,821,96,1269
2532,23,944,59,836,98,1160
2533,31,934,69,869,99,1083
2534,36,942,57,862,105,986
2535,40,970,50,864,91,942
2536,41,1025,58,833,92,967
2537,42,1065,61,877,92,981
2538,25,1052,62,875,90,945
2539,33,1034,57,875,99,999
2540,34,1043,63,894,83,1022
2541,31,1108,62,898,84,987
2542,39,1034,55,861,83,972
2543,37,1032,52,882,98,987
2544,40,973,57,898,91,1010
2545,46,980,60,908,90,952
2546,41,967,63,856,79,968
2547,42,887,54,828,87,993
2548,39,882,55,793,87,974
2549,48,866,47,752,79,918
2550,27,872,47,736,80,981
2551,36,873,44,734,72,917
2552,42,839,62,770,82,934
2553,41,865,50,755,78,940
2554,59,837,69,753,63,878
2555,59,773,60,728,61,857
2556,48,800,46,719,56,808
2557,44,814,60,716,46,786
2558,33,858,45,738,50,798
2559,50,832,52,707,50,825
2560,28,784,32,707,47,839
2561,28,813,30,690,49,858
2562,28,772,33,670,51,831
2563,31,846,30,654,40,858
2564,18,857,23,662,30,870
2565,19,832,39,665,25,873
2566,12,921,28,664,22,953
2567,18,900,38,726,41,931
2568,24,955,48,718,55,1013
2569,23,936,47,736,43,1097
2570,28,1031,32,788,45,1110
2571,28,1018,39,778,39,1111
2572,29,1046,45,740,47,1240
2573,42,978,70,790,63,1236
2574,40,1056,60,790,71,1289
2575,32,1027,45,768,49,1271
2576,51,1116,39,801,35,1320
2577,42,1057,61,794,52,1273
2578,43,961,49,824,42,1249
2579,42,981,62,811,50,1262
2580,38,1002,55,773,52,1225
2581,29,917,37,728,35,1197
2582,44,946,63,725,58,1242
2583,38,903,50,726,45,1192
2584,30,892,43,744,32,1217
2585,28,822,30,726,28,1160
2586,27,845,39,703,36,1134
2587,40,822,56,706,43,1123
2588,34,845,40,683,41,1111
2589,30,858,49,668,50,1119
2590,36,838,54,661,57,1061
2591,20,808,50,669,55,1024
2592,30,766,39,619,50,1001
2593,35,805,47,623,39,999
2594,26,711,43,615,45,972
2595,30,697,35,577,42,945
2596,29,705,36,587,46,937
2597,31,686,50,603,39,863
2598,42,713,54,581,48,915
2599,31,746,49,578,38,904
2600,34,725,56,620,61,967
2601,47,729,69,594,64,918
2602,42,733,58,603,60,996
2603,35,704,59,610,51,1013
2604,47,719,61,607,53,983
2605,45,722,48,633,64,972
2606,45,767,48,638,73,968
2607,37,788,50,614,53,1048
2608,35,848,42,628,60,978
2609,35,838,48,623,47,1012
2610,43,819,70,645,69,1005
2611,52,815,50,645,65,973
2612,33,824,62,621,74,1007
2613,28,831,64,640,55,1010
2614,38,845,64,674,58,958
2615,47,824,73,683,64,972
2616,37,848,57,670,66,998
2617,36,836,61,701,59,1053
2618,42,894,58,676,48,1092
2619,29,878,60,669,43,1064
2620,49,846,61,639,55,1056
2621,39,900,59,636,44,1065
2622,51,891,71,633,65,1055
2623,44,948,79,657,52,1116
2624,46,888,74,642,60,1119
2625,43,956,66,649,54,1091
2626,45,891,55,645,45,1121
2627,53,933,69,623,45,1025
2628,43,883,74,629,48,1103
2629,46,908,73,613,55,1053
2630,49,852,79,625,67,1164
2631,42,924,64,636,62,1113
2632,46,940,74,657,48,1154
2633,53,970,78,652,56,1132
2634,52,906,93,642,75,1216
2635,55,967,71,648,49,1146
2636,50,940,61,639,51,1174
2637,42,954,75,636,54,1156
2638,48,905,68,635,46,1134
2639,39,906,74,620,38,1043
2640,28,873,58,623,35,1077
2641,32,890,54,656,37,1059
2642,29,858,46,643,48,1047
2643,22,881,40,650,41,1049
2644,42,898,64,656,46,1072
2645,44,857,58,662,60,1024
2646,40,899,51,669,46,988
2647,43,854,59,657,39,959
2648,40,828,59,691,44,946
2649,42,878,50,650,35,939
2650,51,835,46,665,47,914
2651,43,803,56,651,49,898
2652,41,716,62,639,47,862
2653,45,785,54,627,40,881
2654,54,730,66,637,65,834
2655,42,694,65,621,58,848
2656,59,717,65,606,60,883
2657,53,747,73,643,54,871
2658,44,758,70,618,46,865
2659,56,754,72,638,39,922
2660,40,679,64,641,54,894
2661,48,732,72,619,57,930
2662,51,705,69,639,51,901
2663,53,692,68,618,53,955
2664,52,705,89,593,71,924
2665,55,723,74,622,61,911
2666,67,716,76,598,58,895
2667,57,718,75,583,54,878
2668,48,712,68,588,46,883
2669,47,693,63,571,52,862
2670,51,704,72,578,68,866
2671,46,720,63,568,67,894
2672,55,710,62,572,67,895
2673,58,725,63,573,92,898
2674,53,728,59,583,79,870
2675,50,733,70,609,85,883
2676,51,729,76,599,64,868
2677,55,743,72,618,61,905
2678,48,783,77,632,67,869
2679,56,737,69,654,71,934
2680,49,775,86,655,66,977
2681,51,753,81,668,78,982
2682,41,786,72,681,65,1002
2683,41,781,67,638,72,970
2684,53,787,86,660,67,1035
2685,52,787,81,618,68,1030
2686,56,797,85,640,84,1085
2687,56,743,83,651,58,1044
2688,57,793,85,653,73,1079
2689,55,795,83,650,67,1035
2690,69,801,81,649,64,1049
2691,43,754,84,649,62,1083
2692,46,797,84,647,48,1053
2693,61,814,77,689,57,1079
2694,48,760,74,676,66,1092
2695,51,839,71,686,45,1074
2696,46,793,76,701,54,1072
2697,54,805,82,697,56,1014
2698,47,814,65,718,49,1019
2699,53,801,81,706,42,986
2700,63,822,76,701,48,999
2701,61,854,81,681,48,1067
2702,49,863,78,699,53,1051
2703,40,819,72,674,61,985
2704,50,796,79,667,59,1018
2705,43,781,76,622,52,1056
2706,55,782,77,628,69,1026
2707,52,779,73,627,74,1031
2708,54,752,80,605,68,1024
2709,59,761,76,589,71,1013
2710,49,785,88,609,77,1026
2711,61,782,84,606,79,1032
2712,52,801,89,634,86,1072
2713,51,786,81,672,83,1001
2714,64,746,87,635,85,1047
2715,58,793,88,652,76,1012
2716,52,795,81,675,75,985
2717,58,778,75,656,69,961
2718,59,746,69,693,53,1009
2719,60,811,72,678,67,993
2720,57,830,83,702,81,992
2721,60,774,100,713,65,981
2722,61,751,88,697,73,985
2723,48,783,80,697,84,967
2724,59,750,76,721,71,937
2725,63,723,94,704,71,970
2726,55,787,74,686,66,941
2727,50,778,86,707,59,945
2728,47,750,89,697,60,934
2729,53,755,82,679,74,976
2730,51,719,83,677,69,963
2731,65,723,66,681,50,936
2732,43,744,81,682,68,966
2733,57,749,91,673,59,962
2734,45,761,72,678,57,920
2735,47,747,66,678,70,939
2736,62,730,70,691,75,957
2737,44,768,62,662,64,981
2738,44,726,78,642,72,956
2739,40,771,68,641,66,970
2740,45,823,64,647,56,928
2741,42,790,62,651,69,973
2742,47,794,63,667,46,980
2743,44,811,79,658,59,985
2744,54,831,65,674,70,959
2745,45,807,65,664,68,1012
2746,44,841,63,638,50,1047
2747,43,825,61,656,53,1042
2748,40,870,53,687,50,1067
2749,65,869,73,721,44,1065
2750,53,869,70,739,54,1041
2751,41,845,66,719,54,1069
2752,49,844,75,721,60,1032
2753,37,813,85,701,61,1051
2754,50,830,67,699,58,1069
2755,46,862,64,691,54,1077
2756,51,859,72,715,57,1131
2757,56,888,68,735,53,1135
2758,51,866,87,729,66,1151
2759,51,876,85,740,62,1155
2760,63,876,85,760,60,1156
2761,60,884,93,761,69,1081
2762,60,876,92,770,65,1124
2763,74,891,93,783,65,1098
2764,65,860,103,835,76,1167
2765,66,884,107,821,72,1122
2766,72,918,109,861,75,1182
2767,54,927,101,852,74,1148
2768,57,893,94,872,88,1170
2769,61,943,99,882,73,1142
2770,59,924,97,888,83,1107
2771,62,947,95,909,83,1168
2772,65,950,117,895,85,1106
2773,73,967,111,905,86,1161
2774,55,951,113,920,94,1166
2775,76,998,104,896,98,1191
2776,58,984,95,931,73,1144
2777,65,990,97,946,82,1133
2778,55,1013,97,942,70,1195
2779,62,991,86,965,66,1140
2780,61,971,82,946,71,1160
2781,58,998,77,910,73,1172
2782,47,1005,65,896,69,1190
2783,54,1055,83,913,63,1139
2784,55,1029,71,900,69,1160
2785,68,1087,86,904,66,1162
2786,66,1033,94,907,77,1113
2787,62,1123,92,885,76,1149
2788,69,1163,82,861,67,1141
2789,63,1191,99,855,65,1176
2790,67,1131,87,897,85,1173
2791,60,1094,88,857,65,1140
2792,59,1133,93,842,57,1049
2793,63,1107,94,804,67,1060
2794,57,1086,86,802,82,1063
2795,77,1054,99,849,82,1068
2796,87,1091,102,819,89,1000
2797,76,1103,99,824,89,991
2798,67,1053,91,801,75,1005
2799,77,1015,88,820,86,1013
2800,65,978,91,839,76,1034
2801,65,944,88,856,110,1075
2802,78,950,90,815,80,1011
2803,72,946,90,781,85,1055
2804,77,953,99,782,82,1089
2805,65,998,97,829,81,1064
2806,68,1043,71,833,94,1154
2807,67,1052,78,865,77,1139
2808,71,1021,84,880,100,1149
2809,62,1037,96,889,97,1133
2810,56,1045,82,905,82,1162
2811,64,1073,86,897,121,1198
2812,72,1050,93,922,105,1227
2813,60,1048,96,893,72,1212
2814,66,1057,95,936,110,1196
2815,68,1061,91,934,77,1251
2816,53,1048,91,947,84,1217
2817,55,1028,77,953,90,1264
2818,61,1052,80,952,81,1287
2819,78,1060,95,965,119,1262
2820,61,1064,98,938,91,1221
2821,56,1070,96,980,92,1208
2822,69,1042,88,1026,94,1199
2823,69,1019,101,1000,97,1162
2824,62,1022,95,991,89,1162
2825,56,1038,105,996,101,1136
2826,69,1024,90,1002,97,1180
2827,58,998,103,1009,95,1145
2828,65,1050,106,1023,99,1199
2829,60,1039,85,1027,91,1157
2830,66,1012,97,1014,97,1170
2831,72,1044,104,1015,94,1135
2832,55,1023,102,1004,87,1167
2833,67,1035,101,995,102,1107
2834,68,1052,119,997,105,1127
2835,74,1014,102,951,90,1143
2836,79,982,95,982,93,1110
2837,54,972,76,961,92,1163
2838,58,954,86,893,83,1167
2839,55,959,87,870,78,1165
2840,53,979,92,901,76,1133
2841,50,1001,72,893,80,1172
2842,46,970,67,899,84,1143
2843,50,928,80,871,73,1171
2844,34,965,60,842,77,1195
2845,40,980,73,834,69,1256
2846,49,991,71,858,75,1236
2847,35,936,63,824,71,1260
2848,49,909,68,822,69,1214
2849,38,909,62,839,71,1211
2850,39,891,74,827,60,1129
2851,39,904,64,815,52,1064
2852,55,909,68,832,50,1122
2853,56,941,63,843,68,1066
2854,54,917,60,836,60,1109
2855,48,872,64,839,71,1064
2856,52,792,60,816,72,1035
2857,41,845,53,795,69,1004
2858,40,842,40,801,78,1040
2859,41,801,40,783,45,1038
2860,41,807,60,766,63,995
2861,37,784,46,771,55,1024
2862,48,791,41,780,50,1042
2863,33,809,35,756,58,990
2864,30,835,42,776,54,1031
2865,33,845,37,783,46,1070
2866,37,845,45,818,51,1065
2867,36,838,44,803,53,1078
2868,25,833,47,770,42,1040
2869,32,806,50,769,42,978
2870,34,819,40,773,47,1038
2871,33,812,56,759,57,1046
2872,32,836,37,766,44,1081
2873,37,822,40,765,44,1065
2874,36,833,47,781,47,1037
2875,31,833,52,767,47,1016
2876,28,863,34,761,50,993
2877,33,823,46,788,53,994
2878,23,848,44,773,60,969
2879,22,865,45,780,63,981
2880,25,836,32,760,60,974
2881,36,840,36,744,51,976
2882,31,831,40,756,51,1020
2883,28,832,39,731,68,1025
2884,22,854,29,745,40,987
2885,29,851,42,738,47,973
2886,25,816,47,766,60,1004
2887,27,833,42,755,70,1025
2888,25,838,41,715,44,1030
2889,16,805,44,721,27,1021
2890,23,799,56,769,54,1049
2891,25,799,34,783,32,1027
2892,18,803,35,771,44,1026
2893,30,814,38,773,34,1021
2894,28,816,47,741,34,1003
2895,29,837,33,746,48,1049
2896,38,832,40,748,40,1018
2897,27,844,37,751,37,1090
2898,26,840,27,764,39,1085
2899,30,848,24,740,25,1122
2900,30,844,26,723,32,1167
2901,24,837,22,697,38,1081
2902,28,831,28,749,39,1099
2903,27,845,34,728,31,1112
2904,20,839,39,748,28,1068
2905,29,833,38,756,22,1099
2906,26,812,30,756,25,1060
2907,20,804,28,739,29,1117
2908,31,772,38,720,27,1072
2909,37,757,34,734,33,1077
2910,24,734,20,702,33,983
2911,27,714,20,717,21,1009
2912,24,722,25,710,27,948
2913,25,728,17,740,27,962
2914,34,743,29,686,42,936
2915,25,755,20,705,35,956
2916,36,777,38,712,43,1000
2917,33,763,51,696,46,948
2918,24,762,24,702,22,954
2919,18,747,21,680,26,960
2920,23,740,25,712,26,952
2921,25,717,24,714,19,969
2922,18,682,19,706,25,937
2923,34,736,31,707,25,978
2924,21,736,32,701,29,936
2925,19,746,34,702,26,937
2926,18,732,25,725,22,950
2927,28,756,22,693,22,1002
2928,17,764,30,715,23,1022
2929,19,727,33,679,23,1031
2930,16,681,19,683,27,1047
2931,12,703,21,720,32,1042
2932,12,657,30,683,30,1004
2933,20,644,35,686,20,1054
2934,22,648,26,657,42,1029
2935,22,699,23,660,33,1078
2936,22,698,24,626,22,1064
2937,13,710,28,647,23,1091
2938,16,678,27,658,22,1055
2939,18,743,25,705,22,1111
2940,19,770,32,692,28,1109
2941,20,801,32,715,29,1116
2942,26,806,24,729,35,1165
2943,30,827,29,729,23,1107
2944,18,831,24,761,33,1108
2945,15,781,21,795,19,1144
2946,13,791,25,802,22,1108
2947,15,819,17,805,22,1196
2948,11,791,16,785,15,1143
2949,18,779,35,826,14,1191
2950,14,739,28,833,32,1236
