/Users/lukas/PycharmProjects/Dissertation/experiments/exp_train/data/_3_FALL.mov
/Users/lukas/PycharmProjects/Dissertation/experiments/exp_train/data/_2_SUMMER.mov
/Users/lukas/PycharmProjects/Dissertation/experiments/exp_train/data/_1_SPRING.mov
/Users/lukas/PycharmProjects/Dissertation/experiments/exp_train/data/_4_WINTER.mov
mode: AKAZE
video_frame,good_matches_1in0,all_matches_1in0,good_matches_2in0,all_matches_2in0,good_matches_3in0,all_matches_3in0
0,220,635,114,935,6,1182
1,213,613,109,904,9,1234
2,232,622,108,943,9,1164
3,214,584,111,939,10,1278
4,210,593,114,934,7,1268
5,207,585,115,925,7,1279
6,202,576,109,948,6,1189
7,201,592,100,950,6,1273
8,218,594,110,994,10,1268
9,202,606,118,939,7,1290
10,195,608,115,978,12,1224
11,206,603,113,961,12,1266
12,196,587,121,965,10,1241
13,183,584,116,946,13,1205
14,197,584,112,973,7,1214
15,191,589,116,955,12,1199
16,184,585,122,1003,14,1246
17,188,578,111,1000,9,1242
18,195,577,108,1053,12,1234
19,191,562,96,1000,9,1250
20,179,570,112,1095,11,1233
21,191,553,108,1071,11,1257
22,180,577,112,1160,8,1289
23,191,580,105,1168,11,1309
24,203,583,132,1160,6,1299
25,207,576,135,1182,13,1342
26,197,583,127,1154,7,1367
27,207,581,125,1172,10,1339
28,217,591,126,1189,8,1366
29,202,580,127,1175,14,1379
30,217,588,122,1198,8,1347
31,207,584,111,1202,15,1313
32,190,570,100,1142,12,1368
33,180,569,104,1184,11,1396
34,196,585,120,1135,12,1361
35,186,580,113,1217,14,1377
36,183,589,109,1205,11,1370
37,188,562,97,1203,13,1393
38,182,566,104,1199,14,1421
39,188,562,114,1190,12,1429
40,191,570,117,1232,14,1453
41,193,561,110,1196,12,1493
42,173,577,108,1208,8,1469
43,189,567,105,1154,17,1452
44,182,570,115,1160,13,1515
45,192,586,94,1146,7,1521
46,196,587,100,1150,11,1485
47,181,583,111,1127,6,1433
48,190,588,109,1100,11,1437
49,181,592,85,1103,7,1424
50,166,589,98,1111,7,1392
51,183,597,99,1077,12,1372
52,195,590,125,1049,10,1380
53,192,573,112,961,13,1352
54,199,587,112,977,13,1394
55,198,572,116,963,11,1386
56,184,555,105,943,10,1414
57,176,543,101,898,14,1406
58,186,568,100,893,7,1426
59,176,553,83,889,6,1388
60,172,548,91,897,8,1442
61,163,560,86,892,7,1446
62,183,564,78,871,8,1460
63,178,582,79,877,7,1384
64,179,569,87,858,8,1362
65,184,574,70,837,7,1341
66,183,596,73,861,8,1358
67,173,596,65,835,9,1379
68,168,582,74,822,13,1284
69,160,555,69,863,16,1325
70,180,557,85,872,15,1291
71,159,546,61,858,14,1339
72,169,536,63,837,12,1296
73,169,531,59,758,10,1384
74,176,505,75,815,12,1428
75,156,494,67,826,14,1437
76,150,481,81,829,16,1459
77,149,487,70,859,16,1512
78,145,482,88,854,24,1501
79,153,454,80,806,18,1494
80,149,479,86,831,15,1508
81,140,465,74,819,22,1530
82,143,447,84,843,16,1566
83,149,436,93,845,23,1544
84,151,450,94,853,15,1540
85,159,450,85,852,11,1547
86,152,444,88,879,13,1579
87,150,427,97,867,14,1562
88,150,433,86,887,18,1594
89,140,425,94,883,21,1596
90,144,432,86,908,20,1533
91,152,441,86,889,21,1474
92,161,440,73,942,9,1521
93,153,440,72,914,8,1568
94,150,457,81,878,12,1498
95,145,457,78,885,22,1526
96,153,463,72,912,18,1497
97,150,447,72,918,22,1548
98,148,462,72,949,13,1510
99,144,466,81,903,15,1470
100,160,463,69,923,15,1426
101,158,468,76,923,14,1439
102,169,491,82,937,12,1455
103,159,474,80,915,16,1354
104,158,478,93,913,12,1413
105,162,461,83,877,13,1392
106,161,467,71,891,17,1410
107,162,486,82,893,11,1390
108,166,484,72,887,15,1383
109,159,488,83,889,13,1375
110,144,452,65,871,12,1356
111,144,446,78,902,14,1341
112,159,453,75,878,16,1343
113,167,458,75,868,10,1315
114,163,458,62,884,11,1324
115,154,451,70,873,10,1273
116,156,462,62,855,13,1314
117,167,449,67,903,11,1289
118,155,447,60,929,6,1236
119,146,460,62,869,9,1270
120,141,463,62,862,4,1247
121,145,466,62,846,3,1239
122,131,456,68,861,8,1237
123,131,455,67,874,8,1187
124,149,472,76,918,9,1181
125,141,455,71,881,8,1189
126,150,466,62,876,9,1126
127,144,448,60,846,12,1165
128,138,454,53,881,6,1160
129,140,454,60,853,7,1179
130,146,457,52,906,12,1152
131,140,462,50,889,8,1132
132,164,479,43,899,14,1118
133,146,479,37,894,12,1109
134,134,481,45,894,11,1057
135,142,484,39,904,7,1090
136,148,496,45,933,7,1085
137,152,482,34,952,8,1097
138,150,497,45,904,10,1096
139,150,499,41,920,4,1111
140,157,498,36,927,8,1121
141,161,500,37,941,15,1103
142,160,506,34,985,17,1130
143,164,501,36,967,8,1202
144,161,502,30,987,12,1166
145,135,498,34,961,14,1179
146,139,520,41,1007,11,1179
147,126,503,33,1006,13,1229
148,136,513,30,1074,10,1242
149,128,500,35,1069,6,1274
150,126,491,36,1021,11,1276
151,128,512,45,1025,13,1240
152,143,522,49,1043,10,1259
153,147,528,39,1053,9,1305
154,137,525,28,997,14,1288
155,140,536,43,1005,9,1297
156,132,530,34,1031,16,1326
157,132,526,37,1028,14,1303
158,154,545,41,1031,16,1310
159,159,538,51,959,17,1342
160,156,541,37,1016,16,1336
161,166,557,40,1038,9,1393
162,164,535,50,1045,16,1429
163,163,548,55,1001,17,1388
164,166,548,44,1022,13,1435
165,169,550,48,999,14,1441
166,151,548,50,1044,17,1382
167,159,547,47,1044,14,1444
168,153,537,51,1022,10,1467
169,171,547,51,1063,6,1451
170,146,536,44,1041,16,1399
171,151,532,40,1043,11,1465
172,146,540,42,1061,10,1455
173,145,566,40,1048,18,1457
174,141,562,31,1091,20,1442
175,146,564,38,1078,17,1428
176,148,594,34,1067,20,1473
177,133,580,34,1061,9,1485
178,134,577,32,1072,10,1424
179,125,571,22,1060,9,1475
180,118,573,26,1081,8,1480
181,123,587,24,1086,15,1464
182,116,567,28,1066,9,1413
183,115,564,30,1043,9,1372
184,115,526,23,1098,7,1335
185,105,551,19,1060,9,1383
186,92,537,14,1106,9,1403
187,97,526,27,1036,6,1405
188,81,508,25,1049,9,1435
189,87,532,18,1018,9,1505
190,76,525,22,1055,8,1460
191,86,529,29,1017,12,1450
192,71,519,24,992,8,1444
193,71,522,25,1007,12,1459
194,86,513,25,994,12,1410
195,85,519,18,1033,8,1371
196,70,498,28,1054,8,1323
197,67,506,22,1033,9,1321
198,65,478,25,1044,11,1326
199,65,496,28,1077,13,1340
200,73,492,19,1073,14,1336
201,82,489,25,1099,15,1366
202,77,482,26,1135,14,1349
203,69,485,19,1083,13,1377
204,59,491,24,1112,11,1363
205,69,522,24,1134,12,1411
206,55,512,18,1150,17,1440
207,62,537,24,1114,6,1453
208,57,521,24,1106,12,1448
209,62,546,32,1120,14,1439
210,56,527,29,1109,7,1496
211,57,524,26,1158,10,1510
212,58,500,28,1159,14,1487
213,49,487,29,1093,11,1442
214,44,469,20,1125,12,1489
215,46,457,26,1144,14,1517
216,46,470,23,1107,12,1487
217,39,462,26,1097,11,1460
218,46,449,22,1123,8,1442
219,42,448,25,1093,9,1349
220,48,444,23,1149,9,1362
221,41,461,15,1141,10,1386
222,40,453,20,1189,12,1359
223,37,450,21,1178,10,1381
224,28,456,19,1172,16,1377
225,37,446,32,1250,12,1431
226,32,437,26,1162,16,1471
227,41,433,21,1182,13,1513
228,40,429,22,1189,11,1515
229,36,428,27,1188,12,1545
230,42,413,28,1217,13,1559
231,38,422,21,1129,17,1539
232,50,418,25,1160,12,1521
233,47,423,29,1192,14,1457
234,31,402,23,1197,12,1354
235,55,405,19,1147,17,1361
236,40,400,24,1077,14,1325
237,45,428,26,1069,14,1331
238,42,400,22,1067,10,1357
239,43,412,23,1081,15,1370
240,38,415,23,1022,18,1444
241,50,417,32,1028,16,1467
242,46,421,28,1035,16,1494
243,37,432,30,1068,7,1467
244,40,418,27,1016,13,1476
245,46,429,22,964,9,1415
246,46,419,28,916,15,1403
247,52,431,21,929,13,1429
248,38,431,18,905,14,1415
249,52,464,25,905,14,1423
250,46,479,17,916,11,1419
251,56,477,27,919,11,1488
252,50,467,27,905,13,1523
253,47,462,17,927,14,1527
254,44,442,25,930,7,1610
255,52,459,22,901,15,1616
256,53,454,22,890,20,1630
257,52,459,21,859,11,1639
258,62,449,22,869,17,1678
259,54,438,35,905,21,1685
260,50,423,23,892,19,1674
261,55,426,23,933,15,1738
262,53,428,24,976,14,1665
263,59,434,28,948,11,1647
264,56,423,26,944,15,1629
265,54,426,29,970,12,1658
266,47,414,23,959,14,1633
267,47,406,28,1030,13,1677
268,48,417,30,1031,16,1700
269,55,436,26,990,13,1643
270,55,430,17,954,16,1633
271,49,445,25,1009,14,1592
272,47,450,21,1008,12,1577
273,56,445,22,1007,12,1596
274,58,450,27,975,13,1554
275,58,443,21,944,11,1583
276,57,456,24,968,12,1573
277,73,458,38,993,10,1580
278,74,450,23,1045,10,1587
279,72,457,24,1065,16,1588
280,60,458,30,1090,14,1559
281,83,459,37,1071,17,1532
282,86,484,34,1129,12,1521
283,89,464,38,1102,14,1471
284,88,483,30,1153,16,1557
285,88,483,37,1169,18,1523
286,74,499,30,1187,24,1589
287,77,497,36,1144,20,1638
288,80,521,39,1252,20,1616
289,84,511,36,1213,16,1630
290,80,545,35,1245,19,1585
291,100,507,41,1216,22,1663
292,98,519,38,1248,18,1705
293,93,512,34,1226,21,1671
294,89,524,45,1288,20,1663
295,91,490,36,1229,20,1684
296,89,502,42,1271,24,1674
297,80,481,35,1237,25,1619
298,86,502,37,1262,15,1386
299,83,472,38,1223,13,1369
300,82,503,33,1185,18,1347
301,87,501,27,1148,14,1341
302,83,497,30,1117,21,1302
303,72,484,32,1108,16,1294
304,67,495,23,1075,11,1305
305,79,513,29,1105,12,1266
306,72,500,34,1123,20,1293
307,71,484,27,1126,17,1246
308,81,504,26,1103,14,1235
309,78,502,34,1113,18,1242
310,74,497,32,1115,20,1265
311,65,510,29,1121,21,1362
312,83,507,39,1115,19,1375
313,89,517,37,1114,18,1349
314,91,526,47,1129,22,1351
315,100,538,39,1139,28,1360
316,103,531,36,1161,23,1352
317,104,521,41,1159,24,1302
318,97,524,44,1178,28,1288
319,99,537,44,1199,25,1252
320,96,520,37,1198,23,1210
321,97,518,41,1232,19,1169
322,117,518,43,1237,19,1143
323,103,505,55,1218,21,1246
324,95,521,45,1234,22,1226
325,116,513,40,1246,17,1237
326,121,517,34,1266,24,1262
327,126,507,34,1269,21,1247
328,138,532,38,1251,26,1264
329,137,539,36,1262,38,1309
330,136,542,40,1265,37,1349
331,117,512,48,1296,28,1335
332,132,525,42,1291,31,1325
333,133,518,49,1214,39,1314
334,126,520,52,1256,24,1331
335,119,528,45,1264,30,1298
336,133,541,44,1261,35,1372
337,129,534,54,1316,37,1390
338,132,560,52,1392,36,1417
339,131,542,44,1292,38,1443
340,147,582,50,1357,42,1425
341,141,582,45,1294,33,1421
342,150,590,51,1316,45,1452
343,156,607,59,1308,40,1452
344,151,602,57,1316,48,1504
345,173,611,68,1333,46,1483
346,167,618,61,1376,55,1511
347,173,616,65,1340,54,1438
348,164,647,60,1352,44,1444
349,158,654,67,1347,53,1405
350,168,628,65,1387,52,1496
351,184,654,72,1376,64,1476
352,182,660,73,1404,53,1483
353,159,637,69,1338,67,1490
354,159,630,60,1396,58,1477
355,166,636,59,1385,49,1489
356,183,651,57,1447,55,1416
357,201,664,63,1411,53,1436
358,203,681,55,1392,49,1383
359,216,680,58,1386,53,1388
360,210,681,72,1448,56,1347
361,204,685,78,1422,59,1375
362,197,694,73,1398,48,1444
363,204,702,74,1415,64,1451
364,196,712,70,1394,59,1394
365,196,667,69,1440,63,1425
366,183,663,78,1356,68,1409
367,166,660,66,1360,72,1367
368,174,655,70,1381,73,1388
369,180,642,85,1434,61,1384
370,158,612,99,1424,70,1382
371,161,609,91,1425,67,1383
372,180,614,92,1448,72,1401
373,168,613,102,1455,81,1386
374,191,630,100,1495,80,1416
375,185,612,100,1475,80,1431
376,196,621,113,1526,82,1426
377,192,637,114,1530,90,1452
378,193,661,132,1569,100,1476
379,195,644,130,1565,98,1434
380,211,654,126,1565,109,1378
381,213,671,127,1597,115,1404
382,202,687,122,1560,119,1445
383,227,674,114,1568,99,1368
384,230,678,119,1574,98,1412
385,237,668,110,1584,88,1353
386,229,685,110,1594,91,1411
387,214,672,116,1635,81,1372
388,237,682,103,1568,91,1415
389,241,704,111,1568,82,1397
390,241,696,127,1589,80,1418
391,244,701,137,1573,74,1401
392,230,703,126,1624,67,1421
393,257,691,142,1633,67,1425
394,240,684,138,1576,57,1366
395,229,675,143,1616,57,1375
396,223,681,146,1644,66,1367
397,224,688,124,1609,65,1389
398,219,691,135,1582,72,1367
399,223,698,134,1554,69,1401
400,224,727,146,1577,77,1360
401,222,724,123,1529,71,1363
402,219,719,119,1534,70,1395
403,231,702,121,1439,71,1308
404,197,701,109,1442,58,1268
405,224,707,113,1399,51,1235
406,223,694,112,1386,61,1255
407,214,674,125,1341,60,1242
408,193,679,105,1365,58,1261
409,184,689,108,1371,60,1210
410,210,682,110,1406,47,1273
411,191,667,99,1373,56,1285
412,214,672,111,1394,58,1252
413,204,667,104,1388,54,1246
414,214,666,117,1372,53,1273
415,208,663,97,1378,52,1309
416,230,662,112,1337,48,1327
417,217,665,104,1364,53,1313
418,239,677,80,1371,38,1329
419,244,674,102,1362,35,1324
420,233,688,87,1398,57,1315
421,257,705,81,1370,56,1339
422,268,706,79,1385,50,1305
423,246,695,86,1399,54,1286
424,249,693,80,1367,52,1315
425,230,705,86,1354,51,1274
426,243,707,69,1317,50,1308
427,228,728,68,1336,52,1278
428,217,702,77,1309,48,1209
429,200,697,85,1327,58,1225
430,228,701,98,1266,61,1214
431,210,725,99,1280,54,1203
432,211,705,105,1268,54,1154
433,200,682,121,1332,62,1214
434,203,682,95,1272,56,1250
435,194,675,111,1290,60,1226
436,184,686,99,1263,59,1182
437,213,687,113,1269,64,1224
438,199,702,114,1278,66,1277
439,204,704,117,1266,58,1227
440,198,690,104,1251,62,1251
441,195,700,133,1275,61,1232
442,209,689,123,1254,51,1196
443,210,686,113,1267,44,1235
444,219,670,122,1214,46,1242
445,212,652,122,1250,54,1238
446,191,644,123,1245,53,1247
447,200,649,102,1234,56,1282
448,196,646,116,1261,56,1288
449,200,638,106,1219,47,1262
450,204,641,91,1244,43,1242
451,169,654,109,1234,42,1258
452,182,637,110,1277,41,1248
453,166,627,98,1230,51,1198
454,184,635,108,1277,45,1196
455,159,624,122,1273,43,1151
456,176,638,110,1303,50,1176
457,178,650,103,1238,42,1208
458,180,662,136,1226,59,1219
459,179,652,120,1213,45,1203
460,177,645,136,1192,47,1147
461,176,643,148,1207,42,1151
462,189,648,139,1202,45,1118
463,174,652,122,1199,38,1138
464,171,648,112,1172,40,1108
465,162,650,123,1222,31,1134
466,165,664,110,1204,47,1117
467,170,677,146,1188,34,1081
468,165,678,112,1203,35,1108
469,164,681,121,1182,43,1108
470,158,679,119,1239,29,1072
471,169,665,137,1196,37,1114
472,174,667,137,1226,34,1143
473,169,681,131,1195,40,1160
474,165,665,151,1231,39,1189
475,162,674,134,1230,42,1154
476,185,651,142,1197,34,1210
477,165,649,138,1179,42,1163
478,176,658,120,1211,37,1183
479,146,665,115,1124,32,1157
480,145,666,121,1121,36,1195
481,149,672,100,1073,28,1164
482,139,679,111,1086,31,1195
483,137,663,119,1045,21,1149
484,129,684,120,1094,19,1152
485,137,667,123,1048,19,1151
486,108,636,89,1033,22,1149
487,107,651,100,1002,22,1190
488,114,629,101,1032,14,1147
489,96,611,93,981,14,1124
490,98,589,92,914,12,1150
491,96,568,101,885,11,1152
492,93,569,100,902,13,1102
493,78,552,99,886,16,1131
494,85,542,90,879,16,1171
495,71,522,92,851,11,1168
496,57,475,81,861,19,1144
497,52,481,73,869,19,1137
498,52,453,101,899,22,1165
499,52,468,80,847,24,1182
500,72,477,93,855,24,1210
501,71,439,86,853,22,1232
502,79,442,88,893,20,1191
503,78,438,92,880,21,1166
504,75,447,100,885,21,1207
505,80,456,111,910,24,1261
506,63,458,100,891,25,1245
507,83,499,94,930,28,1270
508,72,483,102,922,22,1265
509,93,490,92,911,26,1233
510,82,488,85,927,25,1207
511,80,491,78,934,29,1182
512,72,474,71,924,15,1129
513,80,486,74,882,24,1079
514,75,489,58,861,15,1095
515,82,475,58,771,17,998
516,73,470,41,725,23,1013
517,71,450,39,713,19,980
518,58,440,24,732,22,951
519,53,442,19,700,24,991
520,43,399,22,694,20,1025
521,56,404,19,741,18,1024
522,53,380,28,715,20,1049
523,55,381,21,725,25,1015
524,50,393,22,727,20,958
525,57,411,19,711,16,934
526,64,408,26,718,16,915
527,64,415,15,729,22,920
528,68,429,20,744,25,920
529,63,414,15,728,24,926
530,67,413,24,738,19,920
531,59,422,18,751,22,945
532,68,420,19,790,19,911
533,58,408,24,766,24,937
534,67,424,23,778,21,918
535,66,432,34,808,24,927
536,60,430,31,796,26,937
537,70,434,32,790,25,919
538,69,445,27,812,25,953
539,73,440,19,798,26,984
540,65,439,22,813,23,935
541,68,460,26,804,27,970
542,69,454,28,828,32,1001
543,83,455,26,820,34,983
544,75,463,26,893,35,989
545,68,454,28,860,32,991
546,74,476,27,913,30,960
547,75,470,22,892,38,959
548,73,464,28,927,36,938
549,68,477,36,940,34,942
550,70,483,30,951,38,890
551,72,495,37,957,31,866
552,76,462,26,931,30,861
553,68,481,35,969,33,846
554,63,466,37,1017,34,852
555,60,468,31,1017,37,861
556,79,466,33,993,27,840
557,75,469,28,1046,33,828
558,60,466,26,1055,43,817
559,61,456,30,1084,34,859
560,58,465,35,1114,33,882
561,69,473,29,1117,31,831
562,72,512,38,1115,34,837
563,69,506,31,1161,37,869
564,75,516,33,1145,31,873
565,72,504,37,1188,32,853
566,77,536,38,1160,33,830
567,75,537,36,1235,29,858
568,63,543,38,1238,30,817
569,67,549,40,1207,29,834
570,63,552,40,1253,26,804
571,72,569,45,1233,28,833
572,61,573,35,1322,28,875
573,56,583,44,1328,32,874
574,64,553,31,1290,36,814
575,65,556,30,1298,30,855
576,63,581,37,1315,30,841
577,66,560,30,1337,39,843
578,66,581,34,1306,36,837
579,70,591,31,1296,28,832
580,63,593,30,1317,26,847
581,71,604,40,1352,44,880
582,72,647,25,1313,34,903
583,63,651,38,1365,35,916
584,75,644,35,1345,39,916
585,66,654,36,1401,34,939
586,64,669,40,1389,36,925
587,66,632,37,1408,32,927
588,72,639,29,1349,27,916
589,66,650,30,1347,28,950
590,64,637,41,1376,29,932
591,67,622,37,1364,19,955
592,58,642,36,1402,20,910
593,63,618,34,1351,22,923
594,68,637,31,1417,25,871
595,72,620,26,1412,17,819
596,62,620,30,1332,14,791
597,63,601,29,1292,20,789
598,60,594,31,1310,18,816
599,66,579,28,1247,23,817
600,67,557,28,1255,21,823
601,68,543,30,1307,25,820
602,73,559,28,1360,27,821
603,74,580,28,1331,26,827
604,92,587,29,1342,27,821
605,81,581,31,1352,28,833
606,68,590,33,1351,25,832
607,74,596,31,1372,31,812
608,70,598,22,1377,18,814
609,81,589,33,1368,24,798
610,74,570,34,1357,23,857
611,70,580,33,1406,30,868
612,80,594,37,1415,34,907
613,89,586,34,1345,31,900
614,96,573,42,1410,33,859
615,103,558,35,1403,32,883
616,102,571,39,1434,30,854
617,104,577,42,1389,27,892
618,92,558,37,1425,30,911
619,92,587,52,1439,32,903
620,98,587,51,1432,36,958
621,97,594,44,1428,30,937
622,107,611,42,1453,37,941
623,117,600,58,1473,41,916
624,106,618,61,1474,41,919
625,117,654,60,1508,52,910
626,111,650,60,1500,37,936
627,124,679,57,1479,41,883
628,152,694,59,1519,44,950
629,125,697,75,1571,40,938
630,132,702,64,1550,35,980
631,135,698,64,1569,43,978
632,124,719,52,1587,42,969
633,128,750,67,1600,51,975
634,131,773,69,1587,40,922
635,139,759,65,1624,43,933
636,150,765,53,1659,42,945
637,130,756,58,1631,42,894
638,149,777,64,1666,45,939
639,160,776,58,1659,36,917
640,150,765,62,1722,35,897
641,149,745,54,1697,32,923
642,120,756,57,1708,29,892
643,120,746,60,1710,36,925
644,149,747,51,1694,34,946
645,149,730,47,1708,34,959
646,158,753,57,1729,30,958
647,141,759,70,1706,38,996
648,154,790,64,1670,24,982
649,149,786,61,1652,37,981
650,155,782,57,1672,32,997
651,160,781,62,1692,33,987
652,145,800,69,1682,29,1017
653,136,784,58,1722,36,993
654,146,784,65,1710,42,990
655,151,762,63,1682,48,1004
656,169,777,56,1748,49,980
657,149,754,56,1711,45,980
658,157,743,63,1661,47,946
659,168,749,67,1685,50,941
660,170,753,73,1716,49,950
661,163,773,66,1732,50,975
662,166,751,75,1720,54,994
663,149,761,76,1682,58,994
664,160,750,75,1732,48,1065
665,157,733,79,1718,46,1053
666,169,755,83,1767,58,1067
667,154,748,70,1787,50,1054
668,164,766,68,1863,45,1045
669,155,788,68,1890,43,1069
670,138,758,80,1933,44,1068
671,149,778,78,1889,43,1090
672,142,739,70,1932,47,1103
673,168,748,63,1913,46,1108
674,153,722,67,1953,51,1067
675,153,684,67,1979,45,1038
676,155,695,67,1929,43,1070
677,156,690,66,1954,46,1077
678,145,733,70,1927,42,1054
679,151,723,58,1996,39,1078
680,158,682,56,1968,42,1078
681,154,715,55,1884,40,1084
682,165,719,67,1887,45,1131
683,149,734,70,1878,43,1087
684,158,697,91,1948,46,1087
685,149,722,76,1921,38,1092
686,157,737,73,1921,42,1119
687,167,776,74,1928,38,1129
688,170,761,88,1953,39,1139
689,166,767,80,1895,34,1112
690,177,749,101,1891,35,1163
691,174,746,92,1854,41,1110
692,194,760,87,1821,36,1113
693,184,785,78,1794,34,1116
694,190,758,86,1818,42,1130
695,180,707,76,1739,45,1164
696,172,737,90,1741,40,1139
697,187,768,75,1704,50,1157
698,189,759,73,1696,47,1144
699,173,778,86,1712,53,1142
700,169,722,75,1671,41,1073
701,176,725,63,1619,47,1009
702,170,746,71,1588,47,1088
703,173,745,76,1598,42,1100
704,166,695,79,1609,44,1059
705,142,678,59,1608,47,1017
706,150,678,65,1612,47,1061
707,143,692,74,1565,45,1034
708,165,693,67,1545,44,1056
709,155,693,72,1525,43,1066
710,157,699,72,1571,47,1083
711,155,696,74,1549,47,1036
712,154,706,67,1591,52,1049
713,164,732,72,1602,56,1038
714,167,717,69,1577,60,1043
715,139,659,68,1626,55,1066
716,147,685,78,1636,58,1059
717,162,765,80,1620,50,1053
718,169,751,75,1700,55,1063
719,182,775,76,1701,65,1074
720,189,736,78,1656,61,1067
721,202,776,81,1662,68,1079
722,216,752,92,1714,64,1077
723,231,800,105,1740,56,1045
724,218,761,97,1717,46,1063
725,223,759,100,1690,48,1017
726,234,789,99,1705,48,1049
727,258,797,102,1688,43,1079
728,237,847,104,1726,51,1048
729,218,851,97,1741,50,1060
730,234,835,100,1714,54,1077
731,213,842,110,1701,50,1099
732,232,857,109,1686,53,1059
733,231,917,116,1761,50,1120
734,243,867,111,1802,51,1093
735,226,834,115,1751,49,1103
736,243,810,128,1734,44,1065
737,229,844,133,1727,42,1132
738,244,900,125,1692,51,1146
739,269,938,143,1792,43,1130
740,262,887,141,1831,48,1071
741,268,910,147,1788,41,1101
742,241,865,163,1862,55,1104
743,237,855,144,1865,55,1092
744,261,858,165,1922,53,1044
745,238,889,123,1862,51,1087
746,270,890,126,1839,50,1094
747,233,831,132,1879,44,1087
748,237,853,138,1874,42,1011
749,268,857,137,1845,46,1091
750,242,836,118,1876,49,1078
751,234,825,140,1807,45,1077
752,245,799,143,1739,59,1089
753,236,821,118,1747,57,1091
754,256,780,122,1721,54,1094
755,249,766,124,1742,44,1092
756,246,733,130,1735,52,1078
757,238,763,123,1638,38,1114
758,255,791,120,1632,47,1152
759,252,767,128,1625,56,1106
760,245,748,131,1554,63,1083
761,239,775,137,1552,45,1061
762,231,770,134,1572,60,1025
763,233,781,143,1537,50,987
764,265,763,140,1441,58,964
765,257,771,144,1455,60,983
766,252,780,145,1428,47,966
767,262,774,150,1504,52,960
768,247,795,143,1519,36,946
769,221,804,161,1507,48,989
770,231,800,161,1514,49,988
771,216,827,154,1522,50,980
772,200,829,143,1504,51,951
773,210,808,132,1544,53,941
774,205,797,141,1603,45,913
775,185,803,135,1569,49,937
776,197,779,152,1581,57,924
777,187,820,126,1544,51,916
778,173,785,132,1525,41,875
779,138,746,119,1531,50,887
780,130,759,102,1535,45,909
781,134,765,98,1494,50,882
782,114,723,105,1454,57,874
783,128,692,108,1445,54,865
784,120,647,103,1378,50,873
785,132,670,98,1397,39,922
786,126,657,100,1393,55,918
787,147,680,97,1383,55,879
788,126,635,96,1341,56,869
789,140,661,124,1356,53,859
790,153,658,111,1353,47,886
791,154,678,118,1395,52,883
792,155,702,126,1438,49,838
793,157,712,108,1428,59,837
794,161,738,122,1393,51,858
795,155,740,129,1413,55,816
796,149,763,108,1419,63,822
797,163,744,134,1452,62,768
798,145,742,146,1485,52,818
799,157,747,129,1417,57,830
800,177,781,125,1455,56,812
801,195,817,137,1490,46,801
802,188,832,125,1488,50,834
803,202,790,124,1475,39,834
804,192,790,123,1514,31,856
805,203,795,129,1466,37,855
806,185,816,135,1529,31,868
807,194,831,136,1524,33,900
808,210,823,117,1515,28,881
809,221,826,101,1509,28,874
810,216,807,121,1516,33,899
811,225,842,101,1528,24,906
812,240,853,83,1518,25,906
813,225,832,93,1502,26,895
814,227,813,94,1494,35,924
815,233,798,80,1495,30,932
816,251,818,89,1501,24,967
817,237,793,93,1521,27,959
818,231,754,90,1499,21,952
819,256,769,94,1483,26,951
820,251,751,86,1438,23,932
821,259,776,88,1438,23,958
822,257,728,82,1485,14,971
823,254,733,78,1434,25,1019
824,248,741,78,1484,24,979
825,241,742,80,1485,30,979
826,254,760,70,1476,25,1037
827,231,752,75,1478,24,1046
828,238,737,69,1510,24,1078
829,263,787,69,1468,25,1072
830,238,802,50,1526,26,1058
831,246,817,51,1549,21,1089
832,228,822,49,1522,20,1093
833,233,800,50,1494,15,1051
834,236,806,56,1489,23,1073
835,226,816,50,1510,23,1059
836,211,835,52,1529,21,1071
837,226,828,55,1568,25,1120
838,209,839,61,1536,20,1054
839,191,811,54,1549,14,1011
840,175,801,49,1502,13,984
841,193,787,49,1486,15,955
842,160,745,50,1495,19,968
843,174,729,38,1450,24,997
844,172,754,44,1487,23,983
845,176,772,47,1467,25,982
846,194,780,50,1436,26,942
847,188,770,58,1488,20,1013
848,205,822,61,1482,20,1009
849,236,822,57,1453,24,1026
850,219,822,58,1496,26,1016
851,224,817,52,1533,30,989
852,217,812,61,1496,19,1025
853,226,816,59,1434,24,1023
854,262,835,68,1473,24,992
855,242,853,71,1494,17,1037
856,256,834,74,1507,25,1001
857,253,830,62,1517,24,1024
858,236,835,77,1515,19,1063
859,243,859,64,1475,24,1051
860,234,822,62,1456,26,1047
861,250,805,60,1421,23,1062
862,253,790,76,1440,29,1027
863,242,808,79,1460,29,1044
864,225,784,91,1400,23,1037
865,235,783,84,1415,26,1060
866,218,750,105,1412,29,1033
867,218,757,96,1386,31,1051
868,211,730,98,1429,28,1086
869,220,725,96,1448,25,1102
870,217,713,102,1367,23,1098
871,227,718,96,1406,28,1078
872,213,706,104,1444,28,1048
873,229,732,109,1434,28,1083
874,221,744,114,1434,28,1080
875,219,726,113,1440,28,1121
876,213,748,114,1456,28,1150
877,229,758,122,1441,30,1142
878,231,754,121,1501,36,1091
879,231,769,129,1435,36,1121
880,246,732,113,1484,33,1099
881,238,743,152,1469,35,1172
882,235,747,140,1490,36,1183
883,216,716,161,1443,32,1215
884,230,737,138,1463,28,1225
885,212,704,134,1460,30,1225
886,233,722,157,1551,25,1238
887,216,746,146,1567,17,1210
888,229,752,124,1568,21,1268
889,233,781,125,1559,23,1299
890,220,775,129,1606,17,1311
891,228,802,127,1534,19,1320
892,251,798,142,1553,15,1282
893,229,830,123,1572,16,1230
894,216,826,116,1574,20,1229
895,224,845,113,1591,14,1183
896,211,823,130,1620,21,1214
897,218,840,143,1562,21,1197
898,206,836,121,1547,20,1163
899,220,834,130,1500,23,1137
900,204,807,128,1522,20,1173
901,192,794,113,1483,13,1205
902,190,793,121,1474,22,1149
903,213,786,131,1425,15,1180
904,195,805,115,1437,8,1146
905,175,766,94,1366,8,1163
906,206,765,107,1368,11,1178
907,205,762,129,1332,10,1208
908,189,768,113,1347,12,1208
909,202,766,110,1385,16,1176
910,197,716,110,1383,17,1148
911,189,715,120,1392,14,1166
912,195,717,86,1407,8,1149
913,183,700,91,1382,7,1147
914,192,668,94,1364,11,1125
915,204,690,115,1384,7,1097
916,207,692,100,1387,15,1155
917,217,738,78,1351,14,1155
918,197,732,87,1360,6,1103
919,174,741,74,1377,9,1089
920,186,706,66,1392,12,1067
921,192,704,74,1361,9,1056
922,152,676,62,1367,16,1110
923,148,681,54,1375,9,1072
924,147,632,43,1353,11,1096
925,151,629,39,1325,10,1033
926,160,634,45,1308,9,1035
927,131,673,36,1262,6,1042
928,146,681,38,1256,6,1074
929,159,677,41,1200,9,1025
930,137,651,25,1191,3,1046
931,143,646,30,1199,9,1043
932,176,636,37,1211,8,1051
933,149,651,30,1214,8,1070
934,140,611,33,1206,6,1055
935,112,561,34,1247,3,1020
936,118,533,31,1198,9,1018
937,121,544,32,1209,5,994
938,117,537,31,1212,12,1004
939,122,515,33,1175,10,976
940,113,499,35,1155,10,956
941,111,516,37,1159,6,932
942,103,487,44,1172,10,978
943,125,520,43,1231,18,960
944,115,518,42,1241,17,968
945,125,508,65,1247,17,921
946,124,521,70,1196,28,922
947,138,511,78,1236,27,944
948,122,513,74,1274,28,975
949,128,537,69,1305,29,968
950,135,532,70,1315,29,976
951,147,561,86,1310,29,1009
952,156,539,104,1342,29,1025
953,159,588,105,1366,28,1061
954,181,608,104,1369,34,1057
955,185,621,115,1402,38,1073
956,185,613,118,1432,35,1052
957,189,616,124,1480,37,1058
958,184,610,116,1505,37,1107
959,180,632,127,1489,31,1098
960,175,646,98,1504,29,1104
961,164,602,106,1480,34,1126
962,162,607,106,1478,30,1062
963,139,578,84,1462,24,1041
964,124,566,91,1421,29,1027
965,134,551,84,1425,31,982
966,137,540,87,1479,36,1013
967,136,529,88,1512,36,1009
968,140,544,89,1524,36,994
969,145,548,83,1518,32,994
970,152,559,84,1494,37,980
971,143,552,74,1418,31,1034
972,161,577,74,1483,32,1022
973,163,560,92,1487,43,1088
974,164,573,78,1515,45,1126
975,167,566,95,1522,42,1101
976,174,597,86,1526,43,1127
977,172,569,83,1573,38,1104
978,189,582,94,1600,40,1105
979,173,558,92,1578,34,1155
980,183,571,96,1556,27,1235
981,174,586,88,1565,32,1283
982,198,642,93,1535,33,1294
983,228,667,95,1558,29,1304
984,203,649,93,1516,35,1278
985,223,667,93,1523,31,1252
986,225,685,99,1558,31,1284
987,174,643,87,1576,20,1266
988,171,636,84,1630,27,1246
989,160,604,86,1656,27,1226
990,172,608,72,1669,21,1164
991,174,592,79,1670,24,1115
992,158,597,77,1626,23,1119
993,156,585,85,1638,21,1127
994,177,577,84,1624,19,1100
995,154,589,62,1624,19,1117
996,151,571,55,1659,17,1045
997,145,580,62,1667,27,1066
998,138,573,52,1673,15,1000
999,145,568,47,1691,15,970
1000,137,569,50,1652,17,953
1001,135,527,53,1617,16,933
1002,127,550,38,1691,21,941
1003,118,541,38,1714,16,972
1004,147,528,40,1711,17,1011
1005,149,544,55,1694,9,1022
1006,121,483,51,1651,11,987
1007,124,467,45,1660,10,989
1008,137,443,49,1663,14,990
1009,132,423,42,1570,9,1004
1010,132,432,39,1570,16,1002
1011,130,441,35,1575,17,983
1012,133,438,50,1556,17,1012
1013,143,460,42,1530,14,970
1014,136,469,53,1496,19,919
1015,140,470,46,1518,21,876
1016,139,456,50,1570,15,884
1017,129,449,51,1610,14,848
1018,133,451,45,1584,16,840
1019,117,436,50,1573,17,823
1020,106,450,37,1630,15,835
1021,123,439,36,1656,9,863
1022,112,469,47,1596,17,837
1023,124,486,30,1610,13,786
1024,136,488,41,1659,20,812
1025,146,496,49,1648,16,822
1026,136,509,38,1620,20,842
1027,138,499,36,1652,19,819
1028,136,491,49,1663,20,834
1029,139,500,39,1660,21,813
1030,141,513,41,1683,23,784
1031,143,525,43,1668,21,791
1032,154,520,41,1671,20,798
1033,136,498,45,1651,20,796
1034,131,492,39,1625,26,853
1035,128,493,46,1621,27,836
1036,130,477,44,1599,27,815
1037,126,461,37,1511,19,852
1038,125,473,38,1522,26,869
1039,125,483,48,1496,32,844
1040,121,496,51,1551,26,857
1041,118,481,55,1538,33,853
1042,137,472,50,1511,29,840
1043,134,487,53,1571,31,834
1044,145,486,49,1543,33,798
1045,131,489,46,1515,33,834
1046,145,475,56,1547,29,836
1047,144,495,54,1549,38,837
1048,136,515,54,1580,40,821
1049,135,507,51,1559,33,821
1050,143,497,56,1559,36,785
1051,150,503,50,1561,37,808
1052,141,506,39,1566,34,752
1053,139,496,39,1549,37,705
1054,142,513,45,1575,28,742
1055,145,524,44,1506,41,689
1056,150,510,43,1533,39,732
1057,136,506,39,1510,40,719
1058,150,516,39,1487,37,762
1059,150,535,44,1525,48,748
1060,161,555,47,1553,49,728
1061,172,556,58,1527,40,753
1062,171,552,49,1563,43,710
1063,170,567,50,1559,45,746
1064,168,586,44,1569,42,738
1065,166,594,59,1589,38,714
1066,192,588,35,1608,45,727
1067,179,598,47,1647,40,731
1068,168,607,50,1670,44,733
1069,181,622,47,1679,44,778
1070,182,611,59,1715,55,770
1071,190,607,69,1745,55,751
1072,186,577,64,1773,67,784
1073,185,591,67,1807,62,759
1074,219,596,63,1836,59,774
1075,205,628,69,1863,61,735
1076,194,635,60,1908,60,743
1077,226,630,71,1993,70,742
1078,209,639,59,1993,61,738
1079,207,605,61,2099,60,732
1080,200,625,51,2003,57,722
1081,201,606,58,2032,60,747
1082,196,597,54,2043,58,747
1083,199,622,64,2021,57,763
1084,201,644,72,1998,51,749
1085,199,651,52,2004,53,787
1086,214,641,58,1953,65,791
1087,220,644,55,1908,70,788
1088,230,651,46,1901,61,770
1089,234,619,36,1864,60,790
1090,226,647,41,1815,55,769
1091,233,636,43,1813,51,784
1092,223,622,39,1834,57,829
1093,203,632,38,1797,56,820
1094,212,643,44,1814,59,838
1095,229,646,46,1829,60,767
1096,203,656,41,1754,51,759
1097,222,639,37,1743,43,748
1098,208,615,40,1712,38,795
1099,225,659,40,1745,42,771
1100,241,676,28,1703,30,776
1101,250,677,34,1737,41,767
1102,229,696,37,1718,41,771
1103,236,693,38,1777,40,812
1104,231,711,43,1777,36,812
1105,229,721,45,1721,37,845
1106,244,715,31,1756,46,837
1107,262,740,43,1775,47,818
1108,254,769,47,1794,38,868
1109,293,756,49,1775,41,866
1110,270,762,59,1780,42,849
1111,262,739,59,1809,45,867
1112,272,775,52,1718,40,886
1113,273,776,65,1789,48,915
1114,271,800,66,1750,46,902
1115,297,795,53,1775,34,912
1116,276,796,61,1744,44,938
1117,265,775,55,1732,48,949
1118,249,774,64,1753,39,885
1119,229,747,72,1721,37,870
1120,268,746,81,1704,38,877
1121,265,733,92,1693,42,881
1122,227,706,88,1705,40,920
1123,252,714,86,1638,50,937
1124,237,701,83,1618,52,924
1125,229,684,72,1593,67,944
1126,218,709,65,1590,61,900
1127,223,684,55,1589,66,890
1128,225,700,45,1607,64,904
1129,220,650,58,1590,66,901
1130,199,665,50,1634,65,903
1131,209,666,53,1586,77,942
1132,234,698,49,1655,86,939
1133,221,690,40,1649,81,981
1134,229,695,49,1699,86,1012
1135,227,693,43,1674,88,1024
1136,229,719,57,1710,71,1007
1137,229,716,43,1669,67,996
1138,237,744,58,1755,67,1011
1139,247,734,57,1768,66,1001
1140,219,747,62,1824,68,1017
1141,252,764,62,1832,67,1046
1142,251,774,61,1778,65,1051
1143,249,803,65,1815,70,1035
1144,251,796,60,1837,67,1003
1145,261,801,72,1861,63,999
1146,269,816,78,1791,68,1007
1147,275,822,74,1841,62,993
1148,259,843,69,1886,57,958
1149,272,839,74,1849,50,975
1150,252,787,60,1851,45,969
1151,237,788,66,1815,31,933
1152,227,782,42,1804,34,914
1153,210,789,38,1754,21,852
1154,206,732,29,1698,15,820
1155,190,696,27,1676,20,839
1156,160,675,26,1679,22,869
1157,165,701,29,1649,20,838
1158,198,691,40,1645,15,852
1159,174,669,30,1558,13,833
1160,186,633,24,1559,18,869
1161,190,649,33,1549,12,856
1162,192,645,25,1519,20,834
1163,205,664,33,1518,18,847
1164,194,626,38,1494,17,830
1165,181,609,36,1490,14,783
1166,183,599,24,1441,14,847
1167,190,614,30,1409,18,868
1168,186,628,28,1426,19,865
1169,169,626,30,1439,16,898
1170,173,621,33,1441,27,882
1171,183,649,37,1467,24,903
1172,179,641,35,1472,29,912
1173,180,669,29,1481,28,959
1174,183,646,31,1532,30,987
1175,190,662,29,1549,28,1003
1176,205,672,27,1538,33,1025
1177,202,679,40,1519,32,979
1178,194,686,38,1540,35,995
1179,174,670,36,1595,21,1001
1180,171,661,34,1656,24,1043
1181,172,689,41,1663,23,1070
1182,172,679,33,1652,30,1070
1183,164,701,26,1637,24,1089
1184,183,688,22,1650,24,1096
1185,177,689,32,1625,29,1093
1186,179,713,42,1598,24,1098
1187,160,694,39,1635,21,1126
1188,163,707,42,1666,25,1127
1189,150,680,48,1667,25,1100
1190,126,696,49,1721,22,1099
1191,164,686,53,1693,26,1066
1192,153,670,42,1679,25,1052
1193,146,650,47,1652,22,1047
1194,144,656,42,1677,12,979
1195,127,629,43,1618,9,974
1196,118,586,31,1573,6,1005
1197,103,573,32,1505,5,982
1198,87,544,25,1474,6,959
1199,90,513,14,1425,7,943
1200,88,495,17,1330,4,961
1201,76,509,15,1318,3,915
1202,85,519,20,1275,2,931
1203,90,532,16,1279,3,858
1204,98,541,31,1261,5,884
1205,92,528,26,1258,6,834
1206,92,552,24,1240,4,847
1207,100,562,23,1222,3,839
1208,92,551,21,1221,5,816
1209,88,552,25,1172,2,787
1210,96,552,23,1181,3,733
1211,98,565,32,1145,8,725
1212,109,568,25,1134,3,706
1213,98,581,31,1124,5,736
1214,92,584,28,1122,3,730
1215,109,571,34,1160,4,700
1216,109,562,27,1166,3,719
1217,106,556,37,1169,3,743
1218,127,566,29,1181,2,741
1219,122,559,28,1165,1,736
1220,108,566,31,1198,4,760
1221,132,581,37,1176,4,705
1222,126,590,38,1212,4,707
1223,129,612,41,1203,4,688
1224,151,627,34,1225,3,690
1225,148,645,35,1193,3,696
1226,149,602,46,1249,1,659
1227,147,612,48,1224,0,660
1228,149,616,43,1250,4,661
1229,159,613,33,1237,2,681
1230,142,583,37,1228,1,653
1231,147,576,40,1183,2,669
1232,157,572,34,1155,4,675
1233,140,584,27,1150,4,696
1234,156,564,25,1165,3,683
1235,161,560,24,1184,2,692
1236,168,567,37,1213,4,675
1237,165,580,27,1188,3,678
1238,157,577,31,1151,1,662
1239,172,586,28,1153,2,660
1240,165,586,32,1186,4,685
1241,169,587,26,1162,4,680
1242,184,602,38,1215,3,718
1243,178,616,36,1229,2,734
1244,173,602,28,1249,4,723
1245,182,619,32,1255,3,711
1246,182,639,31,1285,8,715
1247,187,638,35,1347,6,708
1248,176,637,36,1365,9,740
1249,190,653,42,1382,5,743
1250,184,667,37,1380,7,772
1251,205,671,36,1422,6,762
1252,219,672,39,1415,12,758
1253,201,696,33,1455,10,744
1254,201,691,50,1448,6,731
1255,215,670,58,1417,8,727
1256,199,694,59,1493,11,710
1257,209,704,42,1457,12,698
1258,190,695,41,1518,11,698
1259,199,699,49,1503,13,673
1260,185,707,53,1582,9,653
1261,151,668,50,1550,12,621
1262,175,675,53,1613,12,626
1263,168,686,39,1548,10,566
1264,177,684,32,1610,6,565
1265,183,699,44,1695,1,543
1266,187,693,31,1733,6,549
1267,169,679,27,1744,4,516
1268,157,677,32,1753,3,511
1269,173,700,19,1669,4,531
1270,188,676,15,1667,5,535
1271,173,701,18,1670,0,556
1272,174,670,18,1644,4,565
1273,195,687,14,1659,3,600
1274,170,660,19,1635,4,634
1275,159,671,16,1672,6,646
1276,154,684,18,1624,2,645
1277,168,693,15,1646,5,617
1278,152,688,14,1617,4,631
1279,152,721,14,1614,3,606
1280,159,712,7,1674,5,599
1281,188,732,18,1626,3,573
1282,179,718,12,1669,4,630
1283,183,727,12,1591,4,614
1284,205,724,8,1611,4,601
1285,174,686,12,1543,4,600
1286,179,693,13,1564,2,598
1287,173,702,16,1543,3,629
1288,184,710,19,1474,3,600
1289,202,714,7,1441,4,624
1290,173,719,9,1385,0,595
1291,137,694,9,1374,2,609
1292,176,660,14,1351,2,603
1293,181,645,10,1253,2,628
1294,171,612,13,1307,1,584
1295,178,600,9,1267,2,590
1296,172,623,13,1324,3,591
1297,160,615,10,1249,0,573
1298,151,633,13,1297,3,578
1299,156,581,10,1218,0,556
1300,159,591,13,1179,2,539
1301,164,595,10,1131,1,520
1302,149,563,9,1123,0,482
1303,137,607,14,1108,1,488
1304,175,579,8,1129,6,486
1305,175,563,11,1186,4,466
1306,141,575,15,1192,3,454
1307,144,573,9,1128,4,466
1308,155,561,8,1158,2,491
1309,147,545,4,1148,1,521
1310,146,538,6,1133,2,523
1311,132,565,8,1103,1,480
1312,132,582,8,1019,1,518
1313,134,601,8,1062,2,516
1314,149,623,9,1029,2,523
1315,153,618,11,1060,0,539
1316,143,624,8,1007,1,533
1317,147,635,13,1036,1,557
1318,145,604,15,1024,2,600
1319,135,588,11,1047,2,570
1320,123,590,16,1079,4,582
1321,127,582,9,1117,5,592
1322,114,572,6,1112,3,617
1323,116,603,6,1116,3,607
1324,139,618,12,1121,4,615
1325,135,627,8,1145,6,631
1326,128,636,3,1137,4,611
1327,126,626,14,1146,4,636
1328,118,630,17,1164,6,603
1329,134,630,10,1163,3,603
1330,146,606,8,1128,6,624
1331,144,618,10,1141,5,592
1332,126,609,4,1144,3,586
1333,119,597,9,1149,0,568
1334,107,602,10,1200,5,563
1335,97,598,11,1207,4,598
1336,123,573,15,1246,3,604
1337,96,553,8,1226,1,575
1338,85,532,11,1214,2,563
1339,92,518,7,1232,4,566
1340,81,514,10,1236,2,580
1341,71,529,11,1228,2,629
1342,82,518,7,1194,7,636
1343,96,495,11,1225,1,616
1344,86,507,16,1210,5,588
1345,88,516,12,1221,1,585
1346,96,514,12,1213,4,583
1347,89,513,18,1212,7,574
1348,110,519,17,1221,5,556
1349,102,505,22,1243,4,581
1350,97,498,14,1228,3,609
1351,93,510,19,1264,5,608
1352,85,539,12,1258,4,585
1353,99,535,16,1255,5,586
1354,109,563,15,1267,6,590
1355,100,570,15,1283,5,602
1356,107,577,13,1286,7,609
1357,101,581,21,1286,6,629
1358,87,576,24,1368,8,620
1359,94,607,17,1343,6,603
1360,105,609,23,1353,9,597
1361,93,613,24,1359,3,625
1362,85,605,18,1341,2,598
1363,94,600,22,1316,8,638
1364,93,604,23,1317,10,628
1365,109,644,15,1273,10,645
1366,111,654,22,1395,8,678
1367,108,668,25,1367,9,683
1368,111,662,16,1359,10,679
1369,83,635,20,1337,9,686
1370,86,621,16,1322,12,687
1371,134,656,18,1316,11,681
1372,109,674,21,1387,10,685
1373,127,683,34,1393,11,689
1374,130,682,32,1410,12,668
1375,107,679,23,1362,7,677
1376,124,666,22,1373,5,697
1377,125,683,13,1348,4,656
1378,122,647,21,1302,3,661
1379,97,626,28,1258,7,664
1380,81,614,30,1262,8,669
1381,89,595,23,1214,5,654
1382,84,582,23,1170,10,653
1383,76,558,24,1207,7,645
1384,82,586,30,1142,5,671
1385,96,591,22,1080,4,670
1386,94,594,20,1143,6,688
1387,106,599,19,1092,8,706
1388,109,611,26,1130,11,736
1389,107,624,26,1106,11,752
1390,129,652,30,1123,11,775
1391,141,652,26,1154,14,824
1392,130,683,25,1123,14,798
1393,124,689,26,1101,12,841
1394,140,697,33,1129,16,878
1395,136,691,34,1127,17,867
1396,117,684,31,1119,19,877
1397,130,692,23,1152,21,863
1398,123,722,23,1145,18,844
1399,135,724,23,1195,7,875
1400,144,723,27,1150,14,859
1401,140,746,30,1198,11,896
1402,170,755,19,1186,11,930
1403,153,741,28,1216,11,931
1404,144,762,17,1249,12,962
1405,158,731,31,1268,15,986
1406,148,751,19,1247,15,999
1407,142,749,23,1241,16,984
1408,151,729,26,1252,12,993
1409,151,783,25,1227,19,993
1410,157,774,18,1215,15,1036
1411,145,764,25,1217,5,1076
1412,139,768,27,1225,6,1064
1413,164,768,21,1224,7,1098
1414,145,777,27,1211,9,1127
1415,159,782,31,1171,8,1098
1416,156,775,28,1190,9,1104
1417,137,748,22,1182,7,1137
1418,154,721,28,1088,13,1154
1419,148,736,32,1135,15,1174
1420,161,733,30,1103,21,1206
1421,148,737,25,1101,18,1194
1422,154,745,17,1057,18,1276
1423,171,719,20,1079,16,1255
1424,168,708,22,1031,20,1294
1425,162,700,20,1030,18,1217
1426,145,697,22,1017,14,1217
1427,144,676,22,998,16,1223
1428,143,688,20,957,17,1231
1429,180,673,19,891,8,1188
1430,158,692,25,912,26,1222
1431,152,685,25,873,13,1248
1432,159,726,26,937,18,1245
1433,152,725,25,961,14,1343
1434,133,725,39,996,12,1319
1435,163,746,27,1021,17,1395
1436,184,772,29,1012,18,1431
1437,175,776,29,1063,21,1409
1438,199,753,29,1093,23,1405
1439,181,785,41,1106,13,1396
1440,189,780,34,1167,21,1292
1441,205,744,30,1181,18,1309
1442,203,763,33,1212,20,1260
1443,223,739,41,1203,22,1262
1444,196,713,48,1217,14,1187
1445,193,699,44,1234,10,1233
1446,219,706,43,1187,18,1245
1447,202,673,43,1184,16,1237
1448,170,652,40,1184,15,1271
1449,177,650,42,1229,12,1289
1450,160,641,42,1217,16,1234
1451,162,659,50,1257,15,1187
1452,183,656,52,1203,13,1206
1453,188,611,54,1222,12,1171
1454,183,602,52,1208,13,1194
1455,187,586,54,1143,11,1157
1456,165,585,58,1109,9,1179
1457,171,559,49,1135,9,1168
1458,182,540,33,1081,17,1147
1459,184,569,29,1129,17,1194
1460,176,563,61,1088,12,1200
1461,194,562,64,1126,21,1144
1462,193,572,55,1140,15,1130
1463,182,576,61,1155,19,1133
1464,175,587,46,1161,21,1103
1465,186,586,47,1190,30,1120
1466,172,584,56,1206,19,1175
1467,178,569,52,1222,27,1177
1468,167,576,51,1169,21,1173
1469,146,567,39,1178,30,1128
1470,134,569,27,1170,30,1110
1471,127,557,28,1167,17,1067
1472,127,553,20,1122,8,1062
1473,113,559,23,1168,5,1103
1474,147,564,17,1296,7,1107
1475,153,575,22,1368,8,1147
1476,143,561,24,1400,10,1156
1477,139,567,25,1372,8,1107
1478,159,571,31,1415,8,1106
1479,161,599,38,1343,10,1079
1480,168,606,39,1350,20,1082
1481,174,602,36,1405,18,1055
1482,172,603,36,1345,15,1076
1483,176,619,42,1301,12,1029
1484,172,606,42,1289,14,1088
1485,162,589,26,1287,20,1083
1486,179,600,31,1283,16,1167
1487,161,616,40,1300,21,1174
1488,175,630,36,1320,15,1248
1489,176,642,42,1301,21,1235
1490,171,667,41,1314,25,1295
1491,176,668,32,1293,19,1306
1492,172,680,42,1301,29,1288
1493,193,657,35,1286,28,1299
1494,201,675,37,1287,32,1266
1495,204,665,34,1271,32,1326
1496,186,663,33,1291,34,1298
1497,196,667,53,1248,31,1313
1498,176,662,54,1248,29,1286
1499,209,682,51,1257,28,1294
1500,209,704,52,1233,31,1329
1501,210,664,43,1266,32,1266
1502,230,663,51,1233,32,1300
1503,218,661,57,1214,28,1253
1504,210,626,57,1199,28,1329
1505,197,632,43,1226,31,1356
1506,211,615,42,1257,33,1411
1507,208,627,40,1238,48,1415
1508,198,614,40,1240,33,1472
1509,220,613,54,1238,44,1420
1510,210,637,56,1272,38,1362
1511,197,610,42,1262,32,1385
1512,203,636,44,1319,39,1394
1513,191,625,46,1276,41,1346
1514,202,629,52,1312,45,1331
1515,200,603,33,1272,35,1266
1516,212,628,36,1288,37,1274
1517,214,641,30,1271,44,1299
1518,223,663,43,1299,37,1290
1519,226,662,44,1337,33,1263
1520,234,669,42,1340,31,1297
1521,225,678,28,1325,35,1274
1522,208,665,37,1411,43,1301
1523,245,675,48,1446,32,1251
1524,246,689,54,1443,35,1243
1525,241,676,69,1475,36,1230
1526,240,704,52,1483,35,1273
1527,239,705,60,1538,45,1297
1528,253,717,51,1550,43,1338
1529,250,726,54,1507,39,1275
1530,250,747,65,1538,36,1333
1531,262,736,76,1542,34,1372
1532,264,752,60,1578,35,1366
1533,272,749,67,1561,29,1347
1534,282,779,78,1586,39,1315
1535,276,775,68,1580,32,1313
1536,284,765,63,1609,25,1299
1537,269,778,67,1630,27,1306
1538,266,779,48,1658,27,1227
1539,263,807,69,1619,44,1277
1540,278,793,48,1642,47,1343
1541,256,806,59,1607,41,1359
1542,262,776,69,1664,52,1309
1543,271,796,61,1670,60,1361
1544,273,805,66,1697,55,1360
1545,313,836,66,1717,50,1365
1546,289,838,70,1660,51,1395
1547,293,826,70,1678,42,1328
1548,299,838,82,1702,47,1340
1549,311,834,68,1699,41,1285
1550,284,841,63,1694,49,1319
1551,258,795,75,1661,40,1250
1552,265,796,67,1603,41,1265
1553,250,795,61,1619,41,1271
1554,268,803,63,1546,43,1290
1555,254,812,72,1510,42,1337
1556,269,835,62,1506,44,1339
1557,262,827,64,1456,46,1293
1558,259,817,70,1453,43,1314
1559,266,813,60,1481,30,1293
1560,257,850,51,1548,29,1301
1561,247,821,71,1617,36,1331
1562,236,828,78,1548,28,1195
1563,224,765,55,1545,40,1181
1564,266,805,57,1448,28,1163
1565,228,783,63,1541,25,1170
1566,216,793,61,1519,25,1147
1567,245,798,50,1436,23,1085
1568,237,800,53,1395,29,1044
1569,225,767,53,1342,29,1069
1570,244,774,59,1366,27,1031
1571,233,786,49,1308,23,1046
1572,208,761,57,1347,29,1024
1573,247,760,67,1354,31,1043
1574,229,734,63,1364,38,1113
1575,226,747,71,1323,29,1140
1576,211,750,62,1348,29,1162
1577,222,779,59,1297,39,1120
1578,219,744,53,1335,22,1151
1579,224,765,56,1311,33,1134
1580,193,745,52,1384,35,1166
1581,193,750,53,1349,37,1135
1582,202,728,50,1369,32,1143
1583,214,750,65,1324,36,1108
1584,210,753,50,1381,36,1117
1585,198,739,60,1381,34,1074
1586,196,721,53,1339,31,1024
1587,182,678,48,1334,35,1008
1588,198,680,43,1331,33,982
1589,199,667,43,1291,36,966
1590,200,646,47,1310,31,981
1591,170,611,41,1277,28,968
1592,175,624,50,1284,30,1009
1593,182,627,43,1277,22,979
1594,179,635,46,1298,16,1025
1595,170,643,38,1307,25,1042
1596,166,645,40,1218,23,1062
1597,164,654,47,1243,32,1031
1598,172,655,48,1288,31,1074
1599,164,654,38,1291,22,1096
1600,193,702,41,1264,26,1100
1601,177,685,49,1266,29,1093
1602,181,698,37,1266,39,1111
1603,173,677,38,1260,38,1090
1604,183,696,38,1249,34,1089
1605,174,699,46,1204,37,1098
1606,182,679,52,1167,36,1090
1607,178,658,54,1179,41,1087
1608,164,670,52,1176,29,1051
1609,151,641,51,1146,27,1008
1610,133,611,60,1087,40,1005
1611,121,597,56,1129,36,991
1612,143,596,51,1094,34,997
1613,145,601,43,1073,28,986
1614,141,636,49,1057,32,962
1615,142,644,50,1074,37,955
1616,135,649,62,1085,28,907
1617,157,654,62,1059,29,924
1618,158,670,65,1122,29,903
1619,181,662,65,1105,28,873
1620,170,690,63,1138,31,891
1621,157,677,60,1076,34,930
1622,172,683,57,1115,33,871
1623,168,711,56,1076,34,884
1624,178,699,52,1126,37,857
1625,186,691,54,1108,32,856
1626,174,694,61,1128,43,890
1627,168,677,60,1073,30,897
1628,194,676,56,1082,41,855
1629,191,665,50,1078,43,904
1630,191,694,47,1092,51,890
1631,205,723,65,1061,37,858
1632,220,759,59,1113,46,812
1633,213,768,61,1083,46,787
1634,240,757,65,1081,44,807
1635,207,771,68,1104,44,753
1636,215,785,63,1131,41,730
1637,220,779,68,1162,40,742
1638,226,796,66,1213,44,745
1639,218,792,59,1247,31,726
1640,234,795,67,1298,34,701
1641,230,821,68,1328,22,724
1642,228,845,65,1386,26,702
1643,246,867,72,1406,31,707
1644,238,888,59,1415,27,714
1645,268,888,76,1493,30,680
1646,247,862,75,1474,35,699
1647,244,890,83,1462,28,655
1648,262,894,87,1487,29,677
1649,260,882,84,1503,18,622
1650,261,880,92,1431,19,643
1651,256,901,97,1380,15,639
1652,243,912,84,1335,16,611
1653,258,947,87,1336,24,625
1654,261,908,90,1346,22,595
1655,293,950,97,1362,27,619
1656,272,929,87,1397,29,632
1657,252,945,78,1358,20,616
1658,251,964,78,1349,22,563
1659,267,961,78,1417,19,598
1660,258,953,73,1490,20,610
1661,274,973,77,1502,22,618
1662,266,953,78,1492,23,638
1663,249,948,58,1534,26,630
1664,246,948,61,1624,28,622
1665,267,894,68,1660,31,624
1666,248,913,74,1685,28,607
1667,230,870,69,1641,26,638
1668,244,904,58,1669,26,646
1669,262,938,43,1626,21,658
1670,251,936,59,1637,25,681
1671,273,947,67,1640,19,667
1672,272,933,60,1661,25,710
1673,222,915,59,1606,30,688
1674,232,906,68,1623,37,690
1675,234,896,64,1571,32,687
1676,248,899,60,1559,23,676
1677,236,923,58,1566,17,683
1678,222,921,61,1585,25,644
1679,224,884,56,1592,19,631
1680,218,858,51,1562,14,639
1681,210,876,54,1585,20,661
1682,217,891,53,1572,18,643
1683,212,914,61,1582,19,662
1684,240,916,55,1592,20,660
1685,266,934,83,1636,22,660
1686,254,945,70,1648,19,627
1687,281,958,77,1648,27,649
1688,270,949,72,1638,27,630
1689,291,946,56,1584,26,638
1690,287,947,72,1559,24,627
1691,257,960,68,1564,21,630
1692,257,943,62,1578,20,627
1693,254,937,64,1614,24,640
1694,277,928,80,1655,20,626
1695,278,891,84,1595,23,654
1696,233,900,75,1659,23,623
1697,250,895,86,1680,17,651
1698,244,918,79,1684,18,636
1699,246,917,61,1697,27,663
1700,245,927,73,1708,19,657
1701,314,953,85,1720,25,683
1702,304,957,81,1722,29,659
1703,286,968,76,1716,38,642
1704,293,960,73,1697,34,638
1705,317,975,83,1676,19,638
1706,302,973,70,1657,29,675
1707,273,969,85,1689,21,674
1708,270,961,74,1700,25,691
1709,266,979,71,1699,26,680
1710,271,985,70,1702,22,692
1711,277,963,84,1698,23,665
1712,263,972,63,1712,27,697
1713,255,974,69,1659,28,709
1714,274,996,64,1699,22,702
1715,275,970,72,1679,26,723
1716,281,990,70,1678,21,711
1717,259,1003,83,1704,19,699
1718,278,1016,83,1700,31,713
1719,256,1022,85,1688,29,725
1720,278,1087,86,1644,29,733
1721,268,1071,90,1621,37,753
1722,260,1086,85,1593,44,711
1723,279,1076,90,1584,43,760
1724,285,1084,101,1601,32,773
1725,294,1074,101,1576,38,771
1726,274,1118,97,1525,42,780
1727,274,1085,89,1530,49,788
1728,267,1088,109,1573,38,777
1729,278,1040,107,1538,42,779
1730,291,1072,118,1561,48,791
1731,268,1066,106,1549,42,800
1732,304,1070,108,1541,39,774
1733,279,1055,126,1546,39,756
1734,261,1066,122,1564,24,686
1735,259,1032,112,1559,27,695
1736,255,1001,102,1560,26,677
1737,250,955,90,1529,20,688
1738,237,930,124,1525,21,718
1739,231,918,101,1501,25,701
1740,244,897,99,1461,27,717
1741,247,878,98,1420,25,686
1742,229,851,115,1417,33,686
1743,205,850,114,1390,32,649
1744,205,801,97,1373,27,636
1745,207,766,100,1300,30,622
1746,198,753,92,1323,25,579
1747,208,726,90,1321,31,580
1748,185,728,89,1348,29,592
1749,204,742,95,1326,32,611
1750,212,774,100,1332,27,627
1751,198,754,87,1384,33,616
1752,207,775,89,1383,28,647
1753,199,761,81,1430,37,643
1754,223,781,85,1440,29,632
1755,213,779,96,1478,28,638
1756,186,798,86,1513,31,662
1757,186,787,87,1540,30,653
1758,196,803,85,1567,23,684
1759,209,812,86,1586,22,667
1760,219,812,86,1622,24,682
1761,204,810,87,1637,31,673
1762,231,820,85,1668,29,710
1763,204,830,76,1701,35,713
1764,196,790,80,1716,34,679
1765,181,795,72,1746,34,701
1766,192,756,56,1749,24,701
1767,177,742,61,1706,27,718
1768,182,743,58,1749,30,722
1769,179,739,66,1731,28,706
1770,168,738,69,1754,17,694
1771,191,709,70,1780,23,691
1772,173,728,72,1791,27,692
1773,177,724,64,1815,27,707
1774,163,680,63,1786,29,688
1775,159,662,54,1821,24,695
1776,144,660,49,1813,26,699
1777,141,626,40,1801,24,697
1778,133,601,47,1786,21,710
1779,119,582,43,1788,24,693
1780,132,549,56,1794,29,681
1781,138,571,59,1819,33,701
1782,127,565,55,1819,24,664
1783,141,575,57,1849,29,683
1784,158,586,52,1892,21,668
1785,174,598,56,1887,25,714
1786,166,599,56,1846,22,718
1787,163,584,52,1850,19,723
1788,164,611,50,1822,22,730
1789,159,597,41,1795,18,740
1790,169,590,42,1810,17,723
1791,165,618,51,1734,18,714
1792,153,627,61,1745,11,715
1793,137,588,43,1693,13,716
1794,132,585,33,1616,9,701
1795,138,564,38,1573,9,713
1796,135,534,54,1534,13,687
1797,131,543,42,1490,11,730
1798,119,540,40,1513,12,752
1799,147,524,54,1469,15,739
1800,149,535,45,1443,10,770
1801,114,503,26,1435,15,782
1802,114,502,36,1406,13,777
1803,112,497,30,1387,9,764
1804,93,494,35,1381,10,791
1805,99,520,31,1396,8,804
1806,94,493,38,1353,9,799
1807,97,494,25,1358,7,786
1808,101,503,32,1352,8,796
1809,102,507,39,1373,13,799
1810,103,508,30,1385,12,790
1811,101,518,30,1362,16,807
1812,101,511,36,1338,20,807
1813,102,522,38,1408,20,774
1814,80,513,46,1452,26,799
1815,83,504,43,1467,18,812
1816,85,518,36,1501,14,780
1817,85,526,30,1477,16,793
1818,98,529,30,1498,16,785
1819,111,527,37,1547,18,783
1820,93,527,35,1537,14,756
1821,89,506,29,1615,12,738
1822,99,491,27,1622,8,732
1823,83,517,25,1584,13,709
1824,98,504,34,1567,12,689
1825,77,509,33,1566,9,682
1826,90,522,36,1589,10,670
1827,95,549,40,1566,9,691
1828,84,551,43,1594,12,666
1829,96,552,36,1654,7,666
1830,98,563,36,1632,17,682
1831,97,578,43,1673,22,676
1832,114,574,43,1723,21,727
1833,106,591,42,1722,22,714
1834,101,576,41,1718,23,697
1835,116,582,41,1689,22,713
1836,106,567,44,1722,25,700
1837,105,565,42,1728,23,721
1838,118,548,53,1698,19,645
1839,125,556,35,1648,19,640
1840,108,552,36,1596,18,659
1841,101,534,28,1551,14,649
1842,107,528,21,1513,8,638
1843,101,546,32,1439,3,640
1844,97,532,29,1385,6,656
1845,98,521,22,1358,5,660
1846,96,521,16,1343,5,681
1847,102,501,19,1349,10,713
1848,86,512,20,1343,7,734
1849,81,485,21,1341,9,733
1850,92,494,19,1385,10,722
1851,76,498,22,1383,7,730
1852,87,501,22,1411,7,714
1853,87,512,19,1411,3,735
1854,100,509,23,1383,9,739
1855,107,524,32,1421,2,753
1856,101,523,29,1413,6,771
1857,83,507,23,1438,7,773
1858,98,539,28,1410,10,786
1859,107,531,29,1382,7,753
1860,98,548,32,1425,12,765
1861,106,556,36,1464,5,758
1862,109,544,36,1513,13,756
1863,114,538,34,1508,9,736
1864,99,520,27,1507,11,729
1865,100,498,28,1543,9,734
1866,98,502,40,1528,10,750
1867,91,482,30,1538,13,790
1868,86,462,31,1496,9,781
1869,78,466,36,1508,12,795
1870,84,482,25,1504,12,791
1871,75,485,34,1534,11,792
1872,69,472,29,1496,11,762
1873,88,473,26,1479,13,792
1874,92,473,24,1469,15,763
1875,84,489,27,1475,15,796
1876,92,494,22,1442,14,800
1877,94,488,31,1409,13,821
1878,95,496,30,1365,14,841
1879,96,499,37,1348,16,868
1880,94,492,31,1356,14,850
1881,103,513,35,1376,17,901
1882,96,514,27,1380,12,903
1883,96,521,28,1343,9,880
1884,107,535,31,1393,20,889
1885,101,541,39,1368,15,827
1886,100,542,35,1409,21,789
1887,93,555,27,1404,20,785
1888,106,580,29,1454,19,793
1889,92,557,36,1449,17,809
1890,110,537,39,1426,14,825
1891,111,548,34,1435,18,793
1892,91,552,37,1369,20,852
1893,95,555,33,1366,18,885
1894,95,545,32,1334,15,867
1895,96,545,41,1296,22,881
1896,107,545,34,1283,26,879
1897,98,533,51,1287,18,904
1898,93,528,41,1298,15,862
1899,85,521,51,1268,20,843
1900,84,484,43,1278,18,884
1901,74,471,38,1187,13,904
1902,96,458,46,1147,13,885
1903,81,469,44,1137,15,884
1904,70,438,40,1151,16,901
1905,80,464,41,1123,8,899
1906,84,467,49,1101,13,909
1907,90,484,54,1112,13,925
1908,88,467,47,1075,9,883
1909,85,459,55,1094,14,884
1910,91,438,58,1102,14,889
1911,84,446,57,1133,14,888
1912,79,435,59,1115,21,868
1913,94,444,61,1137,14,840
1914,80,431,70,1113,22,869
1915,89,433,52,1104,28,896
1916,89,444,53,1127,23,857
1917,91,465,56,1137,26,877
1918,95,467,61,1173,28,875
1919,102,459,67,1196,20,864
1920,102,478,67,1201,28,888
1921,107,487,69,1212,29,841
1922,114,474,62,1223,33,805
1923,119,506,64,1238,39,858
1924,123,528,70,1150,37,865
1925,128,536,58,1194,38,843
1926,127,542,64,1206,51,870
1927,134,530,71,1208,52,881
1928,133,552,71,1205,58,880
1929,140,549,86,1218,52,899
1930,147,572,66,1260,48,936
1931,140,577,70,1236,46,932
1932,143,586,73,1239,56,910
1933,163,609,83,1210,58,957
1934,173,622,76,1209,66,934
1935,186,619,73,1192,61,945
1936,184,648,82,1203,60,949
1937,180,679,84,1254,47,910
1938,192,665,85,1201,54,931
1939,181,665,80,1238,52,931
1940,174,635,74,1172,48,951
1941,163,632,63,1227,56,926
1942,175,639,64,1260,59,986
1943,167,636,77,1217,56,975
1944,200,672,74,1232,53,962
1945,179,668,75,1212,50,964
1946,179,642,79,1197,53,961
1947,199,652,78,1204,48,916
1948,190,650,78,1208,49,932
1949,164,616,87,1230,43,930
1950,190,632,95,1249,41,935
1951,205,637,104,1305,52,966
1952,189,621,110,1282,63,931
1953,203,637,104,1255,58,938
1954,230,647,114,1253,64,942
1955,221,648,128,1224,63,1008
1956,242,664,111,1206,68,984
1957,245,660,125,1276,67,990
1958,244,665,128,1323,66,946
1959,229,642,133,1356,75,994
1960,225,668,133,1344,70,977
1961,240,681,125,1380,75,973
1962,245,691,163,1368,76,971
1963,239,702,142,1365,62,969
1964,247,658,144,1420,86,997
1965,240,677,150,1425,81,1002
1966,239,694,150,1445,93,986
1967,256,709,161,1507,82,1011
1968,254,708,127,1502,86,1003
1969,250,734,147,1554,91,1049
1970,243,736,135,1573,83,1034
1971,261,723,152,1588,89,1034
1972,235,728,128,1575,88,1044
1973,240,703,138,1521,97,1047
1974,239,713,141,1565,89,1059
1975,223,691,135,1539,94,1111
1976,233,734,142,1410,96,1111
1977,227,723,140,1393,98,1038
1978,224,752,144,1387,103,1083
1979,207,751,125,1372,99,1084
1980,223,728,135,1403,105,1054
1981,239,742,130,1417,109,1147
1982,247,751,142,1437,102,1160
1983,229,751,127,1421,109,1203
1984,238,752,137,1433,99,1204
1985,244,771,148,1448,112,1163
1986,226,758,147,1436,102,1168
1987,242,781,138,1400,108,1161
1988,246,778,147,1512,108,1186
1989,251,789,155,1507,109,1228
1990,252,808,170,1551,119,1224
1991,256,817,156,1599,121,1212
1992,278,822,179,1593,113,1166
1993,280,798,166,1587,119,1159
1994,279,808,167,1543,113,1125
1995,268,802,182,1604,109,1168
1996,266,827,198,1604,105,1180
1997,249,804,183,1658,97,1212
1998,266,818,193,1700,110,1218
1999,259,805,185,1761,118,1243
2000,246,834,202,1767,117,1223
2001,248,809,202,1709,116,1303
2002,255,819,182,1747,99,1241
2003,249,791,170,1729,95,1274
2004,240,842,173,1758,95,1297
2005,209,794,169,1740,103,1322
2006,193,816,150,1748,100,1281
2007,186,801,125,1761,90,1294
2008,166,816,125,1790,93,1310
2009,161,769,120,1825,82,1284
2010,169,753,100,1804,79,1339
2011,174,748,100,1785,71,1379
2012,133,759,94,1823,79,1332
2013,118,784,104,1782,75,1348
2014,143,778,94,1755,64,1316
2015,139,773,83,1689,76,1365
2016,153,768,94,1667,69,1278
2017,155,802,98,1675,85,1305
2018,149,832,93,1671,55,1297
2019,188,855,102,1677,69,1272
2020,180,857,114,1664,83,1340
2021,187,883,134,1687,85,1323
2022,214,835,119,1725,81,1281
2023,215,893,140,1691,95,1336
2024,187,879,134,1752,83,1266
2025,231,900,139,1728,94,1310
2026,234,890,119,1738,83,1281
2027,214,916,106,1776,86,1328
2028,199,866,106,1824,63,1288
2029,210,900,96,1809,85,1351
2030,196,879,101,1834,86,1245
2031,199,868,82,1805,77,1298
2032,188,868,90,1851,68,1235
2033,202,868,95,1861,80,1295
2034,199,877,85,1901,67,1253
2035,206,874,83,1941,81,1338
2036,216,905,117,1933,100,1307
2037,212,903,109,1952,95,1325
2038,230,902,111,1937,108,1271
2039,213,878,106,1974,93,1311
2040,221,894,113,2008,101,1296
2041,221,896,108,1975,112,1322
2042,245,918,105,1957,115,1302
2043,257,904,117,2075,124,1323
2044,234,916,117,2096,129,1267
2045,252,941,139,2051,122,1277
2046,249,910,115,1993,132,1216
2047,251,912,125,2087,124,1144
2048,252,937,115,2058,135,1120
2049,285,922,110,1979,135,1100
2050,289,937,118,2008,137,1069
2051,282,893,114,1945,134,1092
2052,251,926,96,1901,123,1103
2053,253,914,85,1880,110,1084
2054,254,898,74,1903,119,1069
2055,219,893,75,1897,97,1042
2056,243,895,81,1898,91,1043
2057,219,874,71,1887,93,1019
2058,222,901,76,1882,94,1044
2059,210,905,81,1836,96,1085
2060,224,889,70,1892,92,1088
2061,246,906,78,1877,92,1036
2062,221,910,87,1975,87,1016
2063,234,935,93,1994,81,1009
2064,225,957,82,1921,91,1012
2065,217,957,88,2001,88,1110
2066,241,944,96,2029,97,1089
2067,215,952,100,2052,98,1153
2068,233,955,96,2037,103,1173
2069,254,971,86,2083,111,1145
2070,254,957,84,2099,100,1188
2071,240,930,101,2110,117,1151
2072,214,955,93,2069,116,1119
2073,239,912,100,2075,119,1141
2074,207,958,95,2031,119,1139
2075,235,957,89,2091,115,1127
2076,218,947,84,2071,126,1096
2077,196,955,89,2007,101,1115
2078,217,913,86,2003,87,1121
2079,221,942,88,2011,89,1116
2080,208,942,91,1970,84,1091
2081,214,925,85,1981,95,1120
2082,221,946,98,1945,95,1048
2083,236,935,95,1951,110,1113
2084,223,952,93,1955,87,1079
2085,210,959,92,1898,115,1107
2086,204,984,91,1880,97,1090
2087,197,972,95,1864,99,1117
2088,176,980,89,1869,84,1047
2089,179,972,92,1835,68,1089
2090,171,911,91,1733,83,1072
2091,175,919,95,1664,95,1107
2092,160,872,75,1644,73,1032
2093,156,870,72,1601,59,1040
2094,153,839,72,1591,57,1028
2095,177,826,71,1574,58,1026
2096,173,814,70,1542,73,1002
2097,173,820,69,1473,60,937
2098,161,821,75,1508,54,954
2099,164,838,73,1477,65,970
2100,180,826,88,1514,68,938
2101,193,871,74,1494,60,1023
2102,197,832,78,1552,62,1011
2103,178,885,73,1565,63,1007
2104,169,887,66,1644,64,1042
2105,178,865,69,1653,87,1049
2106,198,883,81,1633,84,1021
2107,191,866,76,1607,84,1012
2108,191,857,74,1588,87,1033
2109,191,854,75,1641,91,1045
2110,159,841,83,1636,92,1061
2111,149,869,80,1696,89,1021
2112,184,856,90,1691,86,1045
2113,199,867,83,1670,76,1014
2114,178,842,90,1657,82,1035
2115,161,848,66,1579,63,1021
2116,147,793,74,1547,60,1036
2117,134,757,69,1421,55,1021
2118,145,741,75,1420,50,1015
2119,140,710,53,1339,54,1009
2120,131,714,49,1326,51,1035
2121,126,679,49,1281,49,1016
2122,121,657,53,1291,52,1048
2123,131,647,54,1298,52,1049
2124,126,635,55,1374,54,1098
2125,124,627,56,1367,44,1065
2126,122,632,55,1427,54,1042
2127,134,630,60,1453,58,1119
2128,132,647,63,1453,44,1136
2129,136,649,66,1505,57,1125
2130,113,640,79,1498,55,1132
2131,105,664,80,1528,71,1157
2132,113,660,75,1526,58,1143
2133,122,639,79,1567,53,1139
2134,132,660,72,1527,58,1178
2135,112,629,64,1577,55,1127
2136,98,634,62,1602,67,1148
2137,96,629,59,1553,53,1139
2138,90,637,63,1603,64,1175
2139,88,637,62,1622,66,1201
2140,89,643,76,1607,57,1232
2141,103,621,67,1608,56,1205
2142,101,633,51,1590,62,1172
2143,91,649,60,1581,55,1182
2144,72,636,66,1524,68,1201
2145,106,647,72,1530,65,1216
2146,99,676,84,1489,58,1207
2147,111,704,73,1489,81,1210
2148,124,729,88,1480,90,1216
2149,110,734,95,1466,82,1253
2150,120,761,89,1496,85,1227
2151,126,783,97,1490,81,1175
2152,110,776,98,1504,82,1190
2153,137,806,122,1468,78,1143
2154,134,841,109,1475,66,1104
2155,136,841,96,1478,85,1145
2156,142,881,101,1522,80,1179
2157,162,909,95,1570,79,1164
2158,137,922,105,1538,59,1127
2159,159,920,89,1593,67,1237
2160,143,919,86,1578,62,1218
2161,143,909,88,1595,65,1236
2162,143,927,84,1618,52,1205
2163,144,925,83,1577,66,1213
2164,131,901,82,1580,58,1209
2165,130,890,68,1566,46,1218
2166,110,858,63,1517,56,1195
2167,109,791,66,1555,48,1217
2168,101,791,53,1517,55,1176
2169,93,756,47,1479,56,1232
2170,102,673,50,1482,58,1243
2171,113,652,56,1391,62,1244
2172,100,641,62,1370,57,1307
2173,111,641,60,1371,78,1332
2174,98,676,53,1304,72,1287
2175,110,694,65,1310,80,1312
2176,101,705,64,1284,73,1246
2177,107,735,62,1248,70,1247
2178,114,741,66,1249,65,1253
2179,130,778,71,1286,55,1271
2180,123,792,66,1268,72,1209
2181,122,782,57,1281,65,1253
2182,128,750,80,1350,74,1261
2183,135,724,80,1313,81,1320
2184,151,741,71,1276,87,1325
2185,151,730,76,1339,82,1309
2186,161,734,86,1317,88,1267
2187,137,737,85,1352,87,1343
2188,126,724,68,1320,77,1365
2189,133,721,85,1369,66,1273
2190,145,755,83,1349,63,1266
2191,119,756,83,1373,49,1264
2192,130,772,87,1342,62,1275
2193,126,763,67,1284,44,1205
2194,118,757,59,1249,56,1218
2195,126,731,70,1200,49,1171
2196,122,703,75,1225,49,1177
2197,111,667,64,1155,54,1179
2198,95,640,62,1129,46,1134
2199,92,597,54,1075,42,1050
2200,97,584,55,1020,45,1042
2201,103,564,55,1022,49,989
2202,105,596,57,1017,42,1010
2203,107,590,55,998,44,1026
2204,111,589,61,953,32,994
2205,109,602,52,910,32,955
2206,128,607,62,939,40,929
2207,119,613,63,969,35,874
2208,130,587,58,907,33,854
2209,136,578,79,908,38,842
2210,130,595,79,938,43,818
2211,117,598,81,930,38,802
2212,127,575,71,952,29,744
2213,141,577,64,962,30,763
2214,130,573,78,999,31,740
2215,129,601,80,979,31,761
2216,126,596,70,1034,31,722
2217,107,601,69,1031,30,720
2218,115,609,69,1068,30,675
2219,118,612,76,1067,31,636
2220,111,632,95,1071,25,645
2221,119,646,77,1067,27,625
2222,104,662,72,1085,35,665
2223,100,659,78,1098,36,678
2224,98,652,84,1086,31,656
2225,117,690,90,1029,42,662
2226,101,673,87,975,33,664
2227,100,663,81,934,32,635
2228,79,638,96,922,40,666
2229,106,689,83,946,36,672
2230,96,657,82,962,32,695
2231,97,628,85,997,32,685
2232,116,638,81,1013,33,661
2233,110,632,84,1047,23,662
2234,100,651,76,1093,29,667
2235,110,662,72,1078,19,676
2236,92,649,81,1029,31,675
2237,102,715,91,1053,30,654
2238,87,722,102,993,26,638
2239,95,728,107,1028,33,643
2240,87,736,89,1031,20,663
2241,91,684,82,1006,17,609
2242,88,629,85,923,17,619
2243,86,613,71,905,19,622
2244,87,651,68,898,13,643
2245,84,643,73,886,12,645
2246,76,608,66,882,14,647
2247,87,625,65,879,17,642
2248,87,573,75,834,14,609
2249,92,607,80,881,17,652
2250,90,611,79,875,15,630
2251,93,616,47,894,14,650
2252,92,620,72,912,16,638
2253,71,577,55,850,13,631
2254,58,523,51,779,11,600
2255,49,537,51,756,6,519
2256,55,547,40,784,2,533
2257,50,559,36,749,4,474
2258,49,537,48,735,3,486
2259,51,536,43,733,0,471
2260,48,524,36,718,4,490
2261,39,494,31,688,5,496
2262,59,469,35,704,3,471
2263,57,430,28,684,0,455
2264,59,450,23,695,5,489
2265,50,439,31,709,7,508
2266,40,398,27,672,5,510
2267,51,389,29,666,4,511
2268,76,398,35,682,9,513
2269,52,391,33,691,3,479
2270,45,383,25,654,1,477
2271,51,391,29,658,6,491
2272,62,374,25,667,8,537
2273,49,384,15,673,4,547
2274,56,368,19,727,4,602
2275,49,358,21,705,3,638
2276,35,392,16,742,9,732
2277,47,398,17,700,7,782
2278,54,399,17,748,3,814
2279,50,417,17,720,4,815
2280,51,408,18,766,3,859
2281,50,418,13,755,5,948
2282,44,403,11,747,13,991
2283,51,400,17,780,9,956
2284,55,395,19,727,12,1018
2285,50,405,14,722,5,947
2286,48,404,26,669,2,989
2287,56,387,21,634,11,898
2288,40,386,15,665,4,916
2289,44,386,24,657,10,925
2290,59,386,27,703,12,969
2291,69,418,31,708,10,940
2292,67,429,27,769,2,978
2293,71,458,30,761,10,998
2294,75,483,32,795,10,975
2295,86,491,25,881,19,1037
2296,87,493,33,871,13,1051
2297,76,500,33,850,9,1065
2298,75,511,44,913,13,974
2299,64,513,35,876,14,1046
2300,81,514,34,906,7,1032
2301,98,557,38,1042,6,1083
2302,87,584,37,1085,16,1141
2303,89,539,36,1038,13,1107
2304,96,574,53,1062,12,1054
2305,64,546,49,1060,13,1035
2306,64,565,55,1066,12,1047
2307,68,546,57,1060,18,987
2308,75,547,62,1090,18,1003
2309,91,532,46,1120,22,959
2310,93,563,56,1175,22,923
2311,74,565,56,1190,19,936
2312,68,533,57,1207,12,907
2313,65,586,70,1281,14,931
2314,63,559,57,1311,15,907
2315,79,580,65,1395,11,908
2316,69,578,69,1307,12,896
2317,80,635,57,1338,8,921
2318,76,673,60,1294,11,936
2319,67,608,68,1321,5,929
2320,75,580,61,1300,7,892
2321,98,601,58,1248,6,888
2322,87,550,37,1193,5,885
2323,91,508,45,1152,5,890
2324,117,552,31,1157,5,848
2325,109,523,46,1117,5,898
2326,116,522,46,1131,3,880
2327,105,518,27,1150,4,821
2328,95,513,25,1200,2,840
2329,103,511,36,1185,0,800
2330,105,522,28,1213,4,823
2331,135,560,36,1229,3,829
2332,124,528,35,1161,6,817
2333,97,465,31,1077,2,754
2334,108,476,33,1005,9,737
2335,111,474,29,1011,2,660
2336,120,491,35,977,4,692
2337,124,499,27,995,5,674
2338,113,503,39,988,11,650
2339,117,510,46,1019,9,648
2340,100,508,36,1021,17,641
2341,105,495,28,995,15,615
2342,101,473,30,972,9,624
2343,86,470,29,915,12,591
2344,95,461,36,915,9,590
2345,88,472,39,911,9,585
2346,105,462,31,884,14,593
2347,90,453,35,906,10,584
2348,106,459,24,895,13,554
2349,97,463,26,899,10,564
2350,117,470,33,907,10,535
2351,98,465,24,904,10,510
2352,90,433,26,883,6,507
2353,82,422,35,882,9,484
2354,71,414,29,857,5,457
2355,63,410,29,787,6,458
2356,47,374,24,804,4,455
2357,46,356,13,793,3,443
2358,50,344,12,777,1,418
2359,31,347,10,750,1,450
2360,35,340,12,767,2,429
2361,33,322,11,790,1,421
2362,43,321,6,801,0,428
2363,48,331,8,798,3,418
2364,32,325,13,852,2,433
2365,28,326,7,841,1,443
2366,30,307,12,881,1,429
2367,31,316,15,893,1,424
2368,22,309,12,876,3,444
2369,25,307,9,885,2,428
2370,21,299,14,879,0,449
2371,19,299,9,822,0,456
2372,20,308,9,774,1,450
2373,23,295,7,739,1,480
2374,25,304,12,725,2,510
2375,19,285,10,676,0,519
2376,20,288,10,688,2,535
2377,18,296,7,655,4,557
2378,10,284,8,658,1,586
2379,9,277,8,661,0,614
2380,12,282,5,690,2,630
2381,14,283,11,706,1,637
2382,9,278,9,728,6,671
2383,11,271,6,742,2,649
2384,15,271,10,746,4,670
2385,17,285,10,737,4,681
2386,19,289,10,736,1,695
2387,17,273,9,730,2,688
2388,13,278,7,748,2,663
2389,15,290,7,774,2,672
2390,11,293,10,812,2,687
2391,15,278,8,874,1,712
2392,17,291,8,871,3,700
2393,18,311,11,881,3,699
2394,19,324,7,935,3,734
2395,13,316,7,978,1,702
2396,15,305,6,1030,5,739
2397,18,309,14,1097,6,733
2398,24,293,10,1146,10,736
2399,24,293,10,1211,4,692
2400,22,298,9,1238,5,732
2401,16,298,14,1326,13,736
2402,19,315,14,1322,9,741
2403,19,339,14,1402,14,777
2404,26,354,14,1426,17,780
2405,29,380,23,1444,14,834
2406,39,392,21,1484,10,831
2407,28,384,33,1502,17,876
2408,35,371,41,1467,19,875
2409,35,367,33,1455,19,913
2410,35,367,25,1346,22,902
2411,38,372,31,1315,16,921
2412,30,382,19,1325,26,926
2413,47,368,26,1321,22,966
2414,43,378,30,1312,24,988
2415,50,391,35,1313,21,1014
2416,47,382,36,1357,25,979
2417,51,367,37,1382,33,946
2418,46,354,37,1383,37,968
2419,51,363,44,1350,35,950
2420,49,367,40,1365,30,976
2421,46,386,39,1300,31,961
2422,52,387,49,1386,32,987
2423,42,386,43,1391,37,949
2424,49,395,46,1413,49,983
2425,53,390,44,1412,44,980
2426,72,405,46,1475,49,993
2427,68,418,47,1466,47,1005
2428,57,398,44,1464,31,1009
2429,41,407,43,1505,39,1052
2430,52,392,47,1498,38,1056
2431,46,401,52,1528,36,1046
2432,57,422,48,1563,39,1057
2433,54,425,62,1559,40,1039
2434,75,439,58,1515,40,1061
2435,52,429,63,1493,39,1034
2436,56,421,51,1499,34,1075
2437,46,419,41,1512,26,1070
2438,47,421,47,1497,28,1071
2439,43,410,43,1504,21,1064
2440,40,424,34,1490,26,1110
2441,39,430,39,1485,31,1097
2442,50,433,41,1544,17,1141
2443,43,457,32,1531,21,1160
2444,42,448,35,1588,24,1171
2445,46,432,42,1637,16,1193
2446,54,421,60,1594,21,1164
2447,53,436,37,1596,26,1176
2448,56,431,51,1664,24,1218
2449,63,430,51,1551,22,1235
2450,66,444,55,1593,27,1270
2451,73,452,43,1609,23,1260
2452,80,455,51,1609,21,1298
2453,83,487,50,1558,24,1279
2454,95,468,49,1629,33,1304
2455,108,478,55,1677,29,1310
2456,108,472,61,1688,40,1326
2457,88,444,57,1715,30,1296
2458,81,412,54,1718,20,1348
2459,66,396,43,1647,14,1295
2460,66,386,45,1640,22,1284
2461,65,379,43,1640,16,1257
2462,62,378,33,1588,21,1237
2463,58,383,38,1531,23,1243
2464,58,368,30,1411,20,1212
2465,60,399,29,1393,15,1228
2466,58,385,22,1378,12,1204
2467,54,393,25,1381,15,1248
2468,59,391,26,1387,22,1247
2469,55,381,19,1347,19,1274
2470,62,371,26,1418,22,1272
2471,61,376,26,1356,18,1303
2472,53,368,20,1366,19,1301
2473,44,348,25,1410,12,1307
2474,54,355,24,1452,15,1244
2475,53,360,19,1435,13,1281
2476,53,345,17,1436,8,1193
2477,45,340,19,1414,7,1216
2478,46,338,15,1415,16,1223
2479,41,308,11,1444,13,1167
2480,49,333,17,1461,15,1164
2481,44,315,27,1421,14,1146
2482,43,314,19,1406,9,1127
2483,34,314,15,1306,14,1129
2484,39,312,23,1248,12,1127
2485,37,308,17,1247,16,1072
2486,49,310,17,1182,19,1062
2487,46,341,18,1085,15,1087
2488,61,347,28,979,19,1040
2489,57,359,19,957,12,1071
2490,62,360,17,925,13,1021
2491,60,361,22,933,22,1081
2492,57,367,23,871,22,1030
2493,68,375,21,918,22,1030
2494,74,374,29,911,14,991
2495,69,393,29,922,25,1020
2496,67,408,32,934,27,986
2497,89,434,33,969,18,993
2498,101,442,34,944,19,971
2499,96,453,33,961,15,1027
2500,91,469,43,954,27,1020
2501,94,480,47,985,35,1052
2502,104,498,46,1030,26,1012
2503,96,522,54,1043,30,1059
2504,96,537,55,1052,22,1027
2505,88,549,53,1081,26,1083
2506,111,569,64,1056,32,1066
2507,108,585,62,1034,31,1045
2508,118,589,72,1064,34,1073
2509,116,581,89,1088,39,1065
2510,117,615,88,1119,41,1128
2511,140,625,83,1141,34,1072
2512,135,651,78,1119,36,1130
2513,160,645,94,1140,45,1168
2514,156,674,106,1150,45,1116
2515,159,668,109,1152,54,1174
2516,162,702,100,1201,53,1153
2517,164,720,122,1222,52,1238
2518,154,682,114,1253,59,1193
2519,144,676,113,1209,64,1230
2520,142,670,102,1198,55,1168
2521,109,633,103,1181,64,1227
2522,106,591,100,1207,49,1178
2523,129,593,96,1143,50,1198
2524,117,620,99,1132,45,1117
2525,130,627,100,1104,42,1194
2526,130,679,105,1113,42,1222
2527,150,684,104,1118,46,1267
2528,161,667,102,1160,45,1261
2529,159,693,103,1170,58,1313
2530,147,695,98,1108,53,1305
2531,154,692,89,1069,48,1342
2532,138,693,102,1026,50,1329
2533,146,709,104,928,53,1284
2534,130,694,100,912,57,1290
2535,133,676,111,867,55,1263
2536,123,685,106,894,62,1332
2537,130,688,100,910,66,1347
2538,168,672,91,881,65,1383
2539,164,694,107,904,62,1342
2540,148,694,93,890,54,1305
2541,162,697,108,871,54,1285
2542,136,696,109,907,47,1354
2543,148,668,104,913,44,1320
2544,161,604,105,925,55,1405
2545,148,625,140,883,54,1356
2546,152,591,147,920,63,1424
2547,160,578,157,861,75,1398
2548,131,552,150,908,65,1474
2549,138,566,142,862,55,1446
2550,158,551,154,867,52,1549
2551,160,551,153,833,51,1476
2552,150,528,140,824,59,1447
2553,132,526,123,809,52,1450
2554,144,512,137,757,65,1453
2555,124,496,132,713,52,1392
2556,112,502,128,685,55,1373
2557,84,491,113,686,39,1285
2558,93,491,93,690,33,1327
2559,95,479,71,692,32,1298
2560,76,475,69,724,27,1259
2561,70,480,64,733,18,1220
2562,77,470,37,699,17,1258
2563,82,509,45,723,12,1277
2564,79,526,37,724,10,1238
2565,83,538,38,766,17,1262
2566,97,566,42,809,14,1262
2567,102,558,49,825,10,1270
2568,100,578,47,841,13,1302
2569,106,546,51,913,19,1312
2570,107,604,57,926,21,1392
2571,113,597,62,960,18,1378
2572,111,610,49,984,22,1445
2573,98,572,63,997,19,1463
2574,111,595,58,1074,21,1509
2575,106,596,63,1092,21,1499
2576,105,623,61,1114,15,1572
2577,94,587,53,1051,7,1612
2578,97,593,42,1020,11,1565
2579,100,586,48,1036,20,1657
2580,104,585,47,1050,12,1599
2581,91,554,57,1031,19,1695
2582,100,584,58,1077,20,1655
2583,111,604,67,1022,14,1578
2584,108,547,53,1040,7,1618
2585,112,539,64,1036,19,1539
2586,107,559,56,1042,13,1588
2587,101,545,71,1033,14,1507
2588,89,560,54,944,11,1497
2589,96,545,60,970,18,1454
2590,111,563,55,939,20,1449
2591,93,545,42,917,24,1431
2592,85,504,47,911,24,1469
2593,80,487,46,910,17,1442
2594,75,464,50,866,26,1363
2595,67,455,43,849,22,1337
2596,74,458,40,832,18,1354
2597,86,452,36,830,36,1436
2598,81,456,43,834,30,1376
2599,84,478,39,845,33,1450
2600,96,473,48,869,37,1381
2601,82,490,42,832,34,1390
2602,82,477,39,849,29,1320
2603,70,449,41,877,29,1345
2604,66,471,37,865,24,1291
2605,74,461,36,883,13,1352
2606,77,491,36,853,21,1388
2607,78,489,36,870,30,1395
2608,87,513,37,848,23,1335
2609,88,537,27,860,31,1369
2610,80,513,32,839,22,1272
2611,79,505,27,823,32,1249
2612,73,515,32,813,28,1284
2613,74,517,32,838,30,1260
2614,74,536,38,806,31,1310
2615,73,515,49,828,34,1265
2616,78,539,39,843,30,1225
2617,77,545,37,894,34,1174
2618,78,546,34,890,30,1195
2619,96,564,53,867,33,1168
2620,90,550,54,863,32,1135
2621,88,591,48,890,25,1196
2622,87,592,61,889,21,1108
2623,81,605,52,881,19,1098
2624,89,561,40,888,25,1072
2625,85,580,41,852,27,1025
2626,90,561,47,873,33,994
2627,96,560,49,844,37,978
2628,95,554,52,849,42,1031
2629,90,578,56,823,30,981
2630,94,564,41,888,29,973
2631,108,597,45,882,47,987
2632,96,593,54,901,44,966
2633,97,601,57,902,44,988
2634,102,589,52,918,57,920
2635,91,612,44,927,52,949
2636,89,579,56,920,51,940
2637,98,581,57,861,48,936
2638,94,566,53,849,43,901
2639,102,565,48,822,37,918
2640,88,578,45,836,32,929
2641,96,561,45,853,35,907
2642,104,569,29,825,38,936
2643,95,566,27,831,29,928
2644,101,570,36,794,34,879
2645,84,546,49,787,22,909
2646,103,562,43,773,23,877
2647,96,524,45,787,22,823
2648,74,518,34,766,20,837
2649,83,539,45,788,22,804
2650,80,518,43,769,23,835
2651,90,532,38,739,25,863
2652,76,513,36,713,24,807
2653,80,525,44,743,30,817
2654,100,512,42,722,37,795
2655,105,512,56,747,32,770
2656,94,508,49,751,34,780
2657,103,519,57,767,40,789
2658,96,524,47,755,35,811
2659,96,535,47,792,41,820
2660,93,516,41,768,48,800
2661,88,516,48,793,43,775
2662,100,518,48,796,45,765
2663,100,516,46,836,46,743
2664,83,495,45,811,53,725
2665,98,508,48,837,53,747
2666,108,498,49,839,52,729
2667,99,514,41,835,59,707
2668,101,510,43,830,61,722
2669,115,518,44,827,49,692
2670,110,505,50,878,54,706
2671,104,526,46,875,53,752
2672,93,528,41,915,64,718
2673,100,520,46,904,47,729
2674,112,525,37,878,46,751
2675,108,530,51,884,40,753
2676,103,544,45,874,47,782
2677,97,519,41,913,52,782
2678,111,527,47,901,51,790
2679,104,516,55,934,45,806
2680,116,542,40,943,53,840
2681,124,547,33,954,53,848
2682,129,568,46,984,52,858
2683,123,586,56,973,46,832
2684,137,593,54,1050,51,827
2685,122,580,48,1042,55,793
2686,121,578,54,1076,57,780
2687,134,560,52,1038,57,781
2688,128,572,43,1042,52,790
2689,130,596,51,1038,55,793
2690,131,600,61,1037,56,802
2691,117,577,59,1030,62,767
2692,134,596,60,981,58,795
2693,139,616,58,996,58,788
2694,132,599,67,1016,57,810
2695,126,626,52,972,63,802
2696,126,597,58,995,73,823
2697,123,601,48,975,68,791
2698,138,617,49,952,65,823
2699,128,618,50,999,63,819
2700,133,620,56,995,58,825
2701,137,626,51,1007,62,827
2702,133,610,50,1013,60,829
2703,143,622,52,936,59,851
2704,125,623,42,990,57,836
2705,124,626,48,968,63,795
2706,112,622,57,979,62,809
2707,133,630,52,970,70,811
2708,137,640,61,987,66,807
2709,128,621,70,972,64,835
2710,129,630,67,975,52,826
2711,149,631,69,975,54,800
2712,138,651,68,991,61,804
2713,138,657,79,975,66,770
2714,131,635,80,993,64,792
2715,145,651,74,991,49,746
2716,132,660,72,1006,67,780
2717,141,656,79,980,72,768
2718,125,624,75,980,69,779
2719,119,624,85,969,75,778
2720,135,638,87,989,71,781
2721,133,637,75,1001,66,806
2722,138,614,81,970,58,776
2723,146,631,71,993,63,804
2724,151,632,77,949,56,823
2725,143,618,80,982,52,824
2726,148,633,91,972,55,813
2727,142,642,75,982,60,794
2728,145,597,81,980,66,787
2729,141,588,82,975,61,825
2730,141,576,79,980,57,806
2731,156,592,70,961,60,810
2732,149,594,70,984,59,835
2733,161,592,71,978,49,857
2734,160,616,80,966,50,878
2735,168,606,73,981,56,913
2736,171,597,71,955,49,880
2737,190,594,74,981,59,905
2738,181,592,68,962,62,925
2739,184,601,70,975,57,940
2740,200,624,68,957,61,969
2741,208,629,73,964,57,923
2742,210,623,70,985,52,960
2743,198,641,89,1000,71,968
2744,198,661,85,1006,68,944
2745,209,675,84,1035,72,963
2746,233,686,79,1057,69,989
2747,240,698,83,1062,74,986
2748,239,701,84,1085,74,999
2749,240,703,82,1088,71,979
2750,231,736,76,1031,78,990
2751,243,722,72,1051,75,989
2752,254,727,80,1034,75,930
2753,233,721,94,1072,70,953
2754,252,747,82,1093,79,977
2755,246,751,81,1115,71,1032
2756,267,758,96,1160,72,1008
2757,269,784,88,1163,80,1043
2758,270,796,85,1153,78,1061
2759,279,802,84,1127,81,1098
2760,280,796,78,1135,82,1065
2761,285,786,101,1079,93,1044
2762,262,801,88,1123,97,1085
2763,288,800,98,1112,86,1095
2764,294,795,109,1133,89,1049
2765,302,810,107,1136,94,1087
2766,299,820,101,1159,95,1043
2767,315,814,100,1158,108,1100
2768,305,821,94,1142,101,1069
2769,287,827,98,1154,102,1101
2770,295,820,104,1129,104,1053
2771,291,818,104,1151,106,1106
2772,283,812,91,1131,100,1097
2773,299,812,102,1158,103,1104
2774,289,811,109,1137,118,1076
2775,283,821,111,1126,85,1091
2776,288,821,91,1130,93,1110
2777,298,835,95,1098,84,1042
2778,278,833,86,1129,95,1115
2779,258,820,83,1097,84,1079
2780,227,762,83,1078,83,1086
2781,229,782,77,1045,85,1067
2782,242,778,95,1070,84,1080
2783,224,776,100,1027,87,1103
2784,249,782,101,1041,84,1084
2785,245,808,95,1034,81,1060
2786,245,789,100,1017,74,1116
2787,231,814,87,1047,74,1080
2788,226,811,90,1045,80,1129
2789,239,821,92,1020,90,1153
2790,251,818,93,1003,79,1107
2791,238,774,97,973,87,1155
2792,259,786,105,915,83,1083
2793,228,747,104,957,90,1112
2794,236,744,100,940,96,1051
2795,236,745,109,958,101,1066
2796,263,768,116,941,93,1106
2797,250,759,102,941,102,1095
2798,288,783,101,950,103,1118
2799,263,781,92,938,107,1108
2800,277,782,94,972,75,1036
2801,256,779,116,975,73,1007
2802,246,796,99,933,89,1034
2803,261,791,99,1003,94,1050
2804,266,821,116,1009,96,1087
2805,281,847,103,1005,88,1051
2806,271,857,109,1007,86,1094
2807,268,851,119,1040,87,1086
2808,262,835,112,1033,92,1142
2809,259,851,118,1033,94,1097
2810,261,842,126,1077,91,1121
2811,247,840,118,1083,84,1119
2812,252,828,124,1079,91,1130
2813,241,803,98,1084,103,1163
2814,220,795,113,1063,72,1076
2815,208,787,102,1110,88,1101
2816,221,776,113,1093,106,1103
2817,242,785,108,1089,85,1008
2818,224,794,110,1091,85,1021
2819,229,779,112,1096,90,956
2820,227,800,120,1021,82,1020
2821,234,792,117,1011,80,1033
2822,224,783,113,982,92,1031
2823,221,795,122,976,85,1022
2824,232,792,104,923,80,946
2825,243,806,118,946,82,983
2826,242,809,116,956,77,943
2827,224,780,106,912,72,1024
2828,212,772,111,932,74,1008
2829,236,795,138,915,76,955
2830,227,769,118,953,74,1024
2831,243,794,100,913,85,1016
2832,230,756,117,929,77,1010
2833,224,750,131,905,74,993
2834,235,732,129,903,79,1003
2835,224,768,133,891,87,960
2836,202,737,119,885,74,962
2837,214,735,119,890,75,945
2838,210,733,138,917,78,918
2839,240,736,114,907,59,907
2840,221,738,104,893,43,906
2841,212,724,110,905,53,898
2842,216,709,93,876,52,879
2843,223,674,83,877,42,893
2844,211,690,96,924,46,876
2845,205,655,82,889,43,917
2846,202,648,86,873,39,883
2847,188,618,76,849,42,897
2848,172,587,65,826,38,901
2849,159,605,65,777,43,917
2850,215,623,69,749,47,941
2851,192,598,70,725,47,984
2852,184,587,68,755,52,1034
2853,191,604,82,739,52,1060
2854,189,589,80,770,41,1016
2855,188,599,85,777,46,1095
2856,191,565,92,765,36,1122
2857,202,580,83,723,41,1076
2858,177,568,79,759,42,1078
2859,169,544,85,766,43,1066
2860,167,564,89,737,32,1104
2861,163,576,74,757,41,1097
2862,171,548,69,763,37,1012
2863,168,567,66,727,34,1054
2864,145,578,76,751,30,1046
2865,155,558,77,761,33,1080
2866,161,548,69,767,38,1084
2867,150,565,74,753,32,1074
2868,163,550,71,750,25,1035
2869,168,536,77,744,17,1015
2870,166,546,62,712,31,1035
2871,152,537,61,714,21,1030
2872,149,556,54,716,24,1006
2873,161,557,62,716,16,974
2874,155,564,62,711,18,941
2875,165,571,61,711,20,942
2876,136,578,57,703,21,923
2877,137,579,53,708,20,912
2878,141,577,58,712,22,879
2879,142,557,69,717,26,858
2880,125,547,53,705,18,847
2881,144,550,63,693,15,800
2882,144,542,54,693,14,816
2883,131,533,51,706,14,783
2884,109,530,43,691,14,751
2885,103,530,50,695,19,700
2886,102,511,56,693,15,693
2887,98,513,43,679,16,672
2888,113,514,35,667,19,702
2889,93,497,33,673,18,703
2890,98,496,40,690,21,702
2891,89,500,51,684,23,688
2892,83,485,40,697,20,668
2893,95,477,42,696,22,662
2894,80,456,44,666,22,663
2895,79,465,47,711,26,679
2896,79,480,51,696,21,683
2897,84,457,59,716,19,694
2898,85,459,45,729,15,645
2899,90,473,56,741,16,636
2900,95,482,58,746,12,636
2901,106,465,59,734,15,641
2902,100,456,59,774,11,630
2903,95,440,56,720,12,670
2904,89,447,56,684,14,639
2905,96,426,56,703,14,648
2906,89,422,47,676,16,606
2907,104,434,50,690,21,601
2908,94,444,52,638,19,566
2909,74,419,66,649,18,590
2910,77,407,53,582,16,561
2911,78,410,59,617,14,555
2912,82,415,48,586,14,556
2913,78,430,56,626,11,538
2914,95,442,44,623,12,522
2915,77,429,60,642,14,508
2916,84,442,50,629,16,531
2917,76,455,62,632,9,501
2918,72,453,51,629,9,507
2919,59,461,59,647,4,497
2920,71,454,60,653,6,477
2921,67,435,62,650,11,461
2922,65,414,52,625,5,466
2923,75,435,61,632,11,459
2924,58,431,60,669,8,447
2925,71,467,58,647,6,440
2926,66,453,59,658,12,462
2927,63,440,58,700,7,461
2928,47,443,48,738,6,465
2929,44,410,62,750,5,502
2930,33,368,49,765,5,503
2931,34,401,54,776,6,490
2932,24,373,43,781,7,497
2933,31,360,45,801,5,495
2934,32,377,42,755,6,504
2935,32,409,42,759,6,513
2936,36,407,46,771,3,509
2937,38,399,48,784,7,508
2938,37,410,45,785,5,490
2939,39,421,38,802,5,501
2940,41,436,48,822,7,522
2941,33,445,48,848,7,526
2942,32,453,48,863,7,516
2943,28,462,41,899,9,527
2944,40,464,50,854,8,513
2945,28,472,57,870,6,555
2946,39,471,39,874,12,537
2947,39,500,51,893,10,551
2948,33,502,49,885,11,529
2949,38,489,48,879,11,541
2950,30,463,46,925,11,524
