/Users/lukas/PycharmProjects/Dissertation/experiments/exp_train/data/_1_SPRING.mov
/Users/lukas/PycharmProjects/Dissertation/experiments/exp_train/data/_2_SUMMER.mov
/Users/lukas/PycharmProjects/Dissertation/experiments/exp_train/data/_3_FALL.mov
/Users/lukas/PycharmProjects/Dissertation/experiments/exp_train/data/_4_WINTER.mov
mode: ORB
video_frame,good_matches_1in0,all_matches_1in0,good_matches_2in0,all_matches_2in0,good_matches_3in0,all_matches_3in0
0,25,257,27,273,21,219
1,25,259,27,275,21,215
2,25,258,28,288,21,213
3,25,259,26,266,21,216
4,25,251,25,252,21,212
5,25,252,26,268,20,209
6,25,251,24,249,20,208
7,26,260,25,255,21,212
8,24,246,25,257,23,230
9,24,242,25,255,21,215
10,24,246,26,262,21,219
11,25,253,25,257,22,224
12,23,233,24,249,21,217
13,24,248,23,239,21,211
14,25,256,24,247,21,218
15,24,246,25,257,22,222
16,23,237,26,266,22,223
17,23,238,25,256,22,227
18,25,254,24,247,23,236
19,23,238,25,254,21,217
20,22,228,23,237,22,227
21,23,234,26,260,21,210
22,23,230,24,249,23,233
23,22,220,24,242,23,233
24,22,227,23,239,22,228
25,22,228,24,248,21,218
26,23,232,25,250,22,222
27,24,240,25,254,22,221
28,23,234,25,258,22,227
29,24,244,26,265,22,221
30,24,242,27,271,21,215
31,23,231,26,267,20,201
32,25,251,26,267,21,219
33,23,239,24,249,21,213
34,23,231,26,267,22,222
35,22,229,26,268,21,212
36,24,241,26,264,21,210
37,24,240,25,251,21,210
38,24,241,25,253,21,210
39,23,230,25,259,19,196
40,23,234,25,257,20,208
41,23,236,26,269,20,207
42,25,254,26,263,21,212
43,24,241,26,260,20,201
44,25,253,25,251,19,197
45,25,252,24,248,20,200
46,24,244,27,278,20,200
47,23,238,27,272,20,201
48,24,247,26,263,20,208
49,24,244,25,256,19,197
50,24,240,26,266,20,207
51,23,238,25,251,20,209
52,25,251,26,268,22,223
53,25,257,24,248,20,201
54,24,247,24,248,19,195
55,25,256,24,248,20,205
56,24,243,25,253,21,212
57,25,251,24,249,20,201
58,24,247,25,256,20,206
59,24,245,27,272,21,214
60,25,250,25,259,20,201
61,24,242,25,252,20,204
62,25,254,24,245,19,197
63,26,263,24,243,20,208
64,24,242,23,236,19,195
65,26,264,24,245,19,199
66,25,259,23,239,20,201
67,25,259,24,248,19,191
68,26,261,24,245,19,193
69,27,278,27,272,20,207
70,25,259,25,252,19,193
71,26,269,26,260,20,202
72,26,265,25,250,20,208
73,26,261,25,254,20,208
74,27,270,25,257,20,204
75,27,271,24,247,20,202
76,24,243,24,249,19,192
77,24,241,27,276,19,198
78,25,256,26,265,20,207
79,24,247,26,262,21,216
80,24,242,24,248,19,194
81,26,264,27,279,20,207
82,27,274,27,277,21,211
83,26,266,27,275,21,210
84,25,258,26,261,21,211
85,25,257,26,260,20,205
86,26,269,26,269,20,207
87,26,267,26,268,20,207
88,25,257,26,266,20,205
89,26,262,27,275,19,198
90,27,272,27,272,20,204
91,26,261,26,260,20,209
92,26,269,26,267,20,208
93,25,252,26,267,19,197
94,26,263,26,266,19,191
95,26,264,25,257,19,194
96,26,264,26,269,20,205
97,26,263,27,270,20,201
98,27,273,26,266,19,197
99,26,262,25,257,20,203
100,26,266,26,268,21,219
101,25,253,25,251,19,194
102,26,264,24,248,20,203
103,25,259,26,263,19,194
104,26,264,25,258,20,205
105,27,275,25,257,19,197
106,26,268,25,259,20,201
107,26,268,25,251,19,199
108,26,260,27,270,20,202
109,26,263,26,267,18,189
110,25,251,26,266,20,201
111,25,257,26,263,19,192
112,25,252,25,252,19,191
113,25,255,26,265,19,197
114,25,253,26,267,19,190
115,23,230,24,249,20,200
116,24,248,26,261,20,200
117,24,240,25,259,18,189
118,25,255,26,262,19,190
119,24,245,25,258,18,188
120,23,234,24,245,18,185
121,24,241,24,243,20,202
122,23,236,25,251,20,203
123,24,240,25,252,18,183
124,24,241,23,238,19,191
125,24,243,25,252,18,180
126,23,238,24,244,18,189
127,25,251,24,244,19,190
128,26,260,24,247,18,181
129,26,262,24,248,19,192
130,25,255,25,250,19,197
131,25,253,24,247,18,183
132,25,252,25,258,17,178
133,26,262,25,250,19,195
134,24,243,25,251,19,194
135,24,244,25,257,19,199
136,24,244,25,256,18,188
137,25,251,24,242,19,192
138,25,253,24,249,18,182
139,25,258,24,241,18,188
140,24,247,24,244,18,188
141,25,255,25,251,20,200
142,26,264,24,242,19,197
143,25,258,25,255,17,179
144,26,265,24,247,19,194
145,26,261,25,254,18,180
146,26,261,25,251,19,192
147,25,250,25,257,19,195
148,24,249,26,260,17,176
149,25,252,25,257,18,181
150,26,264,25,253,19,193
151,26,264,25,252,19,192
152,25,259,26,261,17,176
153,25,259,27,270,18,186
154,26,268,25,252,18,189
155,25,258,26,263,17,175
156,25,259,27,271,17,179
157,26,264,26,261,17,176
158,26,261,24,249,17,178
159,25,252,26,267,18,187
160,26,269,26,266,18,184
161,26,267,26,265,19,190
162,25,259,25,254,19,195
163,26,269,23,239,18,185
164,26,262,27,271,20,204
165,24,249,26,267,19,190
166,25,254,24,244,19,196
167,24,246,25,250,19,190
168,25,256,25,253,18,189
169,26,263,26,261,19,192
170,25,257,26,265,18,187
171,25,255,26,268,19,193
172,24,248,25,255,19,195
173,26,262,25,255,20,202
174,25,253,25,256,19,194
175,25,254,26,261,19,199
176,25,254,25,254,19,192
177,23,238,25,252,18,186
178,24,244,24,241,20,200
179,24,243,25,258,20,200
180,24,244,25,251,20,208
181,25,258,25,257,20,209
182,23,233,25,257,20,201
183,23,238,25,250,18,185
184,23,239,25,254,20,205
185,24,243,24,242,19,190
186,25,255,24,247,18,180
187,26,261,25,258,18,180
188,24,248,26,260,19,191
189,24,248,25,251,20,208
190,23,230,26,262,18,185
191,24,242,25,256,18,184
192,24,246,23,235,18,187
193,24,248,23,238,17,172
194,24,248,24,247,18,181
195,23,235,24,241,17,174
196,24,246,25,252,19,191
197,24,245,23,239,18,182
198,25,255,25,255,17,172
199,24,244,24,242,18,187
200,23,238,23,236,18,187
201,24,241,23,230,18,183
202,24,243,24,240,18,185
203,24,242,25,252,17,179
204,24,246,24,243,17,175
205,22,226,24,248,17,177
206,23,233,23,232,17,170
207,24,244,25,250,18,188
208,23,232,23,238,19,191
209,25,252,24,240,17,173
210,25,251,24,241,18,187
211,24,241,24,240,19,193
212,25,250,24,248,19,195
213,24,245,23,232,20,201
214,25,256,24,246,19,192
215,24,247,24,248,19,198
216,25,259,24,246,18,189
217,24,247,26,261,19,199
218,24,242,25,251,19,194
219,25,258,25,254,18,182
220,24,240,24,249,19,193
221,23,238,25,259,19,192
222,25,254,24,242,19,190
223,25,259,26,264,20,205
224,24,247,27,271,20,208
225,25,253,24,249,21,214
226,25,257,25,256,19,194
227,25,252,25,252,20,202
228,25,256,24,241,19,199
229,26,260,25,252,20,200
230,25,258,25,256,21,212
231,24,247,25,254,19,191
232,25,252,25,256,20,202
233,24,247,25,256,20,204
234,25,251,24,245,19,198
235,24,248,24,242,19,196
236,26,263,23,233,19,196
237,24,240,23,236,20,202
238,23,238,24,247,19,199
239,25,250,25,256,20,200
240,23,238,25,255,18,188
241,23,232,26,261,20,201
242,23,239,24,249,18,189
243,24,249,23,231,19,195
244,23,234,23,237,20,208
245,25,259,23,236,16,168
246,25,255,24,249,17,171
247,22,229,24,241,18,180
248,24,246,25,251,18,189
249,24,244,25,253,19,194
250,24,244,24,249,20,200
251,24,245,24,242,19,192
252,23,235,23,236,19,193
253,23,235,24,245,19,191
254,24,242,23,234,18,184
255,24,247,25,256,19,198
256,23,231,25,255,20,203
257,25,253,24,244,18,184
258,24,246,25,251,19,197
259,23,237,22,228,18,182
260,23,232,24,240,19,191
261,24,240,22,226,18,188
262,24,248,23,234,18,182
263,24,241,23,235,18,186
264,23,239,24,249,18,187
265,26,260,24,248,19,195
266,24,248,25,252,19,197
267,24,245,24,247,20,209
268,25,259,25,259,20,208
269,24,243,25,253,19,191
270,24,244,24,242,19,195
271,24,244,24,240,20,202
272,24,245,24,249,20,201
273,25,252,26,261,20,200
274,25,255,25,250,20,209
275,26,261,25,255,19,190
276,26,263,24,247,21,213
277,26,268,25,257,20,209
278,25,259,24,247,20,207
279,25,251,24,241,21,216
280,25,259,25,257,20,204
281,26,265,24,245,21,217
282,26,260,25,257,21,215
283,26,260,24,249,21,214
284,26,266,24,244,21,218
285,26,264,25,251,21,216
286,25,255,25,258,20,207
287,26,261,25,259,20,206
288,26,267,25,254,20,207
289,24,249,25,250,20,205
290,24,248,26,265,20,201
291,24,248,25,255,20,201
292,25,254,26,260,19,193
293,25,254,25,257,21,219
294,25,250,25,257,22,221
295,26,261,25,255,20,209
296,26,261,25,250,20,208
297,23,237,24,242,20,203
298,24,247,25,259,19,193
299,25,259,25,258,19,194
300,26,267,26,261,19,195
301,25,258,25,256,20,200
302,26,262,25,253,20,206
303,25,257,26,263,21,213
304,24,246,24,249,21,218
305,25,253,24,249,20,205
306,24,245,24,248,20,209
307,25,253,25,258,21,219
308,25,253,25,256,21,219
309,25,251,25,252,21,212
310,26,262,25,259,20,205
311,25,254,25,253,19,196
312,24,246,25,253,20,206
313,24,248,25,253,21,215
314,24,245,25,258,21,211
315,23,236,26,261,20,200
316,24,246,28,288,21,212
317,24,245,26,260,22,222
318,25,254,27,276,21,215
319,26,267,26,263,20,209
320,25,254,26,262,21,214
321,25,250,26,264,22,222
322,26,269,26,266,23,230
323,25,256,26,261,23,232
324,26,260,25,255,23,235
325,26,263,26,263,22,229
326,25,252,25,253,22,225
327,28,282,25,255,22,220
328,27,270,25,252,21,217
329,25,255,25,256,21,217
330,25,254,27,271,21,219
331,26,265,25,252,21,215
332,26,261,25,254,21,214
333,26,265,25,254,21,215
334,27,274,27,270,22,226
335,25,257,26,264,22,220
336,26,263,25,257,22,224
337,24,249,25,256,22,225
338,25,252,24,246,22,220
339,25,251,25,253,20,206
340,25,258,24,248,22,228
341,25,255,25,257,22,223
342,25,259,25,251,21,211
343,24,244,24,248,21,212
344,25,250,23,237,20,202
345,25,259,25,250,21,217
346,25,259,25,252,20,206
347,25,256,24,240,21,210
348,24,242,24,246,20,209
349,25,251,24,248,21,217
350,26,267,23,235,20,205
351,26,268,24,240,20,202
352,25,254,23,235,20,206
353,25,250,24,247,20,208
354,26,267,24,244,21,214
355,26,264,23,235,20,208
356,26,263,25,252,20,208
357,26,266,24,240,22,223
358,25,259,24,248,21,212
359,26,260,24,241,22,225
360,25,252,25,254,22,221
361,25,252,24,242,22,223
362,25,252,24,242,22,220
363,25,253,25,252,22,222
364,25,258,25,259,23,230
365,26,262,24,247,22,222
366,26,263,26,266,22,228
367,26,264,26,265,23,238
368,25,258,25,259,22,223
369,25,255,26,260,23,233
370,27,271,26,267,23,239
371,25,257,26,268,24,247
372,25,254,27,273,22,224
373,26,261,24,249,24,240
374,26,263,25,256,22,229
375,25,255,26,266,21,215
376,24,245,25,256,21,218
377,26,262,25,258,21,219
378,26,262,27,273,21,216
379,25,253,24,249,21,213
380,26,263,27,271,22,226
381,25,251,26,263,23,236
382,24,246,25,256,20,206
383,24,247,25,257,20,206
384,24,249,24,245,20,203
385,24,244,25,258,21,213
386,23,239,23,238,21,217
387,24,243,23,238,22,227
388,23,239,24,247,22,224
389,25,255,23,239,22,223
390,24,243,24,241,22,220
391,24,241,24,243,21,216
392,23,237,24,244,22,226
393,25,251,24,242,22,221
394,24,249,23,238,22,220
395,23,239,24,246,22,223
396,26,263,24,242,21,211
397,25,254,24,243,23,236
398,25,255,24,246,21,213
399,25,250,24,247,23,232
400,25,250,25,259,22,221
401,25,254,24,247,21,218
402,24,241,26,260,22,229
403,24,245,25,251,23,235
404,26,260,25,254,23,238
405,25,251,26,261,22,227
406,25,259,24,240,22,225
407,25,255,24,249,22,229
408,24,249,24,243,21,215
409,25,254,25,256,22,227
410,25,259,26,260,22,227
411,26,263,26,261,22,220
412,25,256,25,251,23,231
413,26,265,24,246,22,225
414,26,261,26,263,22,225
415,25,255,25,257,22,222
416,24,249,26,262,21,219
417,25,254,25,251,22,222
418,25,257,26,266,21,217
419,26,262,24,243,21,210
420,25,259,25,259,22,222
421,25,255,27,270,24,242
422,24,247,26,266,24,245
423,24,249,26,260,21,212
424,25,255,26,264,21,215
425,24,242,26,261,22,228
426,24,249,25,251,20,208
427,25,256,26,263,21,215
428,26,261,25,251,21,217
429,25,258,25,258,23,230
430,25,257,27,276,23,237
431,27,276,27,278,23,239
432,26,260,27,274,22,223
433,27,272,27,275,22,220
434,25,257,26,262,22,224
435,25,256,27,276,21,214
436,25,255,26,267,21,210
437,25,255,26,264,22,229
438,26,266,28,281,21,217
439,25,258,27,279,22,224
440,26,260,28,284,22,227
441,26,264,25,253,23,230
442,24,244,26,264,22,227
443,25,254,26,267,23,231
444,23,239,26,263,22,221
445,25,255,27,279,22,221
446,26,260,26,267,22,222
447,25,252,26,268,23,235
448,25,252,26,265,22,229
449,26,264,26,265,23,233
450,25,254,26,260,24,247
451,25,256,26,267,22,226
452,24,248,26,265,23,230
453,26,266,26,266,21,214
454,26,261,27,274,23,233
455,25,255,26,269,22,226
456,26,266,26,262,22,228
457,25,250,26,261,23,235
458,26,269,26,265,21,211
459,26,264,26,268,22,229
460,25,259,25,259,23,233
461,24,247,28,281,23,238
462,25,250,26,268,23,234
463,26,261,26,266,23,239
464,25,251,27,271,23,230
465,24,242,26,264,23,230
466,25,251,24,243,24,243
467,25,253,25,256,23,235
468,25,255,26,266,24,241
469,25,252,25,257,24,247
470,25,257,26,260,23,237
471,25,254,27,275,23,236
472,25,253,25,254,23,237
473,25,258,24,245,23,234
474,25,254,25,252,23,238
475,25,255,26,260,23,236
476,26,265,26,265,24,241
477,24,244,24,240,23,238
478,24,246,24,246,23,230
479,25,251,26,266,24,246
480,24,249,24,249,22,227
481,24,244,24,247,22,225
482,23,236,25,254,22,228
483,25,257,24,246,22,223
484,25,251,24,249,21,216
485,25,250,24,246,22,223
486,25,256,26,261,20,208
487,25,256,24,248,21,214
488,25,259,25,250,21,213
489,24,249,26,261,21,215
490,24,242,25,253,21,214
491,24,249,24,246,21,212
492,25,256,25,256,21,212
493,24,248,25,250,21,212
494,25,256,24,245,21,214
495,24,244,25,257,22,222
496,22,224,25,252,20,208
497,25,253,25,256,20,206
498,25,254,25,256,20,204
499,23,237,25,255,19,195
500,23,232,26,265,19,198
501,23,235,24,243,18,189
502,24,243,23,235,19,190
503,25,252,24,248,18,187
504,23,239,24,246,19,190
505,25,252,25,257,18,188
506,23,231,25,251,19,190
507,24,243,23,238,18,187
508,25,251,24,241,18,189
509,24,243,24,245,19,196
510,25,252,25,251,18,182
511,22,228,23,237,19,190
512,25,254,24,240,21,211
513,24,246,24,240,19,198
514,22,225,24,248,19,198
515,23,232,24,242,20,209
516,24,242,25,250,20,205
517,23,239,26,261,19,197
518,23,236,24,249,19,194
519,23,236,26,261,20,204
520,25,257,25,250,19,199
521,23,239,25,251,19,199
522,24,240,24,243,21,213
523,24,242,24,249,20,203
524,23,236,25,255,20,209
525,24,245,25,250,20,202
526,23,237,24,249,21,214
527,23,234,24,245,20,204
528,24,249,26,268,21,217
529,25,250,25,258,20,205
530,25,259,26,261,21,217
531,25,259,24,249,21,217
532,26,268,26,260,22,224
533,25,252,25,259,21,210
534,26,263,26,266,21,210
535,25,250,26,262,21,219
536,23,232,25,257,22,220
537,26,263,26,262,22,222
538,24,243,26,269,21,214
539,25,257,25,257,22,224
540,25,251,25,256,21,213
541,24,244,25,256,20,207
542,24,242,26,263,22,220
543,24,249,25,251,20,200
544,24,241,26,260,20,209
545,23,237,24,242,21,217
546,24,245,24,246,21,210
547,24,243,25,252,22,223
548,25,252,22,229,21,210
549,24,240,23,238,20,205
550,24,249,23,239,21,217
551,24,247,23,230,20,208
552,24,245,23,237,22,221
553,24,246,24,241,21,215
554,24,246,23,236,22,225
555,23,237,21,216,20,201
556,23,236,23,232,20,203
557,24,245,22,224,21,210
558,24,243,22,229,20,200
559,24,248,22,228,22,223
560,25,251,23,233,22,227
561,24,249,23,236,20,204
562,24,249,24,241,21,210
563,24,248,23,239,20,209
564,24,245,22,229,20,208
565,24,246,25,250,20,207
566,23,237,24,244,22,222
567,22,224,22,227,21,217
568,25,254,23,233,21,213
569,24,242,24,245,21,212
570,24,249,24,242,20,209
571,24,248,25,250,22,222
572,25,257,25,259,20,204
573,25,258,24,244,22,222
574,26,261,24,246,20,208
575,24,249,25,251,20,205
576,25,254,24,244,22,222
577,24,246,24,249,21,215
578,24,246,24,246,20,202
579,25,251,23,238,20,203
580,25,257,24,242,20,208
581,25,250,23,231,20,208
582,24,248,24,240,20,200
583,24,246,25,257,22,227
584,24,248,24,246,20,207
585,23,235,23,238,20,203
586,23,237,23,232,21,210
587,24,242,23,239,22,225
588,23,236,24,244,21,214
589,23,238,25,253,20,203
590,23,239,23,238,21,217
591,24,247,24,241,21,213
592,24,246,24,240,21,215
593,24,249,23,233,21,214
594,24,241,24,248,21,213
595,25,259,23,236,20,208
596,25,257,26,264,22,223
597,25,255,26,262,21,219
598,26,263,25,250,21,214
599,26,265,27,273,22,221
600,27,270,25,255,21,217
601,26,260,26,260,21,212
602,26,267,24,245,22,223
603,26,269,25,259,22,223
604,26,263,25,258,22,224
605,26,262,26,264,22,221
606,25,251,26,263,20,206
607,25,258,25,257,22,229
608,25,253,26,260,22,220
609,26,261,25,254,22,221
610,26,265,25,255,21,217
611,25,256,25,256,22,223
612,25,250,25,255,22,223
613,25,250,24,244,22,228
614,24,248,25,253,21,218
615,25,255,25,255,21,219
616,25,255,27,272,20,205
617,25,257,27,270,21,216
618,25,259,26,260,21,218
619,25,252,26,267,21,214
620,26,261,26,264,22,223
621,25,250,25,257,22,228
622,25,255,25,250,22,229
623,25,256,26,266,23,236
624,25,257,26,260,21,219
625,25,257,26,266,21,219
626,24,247,26,263,20,209
627,25,256,26,266,22,222
628,25,251,26,261,22,226
629,26,266,25,257,22,226
630,25,258,27,273,21,219
631,27,270,27,272,21,213
632,25,255,25,257,21,218
633,23,235,25,258,21,217
634,24,241,26,260,21,219
635,26,261,25,254,21,218
636,24,242,24,248,22,223
637,26,262,24,243,22,227
638,26,263,25,250,21,219
639,25,259,25,252,23,234
640,26,260,24,246,22,220
641,25,255,24,245,21,216
642,27,277,25,256,20,209
643,28,284,24,246,22,221
644,26,266,24,244,22,220
645,26,269,25,252,22,226
646,26,260,24,242,24,241
647,25,257,24,249,23,239
648,25,250,23,238,23,239
649,25,257,25,252,23,238
650,26,268,26,264,24,245
651,25,259,26,265,24,247
652,27,271,25,258,24,249
653,26,269,26,261,23,231
654,26,263,26,262,22,226
655,26,267,25,259,23,238
656,27,276,26,267,24,243
657,27,272,27,275,24,246
658,25,259,25,258,24,241
659,26,265,25,250,22,228
660,26,263,25,256,24,240
661,24,248,24,248,24,242
662,25,253,24,247,22,228
663,26,263,24,249,23,237
664,26,261,25,252,22,228
665,25,255,26,261,23,231
666,26,268,25,250,20,207
667,25,259,25,259,21,210
668,25,257,25,259,21,219
669,27,273,27,272,20,209
670,25,257,24,248,20,201
671,26,266,24,248,21,217
672,26,268,24,245,21,216
673,26,268,27,270,22,220
674,26,263,27,272,21,211
675,25,256,26,261,23,230
676,25,256,25,259,22,220
677,27,274,25,256,22,227
678,26,265,26,268,21,214
679,26,262,25,255,19,199
680,25,258,25,255,21,211
681,25,258,27,275,21,211
682,25,253,24,245,21,218
683,26,260,24,245,21,219
684,25,259,25,254,22,228
685,25,253,25,259,21,212
686,27,275,25,250,20,208
687,27,278,25,256,22,223
688,26,261,26,268,21,218
689,26,264,25,254,20,201
690,25,259,25,259,21,217
691,24,243,25,259,22,220
692,25,252,25,252,22,220
693,25,253,25,254,21,217
694,24,248,25,259,21,214
695,25,255,26,267,20,207
696,25,259,26,260,22,223
697,25,253,26,261,21,210
698,26,266,25,255,21,210
699,24,248,26,261,19,198
700,26,260,25,250,19,195
701,24,249,24,248,19,192
702,25,257,26,262,19,194
703,27,270,26,261,20,203
704,26,265,25,258,19,197
705,26,261,27,272,19,192
706,25,258,26,260,18,180
707,25,257,25,250,19,190
708,26,260,26,265,19,191
709,26,261,26,263,18,186
710,25,258,26,261,18,187
711,27,274,26,261,19,194
712,25,254,25,251,20,201
713,26,263,25,257,18,184
714,26,263,26,268,19,198
715,26,260,26,268,19,196
716,26,266,26,260,20,201
717,25,251,26,264,21,210
718,26,268,26,261,21,217
719,26,266,25,259,20,205
720,25,259,27,275,21,213
721,26,260,26,269,20,208
722,26,266,26,260,20,207
723,26,267,27,278,21,210
724,25,259,26,268,21,217
725,26,263,27,278,22,229
726,25,257,27,276,21,215
727,26,268,27,277,23,236
728,25,258,26,261,23,230
729,26,263,26,261,21,219
730,25,251,26,269,21,212
731,26,261,28,289,21,213
732,25,252,27,278,24,242
733,25,255,26,269,22,223
734,26,261,27,276,22,225
735,25,259,27,271,21,210
736,25,253,27,275,22,229
737,26,266,26,269,22,220
738,27,271,27,274,22,227
739,27,274,27,276,22,222
740,26,267,27,275,22,227
741,26,269,28,288,23,237
742,25,258,27,276,22,227
743,26,263,26,263,23,236
744,26,262,26,267,23,231
745,27,270,27,273,23,238
746,26,266,28,280,21,219
747,27,273,26,265,24,247
748,26,268,28,280,24,243
749,25,259,28,289,23,233
750,27,270,27,271,23,239
751,26,262,27,273,21,219
752,26,266,29,294,22,225
753,28,284,29,292,23,233
754,26,265,29,290,21,215
755,27,272,27,273,20,206
756,27,274,28,281,23,231
757,25,256,29,293,23,235
758,24,240,28,282,24,241
759,27,275,27,278,21,216
760,26,268,27,270,23,232
761,27,278,28,285,23,233
762,25,250,26,269,22,229
763,26,264,27,271,20,209
764,25,254,27,279,22,224
765,26,262,27,277,22,226
766,27,270,27,276,20,207
767,27,270,26,264,21,212
768,26,261,25,256,21,216
769,26,266,25,255,22,222
770,25,253,26,269,22,222
771,23,231,25,259,21,211
772,26,261,26,267,21,215
773,26,262,25,259,23,233
774,25,256,27,279,22,224
775,24,242,26,268,22,226
776,24,247,27,273,22,221
777,24,246,26,267,21,219
778,25,259,26,268,24,243
779,23,239,26,261,23,232
780,25,250,28,283,23,231
781,25,256,27,270,22,226
782,26,262,27,271,22,222
783,26,262,26,268,23,230
784,26,267,28,280,24,242
785,26,264,27,276,23,233
786,27,279,27,278,22,223
787,26,268,27,275,22,221
788,26,267,28,281,23,233
789,26,264,27,274,21,210
790,28,286,26,269,22,225
791,27,276,26,261,23,236
792,26,265,26,266,24,240
793,27,276,26,262,23,238
794,27,273,26,260,24,242
795,26,269,25,257,22,222
796,26,268,24,244,23,230
797,27,277,25,259,23,237
798,26,269,25,257,21,219
799,25,253,25,252,20,209
800,25,257,24,241,21,215
801,27,275,24,242,23,231
802,26,268,25,255,23,233
803,25,258,26,265,22,227
804,25,256,25,254,22,229
805,27,273,25,257,21,219
806,27,274,25,254,21,217
807,27,275,26,263,21,211
808,25,258,26,263,21,219
809,25,256,26,262,22,222
810,26,269,28,282,22,228
811,25,253,27,274,22,225
812,25,259,25,257,21,212
813,26,262,25,253,21,217
814,25,255,26,260,23,233
815,25,256,27,271,22,228
816,24,247,26,262,22,220
817,24,246,26,261,22,222
818,27,271,25,255,22,226
819,26,266,26,268,22,222
820,23,231,25,257,21,215
821,23,238,24,248,21,214
822,24,249,24,246,22,220
823,24,245,25,254,21,210
824,25,255,24,247,22,222
825,25,256,25,258,23,230
826,25,251,24,242,22,223
827,24,244,26,265,22,225
828,25,255,25,256,21,214
829,24,246,26,262,21,214
830,25,255,25,256,20,208
831,24,247,25,253,21,216
832,25,254,25,255,22,227
833,24,246,26,265,21,217
834,25,250,24,247,21,212
835,25,255,26,264,22,220
836,24,247,26,266,21,217
837,26,263,26,264,21,212
838,24,249,26,264,22,222
839,24,248,26,268,22,225
840,25,252,26,268,22,227
841,26,267,27,274,22,228
842,25,254,27,271,22,226
843,25,258,25,256,21,214
844,24,244,26,268,21,219
845,24,244,26,265,21,214
846,26,260,27,279,21,214
847,26,268,26,266,20,208
848,24,247,27,270,20,205
849,25,251,26,262,22,226
850,25,259,27,276,20,208
851,27,274,27,276,21,213
852,26,266,26,267,22,229
853,25,254,26,267,22,221
854,26,264,26,265,21,211
855,26,269,26,263,23,230
856,26,261,26,261,21,217
857,26,266,25,259,22,223
858,26,261,26,263,23,232
859,26,263,25,253,23,233
860,26,262,26,269,23,238
861,25,255,27,278,23,236
862,26,261,27,273,24,240
863,24,248,27,273,23,236
864,25,254,26,266,24,240
865,26,260,28,288,23,235
866,27,275,28,283,23,239
867,25,255,27,278,23,237
868,27,270,27,274,23,232
869,26,261,26,268,22,229
870,26,268,27,279,22,223
871,26,269,27,273,24,245
872,26,267,27,276,24,246
873,27,276,27,271,24,246
874,25,255,28,285,23,233
875,26,263,27,277,22,225
876,26,266,28,283,23,233
877,26,263,28,280,22,221
878,25,258,27,271,23,237
879,25,257,27,272,24,241
880,26,260,27,273,23,235
881,25,257,27,276,24,247
882,26,266,26,263,24,243
883,27,274,25,257,22,225
884,27,271,27,271,23,234
885,27,272,27,270,23,235
886,26,268,26,261,23,236
887,27,272,25,259,23,232
888,27,272,27,274,23,237
889,28,280,27,276,24,240
890,26,263,26,266,22,228
891,25,254,25,257,24,240
892,25,252,25,258,23,232
893,25,256,27,272,24,243
894,26,260,27,270,23,230
895,24,247,27,271,23,238
896,25,258,27,272,23,238
897,26,261,25,250,22,229
898,26,264,25,255,24,247
899,26,260,26,266,23,238
900,27,271,24,244,23,230
901,26,266,25,255,22,228
902,26,267,25,252,23,236
903,25,257,26,264,22,228
904,27,279,26,269,24,240
905,27,270,26,266,22,221
906,27,277,27,275,22,225
907,26,265,27,270,22,229
908,25,258,27,277,24,241
909,26,269,27,279,23,236
910,25,252,26,264,22,226
911,25,259,28,283,22,223
912,27,275,27,273,22,227
913,26,262,26,264,22,220
914,27,276,26,262,20,208
915,28,284,27,272,22,226
916,27,271,25,256,23,230
917,26,265,27,271,22,223
918,26,262,26,264,22,228
919,25,254,25,258,21,219
920,25,258,25,258,21,214
921,26,265,24,248,23,234
922,25,254,25,257,23,238
923,26,260,25,256,23,238
924,26,267,27,271,25,251
925,27,270,25,257,23,233
926,24,246,25,254,22,228
927,24,249,25,250,21,219
928,24,247,25,252,21,215
929,24,243,25,252,22,220
930,26,261,26,264,24,240
931,28,284,26,261,22,225
932,25,251,25,250,23,230
933,26,268,24,248,21,218
934,25,252,27,274,21,217
935,27,271,25,251,22,229
936,26,261,25,256,22,221
937,25,252,24,246,21,213
938,25,254,25,259,23,230
939,26,265,24,243,22,220
940,25,252,24,243,22,224
941,27,273,24,246,21,216
942,25,251,24,242,21,217
943,25,259,25,255,22,227
944,24,247,25,259,21,215
945,24,241,26,265,20,207
946,26,267,25,253,22,228
947,26,260,25,254,21,219
948,25,254,24,249,22,222
949,26,265,25,253,21,212
950,25,250,25,252,23,234
951,25,252,26,263,23,230
952,25,251,27,271,22,226
953,24,242,25,256,22,229
954,24,245,24,245,22,223
955,24,249,25,256,20,206
956,24,243,25,254,23,231
957,26,261,26,262,23,232
958,25,258,24,249,23,238
959,24,248,26,262,22,222
960,25,251,24,249,23,233
961,25,253,25,252,22,226
962,25,250,25,259,22,224
963,25,255,26,262,23,233
964,24,249,25,251,22,226
965,25,256,26,260,23,235
966,25,254,25,252,23,237
967,24,249,26,260,24,244
968,26,263,25,258,23,237
969,27,276,27,270,22,229
970,25,255,26,265,22,225
971,26,265,25,250,23,236
972,24,246,25,258,22,227
973,24,247,25,253,22,227
974,26,265,24,249,21,214
975,26,266,26,260,22,229
976,26,266,25,250,23,239
977,26,262,24,249,23,238
978,26,268,26,265,24,245
979,26,263,26,260,23,237
980,26,262,25,258,24,245
981,26,261,26,263,22,225
982,26,261,25,256,23,236
983,24,244,25,257,25,250
984,25,255,25,254,23,237
985,26,266,26,260,22,224
986,26,260,25,259,23,236
987,24,243,27,272,24,241
988,25,258,25,250,23,238
989,25,259,26,260,23,235
990,25,250,25,253,24,245
991,26,261,26,267,24,245
992,24,246,24,248,24,249
993,27,270,26,266,23,238
994,25,256,26,262,25,250
995,26,260,25,252,25,254
996,25,253,25,252,24,249
997,24,244,26,269,24,245
998,27,272,25,254,23,234
999,27,273,24,245,24,249
1000,26,265,24,244,23,238
1001,27,273,24,241,24,241
1002,26,268,23,234,23,239
1003,26,261,24,247,23,231
1004,25,250,23,235,23,233
1005,26,261,24,243,25,253
1006,25,259,26,265,24,244
1007,25,252,24,242,23,230
1008,25,251,25,259,23,234
1009,26,266,25,252,23,234
1010,24,246,25,251,22,222
1011,25,250,25,253,23,232
1012,25,257,24,244,23,239
1013,26,264,24,241,23,236
1014,26,266,25,255,24,245
1015,24,249,25,251,25,250
1016,25,257,25,250,24,247
1017,25,255,26,262,24,246
1018,25,253,24,247,25,254
1019,25,259,26,262,24,246
1020,25,259,26,262,25,254
1021,26,260,25,251,24,249
1022,23,236,24,244,24,245
1023,25,253,23,238,24,243
1024,24,245,25,253,26,263
1025,24,249,24,242,25,256
1026,26,260,23,237,25,252
1027,25,250,24,247,24,242
1028,25,256,26,261,24,248
1029,25,250,24,249,25,255
1030,25,258,25,258,24,248
1031,25,253,25,256,25,251
1032,25,251,25,256,25,257
1033,26,261,25,259,25,257
1034,25,255,26,267,23,239
1035,26,266,26,262,25,254
1036,26,261,27,270,25,250
1037,25,256,24,249,24,244
1038,24,246,24,248,24,244
1039,26,260,26,260,25,250
1040,25,256,26,266,25,252
1041,26,260,27,277,25,250
1042,25,259,25,258,24,245
1043,26,262,26,264,24,248
1044,26,268,27,271,23,232
1045,26,260,26,263,23,236
1046,26,264,26,268,22,225
1047,26,262,28,283,23,230
1048,25,252,27,270,24,240
1049,25,259,26,266,25,253
1050,25,252,25,253,24,247
1051,25,253,27,277,23,237
1052,25,251,26,261,23,235
1053,24,248,26,262,24,249
1054,24,241,24,243,23,233
1055,26,266,26,261,23,233
1056,24,246,26,268,24,243
1057,24,247,24,245,24,245
1058,24,246,25,252,24,240
1059,24,249,24,248,23,238
1060,24,244,25,257,23,234
1061,25,257,26,266,24,240
1062,24,244,25,257,24,249
1063,25,253,23,238,23,230
1064,23,233,24,246,25,250
1065,24,247,24,240,22,228
1066,25,257,25,253,22,227
1067,24,242,24,248,23,238
1068,24,240,24,242,23,235
1069,23,236,25,252,21,217
1070,22,224,23,237,24,240
1071,23,234,23,232,22,221
1072,23,233,23,236,22,223
1073,23,238,24,248,22,229
1074,25,258,26,267,22,220
1075,23,236,25,253,22,226
1076,23,231,25,250,23,231
1077,23,238,25,251,23,234
1078,23,230,23,236,22,222
1079,22,222,24,248,23,230
1080,24,243,25,258,22,223
1081,23,239,24,243,22,225
1082,24,248,23,232,23,232
1083,24,242,24,243,22,221
1084,24,241,22,229,21,215
1085,23,237,23,234,22,228
1086,24,244,23,234,21,212
1087,25,250,25,252,21,219
1088,24,246,24,248,23,236
1089,24,248,24,247,23,232
1090,23,238,24,241,21,218
1091,24,246,24,247,22,221
1092,24,249,24,245,22,227
1093,24,246,22,227,22,222
1094,23,238,24,246,22,228
1095,25,253,26,261,22,229
1096,24,243,24,243,22,228
1097,23,238,22,227,23,230
1098,24,242,23,232,22,220
1099,22,227,24,243,22,222
1100,23,232,23,235,20,203
1101,25,253,24,240,22,223
1102,24,248,26,260,21,219
1103,26,260,24,245,22,222
1104,26,261,24,243,24,243
1105,25,259,25,252,22,224
1106,27,270,25,250,23,232
1107,27,270,26,265,22,220
1108,25,254,24,245,23,231
1109,25,253,26,260,23,239
1110,26,262,25,254,22,229
1111,25,256,24,248,24,243
1112,25,254,25,257,24,246
1113,26,260,27,278,23,237
1114,26,261,26,263,24,240
1115,26,263,25,257,24,248
1116,26,262,25,256,25,250
1117,27,276,26,262,23,232
1118,26,262,26,265,23,234
1119,25,259,25,257,24,241
1120,25,251,25,251,24,245
1121,26,263,26,260,23,232
1122,25,250,25,255,24,249
1123,25,255,27,276,23,237
1124,25,259,26,266,23,232
1125,25,257,26,263,23,230
1126,27,272,26,266,23,235
1127,26,261,24,248,24,249
1128,25,258,25,251,25,252
1129,25,258,24,248,24,243
1130,26,266,25,258,23,237
1131,25,251,24,249,23,231
1132,25,258,25,259,23,231
1133,26,263,27,270,24,241
1134,26,265,25,258,24,241
1135,26,261,26,268,23,234
1136,26,269,25,259,23,232
1137,24,244,25,254,22,224
1138,25,250,25,253,22,227
1139,24,245,26,260,22,228
1140,24,247,24,243,22,224
1141,26,267,23,238,23,239
1142,24,248,26,260,23,234
1143,26,261,24,241,24,241
1144,27,271,26,265,22,226
1145,26,262,26,262,25,253
1146,26,262,26,269,24,248
1147,26,269,26,262,24,244
1148,25,258,26,262,24,241
1149,27,275,26,264,24,241
1150,27,270,26,261,26,263
1151,27,275,28,282,25,255
1152,28,281,27,276,26,267
1153,27,273,27,278,23,237
1154,27,271,26,264,23,239
1155,27,270,25,258,24,244
1156,26,268,26,264,24,249
1157,26,266,26,263,25,258
1158,24,241,25,255,25,256
1159,25,252,26,260,26,267
1160,25,252,26,263,25,250
1161,26,262,25,258,25,256
1162,25,252,25,254,24,247
1163,26,263,26,269,24,247
1164,26,260,23,238,25,257
1165,27,273,26,264,25,250
1166,26,262,26,260,26,264
1167,26,260,25,256,27,271
1168,26,268,25,259,26,261
1169,25,257,26,261,26,263
1170,26,269,26,265,26,261
1171,26,264,26,264,26,261
1172,26,262,26,263,27,271
1173,26,268,25,257,26,263
1174,26,269,26,260,26,262
1175,26,261,26,268,26,261
1176,25,256,27,274,27,275
1177,26,260,27,271,24,241
1178,26,260,25,252,27,270
1179,27,270,25,259,25,257
1180,27,270,24,248,25,256
1181,26,268,25,253,26,267
1182,25,253,25,253,25,252
1183,27,270,26,264,26,260
1184,28,280,25,251,26,263
1185,25,253,24,240,25,255
1186,27,279,24,247,25,257
1187,26,269,24,243,24,244
1188,26,266,25,250,24,242
1189,27,272,26,263,24,249
1190,25,253,25,257,24,242
1191,26,264,25,251,24,244
1192,26,260,24,248,24,240
1193,26,263,25,256,24,244
1194,25,253,26,260,24,241
1195,26,263,24,247,25,250
1196,26,260,25,256,24,248
1197,26,264,23,238,25,257
1198,25,258,24,249,23,239
1199,25,251,24,245,24,245
1200,25,257,22,227,22,227
1201,25,255,24,246,24,240
1202,24,249,23,238,23,234
1203,25,259,22,224,23,236
1204,25,251,23,236,23,233
1205,24,247,25,251,23,235
1206,24,245,25,251,24,242
1207,24,242,23,236,22,227
1208,24,241,23,235,23,238
1209,22,229,24,245,23,235
1210,23,234,25,258,22,224
1211,23,237,24,245,23,231
1212,23,239,23,238,23,237
1213,23,239,24,248,22,222
1214,24,249,23,233,23,238
1215,24,246,23,232,22,222
1216,24,247,24,249,23,235
1217,24,248,23,235,23,233
1218,24,246,23,237,22,229
1219,24,245,23,235,23,237
1220,26,263,24,241,22,228
1221,23,239,24,242,23,232
1222,23,239,24,241,22,222
1223,23,237,23,232,23,230
1224,24,246,24,243,23,237
1225,24,247,23,236,24,242
1226,24,242,24,244,24,245
1227,25,257,24,246,24,245
1228,24,242,25,253,23,233
1229,24,247,24,242,23,235
1230,25,258,24,245,23,238
1231,26,267,22,225,23,233
1232,25,256,24,247,24,242
1233,24,245,23,236,23,237
1234,25,254,23,238,23,232
1235,25,251,25,253,24,247
1236,25,258,22,225,23,232
1237,23,239,25,252,24,244
1238,25,257,25,258,23,231
1239,25,258,25,257,23,236
1240,25,254,24,243,24,247
1241,24,242,24,245,23,234
1242,26,260,24,242,25,253
1243,26,264,24,248,25,251
1244,24,249,24,241,22,225
1245,25,252,25,253,23,231
1246,23,236,24,248,24,243
1247,25,255,24,245,23,233
1248,24,243,24,244,24,249
1249,25,259,25,251,24,240
1250,25,251,24,244,23,233
1251,25,253,24,249,23,236
1252,24,244,22,229,22,227
1253,26,261,25,252,23,235
1254,24,245,26,265,23,230
1255,24,245,24,242,23,235
1256,25,253,24,247,24,240
1257,26,263,25,256,24,244
1258,25,258,25,259,25,250
1259,26,269,24,243,24,240
1260,26,267,25,251,25,253
1261,26,262,26,264,23,237
1262,26,269,24,247,23,239
1263,25,257,25,255,23,236
1264,26,263,25,250,22,226
1265,26,267,24,243,23,237
1266,27,276,26,264,24,244
1267,27,270,25,252,25,252
1268,27,276,25,254,24,246
1269,25,258,25,254,24,242
1270,27,273,25,253,24,242
1271,25,256,25,259,25,253
1272,25,256,26,264,24,243
1273,27,275,25,255,24,249
1274,25,258,25,259,25,251
1275,27,277,25,257,25,258
1276,26,263,25,254,25,254
1277,27,274,26,263,25,255
1278,26,262,26,265,27,274
1279,28,284,27,275,25,259
1280,27,272,26,266,25,255
1281,26,266,24,242,25,250
1282,26,263,25,252,24,244
1283,27,271,26,262,24,244
1284,26,266,26,266,24,246
1285,27,272,25,257,23,235
1286,25,255,24,247,24,248
1287,26,261,23,239,23,234
1288,25,250,24,242,23,230
1289,23,238,23,236,22,220
1290,24,241,24,245,23,231
1291,23,239,22,226,22,220
1292,24,245,23,232,23,231
1293,24,247,24,240,22,228
1294,23,231,24,243,22,225
1295,24,245,22,229,21,211
1296,23,236,22,222,22,226
1297,23,234,22,227,21,219
1298,23,238,23,235,21,214
1299,23,235,23,234,21,213
1300,23,238,23,230,20,209
1301,22,227,23,237,21,218
1302,24,245,25,259,22,222
1303,23,231,25,255,22,220
1304,21,219,24,248,21,217
1305,23,237,25,252,21,215
1306,24,245,24,246,21,212
1307,25,250,25,255,19,196
1308,24,243,25,258,21,217
1309,23,234,24,242,20,208
1310,24,242,23,235,20,207
1311,23,232,23,236,20,205
1312,24,248,24,245,21,214
1313,23,238,23,235,19,198
1314,24,245,23,233,20,207
1315,25,259,24,244,21,215
1316,23,239,24,244,22,225
1317,23,238,24,242,21,217
1318,25,250,25,254,22,223
1319,23,234,24,246,20,209
1320,24,246,24,248,21,218
1321,24,246,23,238,22,221
1322,25,253,24,248,21,211
1323,23,239,23,230,21,211
1324,24,246,24,249,20,204
1325,24,248,26,263,22,220
1326,25,259,23,239,22,222
1327,25,254,23,239,22,222
1328,23,239,24,242,22,223
1329,24,249,24,245,23,230
1330,24,245,24,246,23,236
1331,25,252,25,253,22,228
1332,23,236,24,248,23,232
1333,24,249,23,237,23,237
1334,23,237,24,241,22,228
1335,25,255,24,244,22,229
1336,24,249,24,240,24,243
1337,23,233,23,233,23,237
1338,25,251,25,251,23,233
1339,24,247,25,252,22,229
1340,23,239,24,245,23,238
1341,23,232,24,249,24,240
1342,24,243,26,266,23,230
1343,25,251,24,243,22,229
1344,25,250,24,241,22,222
1345,25,251,25,253,22,225
1346,26,262,26,263,22,226
1347,23,237,26,265,23,232
1348,24,249,24,248,21,215
1349,25,253,25,253,22,226
1350,25,254,26,268,22,222
1351,28,283,25,255,22,229
1352,26,269,27,272,23,238
1353,26,265,25,258,23,231
1354,26,262,24,248,25,250
1355,25,259,25,255,24,246
1356,26,267,25,259,24,241
1357,26,267,25,253,23,234
1358,26,264,25,252,24,241
1359,26,268,26,264,24,241
1360,25,257,25,258,23,239
1361,26,265,26,266,24,246
1362,25,257,25,251,23,232
1363,25,255,26,264,23,233
1364,25,252,26,265,23,237
1365,25,251,25,256,23,233
1366,25,252,25,253,24,249
1367,24,248,27,272,23,232
1368,26,265,25,255,23,238
1369,25,251,25,256,23,239
1370,25,252,26,261,23,235
1371,24,248,25,258,24,240
1372,24,240,25,255,23,233
1373,26,262,27,270,24,244
1374,23,233,26,266,21,219
1375,23,238,27,272,22,227
1376,22,224,26,261,22,220
1377,22,226,25,251,21,216
1378,24,244,25,255,19,196
1379,24,246,26,264,21,219
1380,23,234,25,252,21,215
1381,24,240,25,253,20,209
1382,23,230,24,244,21,213
1383,24,248,24,241,21,212
1384,25,255,24,242,22,221
1385,24,247,25,259,22,221
1386,23,234,26,261,21,214
1387,25,258,25,255,22,224
1388,24,249,26,262,21,214
1389,24,246,26,260,20,205
1390,24,240,27,270,21,217
1391,23,238,23,233,22,226
1392,24,249,24,243,21,210
1393,25,256,25,256,21,215
1394,24,241,25,259,20,206
1395,24,240,26,263,21,213
1396,23,234,26,265,19,197
1397,23,239,25,255,21,219
1398,24,241,24,248,20,209
1399,26,261,27,272,21,211
1400,25,254,25,252,21,218
1401,25,257,25,253,21,216
1402,24,242,25,258,20,209
1403,25,253,25,251,20,202
1404,25,258,24,241,21,211
1405,25,252,25,255,21,217
1406,24,243,25,259,20,209
1407,25,250,26,260,22,221
1408,24,247,26,264,20,206
1409,24,244,27,272,21,213
1410,23,236,25,257,18,188
1411,24,241,25,253,20,203
1412,23,237,22,226,20,205
1413,22,227,23,239,21,216
1414,24,243,23,232,20,201
1415,23,232,24,244,21,217
1416,22,225,23,230,19,198
1417,23,234,24,246,21,210
1418,21,218,24,242,19,194
1419,23,235,24,240,18,183
1420,22,220,25,252,20,201
1421,22,222,22,227,18,181
1422,22,221,23,235,20,200
1423,21,217,24,241,20,205
1424,23,234,25,255,21,210
1425,22,224,23,237,21,212
1426,23,235,25,255,21,218
1427,23,236,23,239,21,213
1428,22,220,23,238,22,225
1429,22,227,24,241,21,219
1430,22,220,24,240,21,217
1431,22,224,23,233,20,205
1432,22,226,25,254,21,212
1433,24,244,24,241,21,215
1434,23,238,25,251,23,236
1435,22,227,25,255,21,219
1436,22,229,24,246,20,207
1437,22,229,25,256,22,226
1438,24,245,25,257,24,240
1439,23,232,23,233,22,229
1440,23,230,25,253,23,235
1441,25,251,26,262,22,227
1442,24,247,25,258,23,234
1443,24,246,25,253,22,229
1444,24,245,23,233,23,230
1445,24,246,25,256,23,233
1446,24,242,24,243,23,234
1447,23,236,25,253,22,229
1448,25,251,24,242,22,221
1449,23,233,25,254,24,248
1450,25,256,24,242,24,246
1451,23,235,24,247,22,224
1452,23,233,24,242,21,215
1453,24,246,24,247,23,230
1454,24,247,24,244,21,215
1455,25,257,23,238,23,238
1456,24,247,26,262,24,244
1457,24,242,26,268,22,226
1458,25,255,25,256,22,225
1459,24,245,25,259,23,234
1460,25,256,25,255,23,237
1461,24,242,25,259,23,233
1462,26,263,26,261,23,239
1463,25,254,24,248,22,224
1464,24,241,23,238,22,221
1465,24,242,25,254,22,223
1466,25,257,24,249,22,225
1467,25,257,24,248,23,234
1468,26,260,25,253,24,240
1469,26,262,25,257,22,226
1470,24,247,26,269,21,214
1471,25,250,26,261,21,215
1472,25,255,24,247,21,215
1473,24,240,24,248,23,237
1474,25,251,25,257,22,226
1475,24,248,25,259,22,224
1476,24,242,24,248,21,219
1477,23,236,25,254,21,210
1478,24,246,25,253,21,213
1479,24,242,24,246,22,227
1480,25,255,26,261,23,233
1481,25,252,24,244,23,230
1482,25,256,25,253,26,261
1483,26,265,26,261,22,224
1484,27,275,25,256,21,216
1485,24,246,25,251,20,204
1486,26,263,26,263,21,219
1487,24,249,25,258,21,214
1488,25,258,25,255,21,213
1489,25,255,23,239,19,199
1490,25,253,26,260,18,180
1491,25,251,25,250,19,196
1492,25,252,23,235,21,217
1493,24,249,25,258,21,216
1494,25,258,25,252,23,230
1495,25,258,24,247,22,222
1496,26,260,24,247,23,231
1497,24,242,25,252,22,225
1498,25,254,24,248,22,225
1499,24,249,25,251,23,230
1500,25,250,25,257,23,238
1501,25,257,25,254,23,239
1502,26,264,27,272,23,237
1503,25,255,24,249,22,228
1504,24,247,24,243,20,208
1505,26,269,25,253,22,229
1506,27,272,25,255,22,226
1507,25,257,23,234,21,217
1508,24,248,24,243,22,224
1509,26,263,24,247,23,231
1510,24,246,24,246,22,226
1511,24,243,25,253,22,229
1512,25,251,23,237,24,240
1513,25,252,23,234,22,221
1514,25,250,23,231,22,221
1515,25,255,24,249,21,216
1516,26,268,24,245,22,223
1517,24,249,24,244,22,225
1518,26,265,25,250,22,229
1519,24,246,24,245,22,225
1520,25,250,23,234,22,223
1521,25,256,24,241,22,229
1522,26,260,25,259,23,233
1523,24,244,24,245,22,220
1524,25,253,25,255,21,218
1525,24,242,24,245,23,233
1526,25,253,25,258,21,214
1527,25,257,24,242,21,211
1528,24,244,24,247,21,219
1529,24,241,23,238,22,221
1530,24,248,24,240,21,213
1531,23,232,24,243,22,223
1532,25,259,24,246,21,216
1533,24,245,23,236,21,218
1534,24,245,23,231,21,216
1535,25,251,24,248,21,214
1536,23,232,23,235,21,214
1537,23,231,24,242,22,222
1538,24,241,23,237,21,219
1539,23,238,23,235,23,231
1540,25,251,25,254,21,219
1541,23,237,25,253,22,225
1542,24,245,24,241,21,211
1543,24,244,24,247,21,219
1544,25,252,23,238,22,222
1545,23,235,25,259,22,221
1546,26,263,24,247,21,216
1547,24,246,23,235,22,227
1548,24,243,24,249,23,236
1549,24,244,24,246,25,251
1550,25,257,25,258,23,231
1551,25,252,26,264,24,246
1552,25,254,25,253,23,231
1553,24,243,25,253,23,231
1554,25,257,24,242,23,237
1555,25,251,23,235,23,233
1556,24,246,23,237,23,234
1557,24,249,24,246,23,232
1558,24,244,24,244,24,240
1559,25,250,22,227,24,241
1560,25,250,22,224,22,228
1561,23,239,23,230,24,241
1562,25,256,24,241,23,238
1563,24,246,25,253,24,242
1564,24,248,25,251,24,241
1565,27,272,24,249,23,238
1566,24,249,25,255,24,241
1567,26,263,25,258,22,227
1568,25,257,24,248,23,236
1569,26,260,25,255,24,242
1570,25,259,26,265,24,246
1571,25,257,25,256,24,240
1572,25,257,24,247,24,249
1573,26,266,25,256,24,248
1574,24,249,26,269,24,247
1575,25,253,26,261,23,237
1576,24,240,25,250,23,232
1577,25,250,26,264,23,238
1578,25,256,24,240,23,238
1579,24,247,24,248,23,239
1580,26,269,25,252,23,235
1581,27,273,25,255,24,245
1582,26,267,24,244,23,239
1583,26,265,25,259,23,235
1584,25,255,26,260,22,229
1585,26,260,24,248,21,210
1586,25,259,25,255,23,235
1587,25,252,25,250,23,232
1588,25,256,25,251,21,216
1589,25,259,24,248,21,213
1590,26,260,25,252,22,220
1591,26,262,24,248,21,218
1592,26,263,25,257,23,231
1593,24,247,25,258,21,219
1594,25,252,25,251,23,238
1595,26,262,25,254,22,228
1596,25,256,25,259,24,241
1597,26,261,25,252,22,220
1598,26,262,25,259,23,238
1599,25,257,25,253,23,233
1600,25,255,24,249,24,246
1601,25,254,24,242,24,248
1602,26,269,25,252,23,238
1603,27,271,25,253,23,232
1604,24,248,24,245,24,240
1605,25,255,25,252,24,243
1606,25,253,25,255,22,227
1607,25,255,24,241,23,232
1608,24,245,24,246,24,240
1609,24,246,25,254,22,229
1610,25,252,25,253,21,211
1611,25,254,23,238,22,225
1612,23,239,23,239,21,219
1613,23,233,24,240,21,216
1614,24,240,24,240,20,203
1615,23,238,23,239,22,225
1616,22,226,25,254,22,221
1617,23,235,23,234,21,215
1618,23,238,22,228,21,211
1619,24,241,25,254,22,227
1620,21,219,23,237,22,223
1621,23,235,23,238,21,213
1622,23,232,23,233,21,213
1623,22,221,23,238,21,213
1624,23,237,23,235,21,219
1625,24,241,24,241,21,215
1626,24,242,24,243,23,235
1627,24,240,25,250,24,244
1628,24,248,24,249,23,239
1629,25,250,24,245,22,227
1630,25,252,25,251,22,228
1631,25,255,25,259,23,238
1632,26,265,26,263,23,238
1633,25,257,24,249,23,231
1634,26,260,25,252,24,244
1635,25,259,25,257,25,250
1636,24,245,24,249,24,243
1637,25,259,25,255,24,248
1638,25,252,25,252,25,255
1639,25,253,24,243,25,257
1640,24,249,24,248,23,239
1641,25,258,24,241,25,255
1642,26,262,25,251,26,261
1643,27,270,25,252,24,244
1644,28,282,25,253,24,248
1645,27,270,25,258,23,236
1646,26,261,26,265,23,236
1647,26,261,26,264,23,239
1648,24,248,26,263,22,228
1649,24,242,24,241,22,229
1650,24,249,25,254,22,226
1651,25,254,26,262,22,221
1652,25,250,25,253,24,246
1653,25,255,27,273,23,238
1654,24,248,25,251,23,235
1655,25,253,26,262,24,249
1656,25,256,25,252,24,246
1657,24,243,25,250,23,234
1658,24,242,25,258,23,231
1659,24,241,25,258,23,235
1660,26,261,25,252,23,234
1661,23,232,25,250,23,234
1662,24,248,25,251,21,219
1663,24,243,25,250,21,214
1664,23,239,24,243,21,218
1665,25,253,24,244,21,219
1666,24,247,24,248,24,240
1667,23,239,23,231,22,222
1668,24,244,25,257,23,238
1669,26,264,24,246,23,234
1670,25,253,24,247,22,221
1671,25,253,24,242,22,229
1672,23,239,24,242,20,201
1673,24,246,25,250,22,225
1674,26,266,26,263,24,246
1675,25,250,23,237,22,222
1676,23,236,23,235,23,234
1677,26,262,23,234,23,231
1678,25,252,23,239,24,244
1679,25,255,23,239,23,231
1680,24,247,22,223,23,232
1681,24,249,25,253,24,243
1682,25,257,26,262,23,237
1683,24,246,25,254,24,243
1684,24,246,24,248,24,249
1685,25,250,25,254,24,242
1686,25,256,24,246,24,247
1687,24,241,24,241,24,249
1688,23,238,25,251,23,233
1689,24,247,23,235,24,244
1690,23,234,22,222,22,224
1691,23,230,24,246,25,250
1692,24,243,23,230,24,244
1693,25,251,24,244,22,221
1694,24,242,22,226,24,240
1695,24,246,25,250,24,243
1696,24,244,24,243,25,254
1697,25,256,25,259,23,237
1698,23,237,23,238,23,232
1699,25,250,25,251,24,243
1700,24,242,25,256,24,243
1701,24,247,25,251,26,261
1702,26,265,25,254,23,238
1703,24,246,23,234,22,220
1704,24,240,24,246,23,231
1705,24,245,25,255,22,222
1706,24,244,25,251,23,237
1707,23,239,23,239,23,238
1708,25,257,25,253,23,230
1709,24,244,26,268,24,245
1710,24,245,24,248,22,226
1711,23,236,23,233,22,223
1712,24,246,24,248,23,232
1713,25,258,24,247,24,241
1714,24,247,24,248,23,238
1715,25,252,24,242,23,237
1716,26,261,24,249,24,248
1717,25,254,24,244,23,239
1718,25,259,23,237,24,240
1719,24,249,25,259,24,240
1720,25,255,23,239,25,250
1721,25,254,24,241,24,246
1722,24,242,24,249,24,242
1723,24,247,24,248,24,247
1724,26,264,24,248,24,244
1725,26,262,25,253,24,246
1726,26,264,24,240,25,258
1727,25,253,24,245,25,258
1728,25,252,24,242,25,256
1729,26,260,24,242,25,254
1730,26,263,24,249,25,255
1731,26,261,25,252,25,254
1732,26,265,26,263,24,249
1733,25,257,25,258,25,254
1734,26,261,24,244,25,254
1735,25,257,26,260,26,264
1736,26,268,26,266,24,242
1737,25,259,25,256,26,261
1738,25,250,24,248,24,244
1739,25,257,25,252,25,251
1740,24,249,24,247,24,248
1741,23,234,24,245,24,241
1742,24,248,24,243,24,241
1743,25,250,24,246,24,240
1744,25,251,24,249,25,251
1745,23,235,24,243,25,253
1746,24,243,24,245,24,243
1747,23,234,25,250,25,254
1748,24,245,25,256,24,244
1749,24,246,26,262,25,256
1750,25,257,25,257,26,265
1751,25,253,24,247,25,255
1752,25,256,25,256,26,265
1753,25,253,26,260,23,237
1754,26,260,27,274,25,255
1755,26,262,24,247,24,247
1756,24,248,24,248,24,241
1757,26,262,26,262,26,267
1758,25,250,26,262,24,241
1759,25,254,26,265,25,254
1760,27,274,26,266,25,257
1761,25,251,25,256,25,253
1762,26,266,26,266,26,261
1763,26,267,27,279,25,259
1764,26,265,25,252,25,250
1765,25,258,26,260,25,256
1766,27,270,26,268,25,257
1767,26,263,26,262,25,257
1768,27,271,26,269,26,266
1769,28,281,24,249,26,262
1770,26,269,26,266,26,261
1771,26,262,26,263,25,257
1772,27,274,25,254,24,249
1773,27,271,26,261,24,248
1774,26,269,25,254,25,250
1775,26,261,24,246,24,249
1776,26,269,25,251,24,248
1777,25,257,25,257,25,255
1778,25,259,25,259,25,257
1779,25,257,24,243,24,246
1780,25,250,26,264,26,260
1781,24,248,23,235,24,248
1782,25,257,24,247,24,240
1783,23,238,23,239,24,246
1784,25,256,25,253,23,238
1785,24,244,24,248,24,240
1786,25,259,26,260,22,229
1787,25,252,26,268,23,231
1788,26,260,27,277,23,233
1789,25,255,26,260,22,229
1790,25,258,26,266,24,242
1791,25,256,26,269,23,238
1792,24,248,25,255,23,239
1793,25,251,27,273,25,251
1794,27,270,26,263,24,243
1795,24,244,25,250,22,226
1796,26,261,23,239,23,233
1797,26,262,26,260,22,223
1798,25,252,24,245,23,234
1799,25,259,25,259,23,234
1800,24,240,25,253,22,229
1801,24,242,26,263,23,231
1802,25,256,27,278,24,243
1803,24,247,26,265,24,243
1804,25,259,26,262,24,242
1805,25,252,25,259,23,231
1806,24,249,25,256,23,233
1807,24,248,26,262,24,241
1808,24,249,25,252,22,228
1809,25,258,26,260,23,233
1810,25,254,24,243,23,232
1811,23,238,26,260,23,234
1812,24,245,23,238,22,221
1813,24,245,24,248,22,226
1814,23,234,25,254,24,247
1815,23,235,24,244,24,243
1816,24,248,25,257,24,240
1817,23,234,25,253,24,240
1818,24,241,26,263,23,237
1819,24,240,25,250,23,238
1820,22,228,24,245,24,248
1821,24,244,25,259,23,234
1822,24,247,25,258,23,234
1823,24,249,26,263,25,251
1824,25,254,25,258,24,249
1825,23,231,26,262,22,229
1826,23,236,23,238,24,246
1827,24,244,25,251,23,239
1828,26,260,24,247,23,236
1829,25,254,24,248,24,247
1830,25,252,24,246,25,258
1831,25,257,26,260,23,238
1832,25,251,25,255,23,234
1833,25,253,24,246,23,239
1834,24,248,26,260,23,239
1835,25,252,25,258,24,245
1836,26,260,26,263,23,239
1837,25,254,26,268,24,242
1838,26,268,27,270,24,240
1839,25,253,27,270,23,237
1840,24,247,25,259,23,233
1841,24,247,25,250,22,229
1842,26,262,27,272,23,232
1843,23,238,26,266,24,240
1844,23,238,26,267,23,237
1845,27,272,27,272,24,245
1846,26,268,24,246,23,233
1847,25,253,26,265,24,248
1848,25,257,25,259,24,247
1849,26,261,25,250,23,239
1850,25,257,24,249,24,243
1851,25,257,24,245,24,243
1852,26,263,26,261,23,238
1853,25,251,25,254,25,250
1854,26,265,26,266,22,228
1855,25,250,26,260,24,243
1856,25,252,26,264,22,229
1857,24,243,26,263,24,243
1858,24,244,24,246,22,226
1859,25,252,25,253,23,235
1860,24,244,27,272,22,220
1861,24,242,25,252,24,244
1862,23,237,25,259,23,232
1863,25,253,26,262,24,248
1864,24,247,26,267,25,250
1865,25,257,25,258,25,256
1866,25,251,26,262,24,246
1867,25,255,26,268,24,247
1868,25,256,24,249,24,246
1869,24,240,25,256,25,252
1870,23,231,25,256,24,249
1871,24,241,24,244,27,270
1872,23,232,25,257,25,257
1873,24,246,24,247,25,259
1874,24,245,23,237,24,249
1875,24,240,24,243,24,245
1876,25,256,25,251,24,245
1877,23,237,25,257,25,252
1878,26,265,25,256,26,269
1879,25,259,24,249,26,261
1880,25,254,26,269,25,252
1881,24,247,24,246,22,229
1882,27,279,26,261,24,244
1883,24,247,25,254,23,239
1884,24,245,26,266,24,243
1885,25,253,25,257,24,243
1886,25,251,25,258,24,241
1887,25,254,26,264,24,244
1888,26,263,26,260,23,237
1889,25,253,26,266,24,248
1890,24,248,25,255,24,244
1891,24,248,26,261,21,218
1892,26,263,26,260,24,242
1893,26,262,25,258,24,242
1894,25,257,27,270,24,244
1895,25,259,27,279,23,230
1896,28,280,25,256,23,230
1897,26,269,27,274,24,240
1898,27,276,27,271,23,235
1899,27,273,28,280,25,250
1900,26,261,28,280,25,257
1901,26,264,27,271,23,237
1902,25,259,27,274,24,240
1903,23,239,26,265,24,244
1904,25,250,25,256,24,245
1905,25,254,25,258,24,247
1906,24,249,25,259,23,233
1907,26,260,26,261,22,220
1908,25,250,25,256,22,225
1909,24,248,25,256,22,224
1910,26,262,26,261,23,239
1911,25,253,25,254,23,238
1912,26,261,25,259,23,237
1913,25,252,24,244,24,248
1914,26,261,24,246,24,242
1915,26,266,25,251,24,243
1916,25,252,25,258,24,243
1917,25,256,27,277,23,233
1918,24,243,25,255,24,245
1919,24,249,26,262,24,241
1920,25,258,25,250,24,243
1921,24,243,26,261,23,235
1922,25,253,25,252,23,239
1923,24,246,25,253,24,246
1924,24,243,25,252,24,245
1925,24,249,26,266,25,254
1926,24,240,25,254,24,241
1927,23,232,25,256,23,235
1928,24,249,25,253,26,262
1929,24,244,24,244,24,246
1930,24,245,26,263,23,239
1931,24,243,25,259,24,242
1932,24,246,26,260,25,252
1933,25,256,25,259,24,245
1934,25,252,25,257,24,244
1935,23,238,25,259,24,245
1936,25,250,24,247,23,232
1937,24,240,24,245,24,245
1938,25,251,25,259,24,246
1939,25,253,25,258,23,237
1940,25,257,25,254,23,237
1941,25,257,27,272,23,234
1942,25,254,25,252,22,228
1943,25,255,25,252,23,230
1944,26,269,25,251,23,237
1945,26,266,25,258,22,223
1946,26,261,24,244,24,246
1947,27,274,25,250,24,241
1948,27,272,25,254,23,232
1949,28,281,25,259,23,238
1950,26,261,25,254,24,241
1951,26,269,26,269,23,235
1952,26,267,26,263,23,235
1953,26,269,25,254,22,226
1954,26,267,25,255,23,237
1955,27,270,24,248,23,237
1956,26,261,25,252,25,255
1957,24,246,24,243,25,251
1958,25,256,26,263,23,232
1959,25,256,24,247,24,245
1960,27,275,23,239,24,244
1961,27,270,25,253,23,238
1962,26,260,23,234,23,236
1963,26,266,25,252,23,236
1964,25,256,23,237,25,251
1965,26,268,23,233,22,226
1966,25,256,24,245,24,240
1967,26,260,23,239,22,224
1968,25,256,23,232,23,235
1969,25,256,23,230,22,224
1970,25,257,22,223,22,220
1971,25,255,23,236,22,225
1972,26,262,24,246,23,239
1973,26,261,23,237,23,234
1974,26,260,24,245,23,231
1975,25,252,24,242,22,224
1976,25,250,23,233,24,245
1977,26,264,23,235,23,238
1978,25,250,24,243,22,229
1979,24,244,24,248,23,235
1980,24,244,24,241,24,242
1981,26,263,25,257,24,243
1982,27,278,23,238,23,238
1983,26,266,24,244,22,227
1984,25,258,23,231,25,250
1985,24,246,24,243,23,231
1986,25,255,23,232,23,237
1987,26,261,24,240,24,249
1988,25,253,25,254,24,243
1989,25,250,25,252,24,245
1990,26,265,26,269,22,229
1991,26,263,24,248,24,241
1992,26,263,24,245,24,246
1993,25,255,25,257,24,246
1994,27,270,25,250,24,243
1995,28,282,24,247,23,239
1996,27,273,25,256,24,246
1997,25,257,25,257,23,238
1998,25,257,25,253,24,241
1999,26,261,25,257,24,248
2000,26,261,25,252,24,240
2001,26,262,25,252,24,247
2002,26,265,26,263,25,251
2003,25,257,25,258,25,251
2004,24,249,24,249,23,236
2005,24,248,26,264,23,230
2006,26,268,25,254,23,238
2007,26,264,24,242,23,237
2008,26,268,25,255,25,256
2009,26,261,25,259,24,247
2010,27,274,24,249,25,255
2011,26,260,26,262,24,241
2012,25,256,24,249,24,245
2013,24,249,27,271,23,238
2014,25,250,24,241,24,242
2015,23,237,25,256,24,241
2016,25,251,26,261,24,249
2017,25,255,25,258,24,243
2018,23,239,26,260,24,244
2019,25,256,25,250,23,239
2020,23,237,24,243,23,233
2021,24,247,24,249,23,236
2022,25,251,25,251,25,250
2023,25,255,24,245,24,246
2024,25,250,25,252,24,244
2025,26,261,25,255,26,263
2026,24,247,24,242,25,255
2027,25,258,24,243,26,261
2028,24,243,24,242,24,249
2029,24,246,25,258,25,259
2030,26,262,23,234,26,261
2031,27,279,24,248,25,252
2032,27,272,23,235,28,280
2033,27,275,25,251,27,271
2034,26,262,24,247,25,253
2035,27,271,25,252,26,260
2036,25,259,26,269,25,252
2037,26,264,26,261,26,265
2038,25,255,26,260,27,271
2039,27,277,26,263,26,261
2040,27,277,26,268,28,282
2041,25,253,26,268,27,277
2042,27,272,27,274,27,277
2043,26,267,27,272,26,263
2044,27,270,28,284,26,266
2045,27,271,27,273,27,278
2046,24,248,26,269,24,247
2047,27,270,26,268,26,263
2048,24,243,27,271,26,260
2049,25,250,26,269,25,251
2050,26,264,25,259,27,272
2051,26,262,26,262,24,247
2052,24,249,24,241,26,266
2053,25,254,24,248,25,258
2054,26,262,25,256,24,248
2055,26,266,24,247,24,245
2056,24,243,25,250,25,254
2057,25,257,26,265,26,262
2058,26,261,25,252,26,263
2059,25,254,27,270,26,267
2060,25,256,26,261,25,253
2061,26,262,27,274,26,265
2062,26,265,26,266,26,264
2063,27,271,26,268,26,269
2064,26,263,26,265,26,263
2065,27,272,27,273,26,263
2066,25,259,26,260,27,270
2067,26,265,25,251,26,268
2068,26,262,27,274,25,256
2069,25,258,26,263,25,253
2070,26,264,25,256,25,254
2071,24,249,26,265,25,251
2072,25,259,25,257,25,254
2073,26,264,25,256,26,269
2074,26,264,27,279,27,276
2075,26,266,26,264,26,268
2076,25,259,25,258,26,269
2077,27,276,27,275,27,270
2078,26,267,26,269,26,268
2079,26,261,25,258,27,276
2080,25,251,25,259,27,271
2081,25,253,26,260,26,269
2082,25,255,26,261,27,274
2083,25,254,27,273,27,270
2084,25,258,27,270,28,287
2085,25,259,27,271,27,277
2086,26,267,26,264,26,267
2087,25,259,26,260,26,261
2088,26,261,26,263,27,273
2089,26,260,25,256,28,284
2090,25,252,26,269,26,267
2091,25,253,26,263,27,273
2092,25,255,25,259,27,271
2093,25,251,25,256,26,265
2094,27,270,26,260,26,266
2095,25,251,24,245,26,260
2096,25,254,26,261,27,270
2097,27,271,25,255,26,267
2098,25,253,26,262,26,266
2099,25,250,26,267,26,260
2100,25,259,26,264,25,251
2101,24,249,25,254,25,256
2102,23,232,25,252,26,260
2103,23,238,25,258,26,263
2104,25,252,24,242,26,262
2105,24,246,26,262,26,268
2106,23,238,25,250,24,247
2107,25,253,24,249,27,270
2108,24,248,25,252,26,260
2109,25,253,25,258,26,262
2110,24,247,25,259,23,236
2111,24,242,23,237,24,246
2112,25,254,25,259,24,242
2113,26,264,25,250,23,232
2114,24,247,25,257,24,243
2115,25,253,23,237,22,222
2116,25,251,25,250,23,232
2117,24,245,25,255,24,243
2118,23,234,25,250,25,250
2119,24,246,25,253,23,232
2120,25,250,25,258,23,230
2121,25,256,24,243,24,243
2122,24,247,24,245,22,228
2123,25,251,24,246,23,232
2124,25,255,24,249,23,233
2125,23,233,24,243,22,229
2126,24,249,23,234,24,243
2127,25,259,23,238,24,246
2128,26,263,23,239,23,237
2129,25,255,23,237,23,236
2130,26,263,23,238,24,244
2131,25,250,24,249,24,245
2132,25,252,25,250,23,235
2133,25,251,25,251,24,242
2134,25,257,26,264,25,250
2135,25,251,24,246,24,248
2136,24,245,26,263,25,251
2137,25,251,24,249,24,248
2138,26,260,24,244,23,237
2139,25,252,24,245,23,238
2140,23,233,25,256,23,237
2141,23,233,24,246,21,217
2142,24,245,24,241,23,231
2143,24,240,24,245,23,237
2144,24,241,24,244,23,230
2145,23,238,24,243,22,227
2146,23,239,24,242,22,223
2147,26,261,24,247,22,229
2148,25,259,24,249,23,237
2149,25,255,25,256,23,232
2150,23,236,24,247,24,240
2151,26,261,26,261,23,239
2152,23,237,24,244,24,249
2153,26,262,25,252,24,240
2154,25,253,26,264,24,245
2155,25,259,24,244,25,250
2156,25,257,26,266,23,235
2157,23,238,26,260,24,246
2158,24,240,25,253,24,244
2159,25,256,24,248,23,234
2160,25,257,25,254,24,244
2161,25,256,25,254,25,253
2162,25,259,25,250,24,244
2163,24,246,25,259,24,243
2164,24,242,23,239,23,239
2165,25,251,23,233,24,243
2166,24,246,24,244,23,237
2167,26,265,24,241,23,230
2168,26,261,25,257,24,244
2169,26,264,24,247,23,238
2170,25,251,23,236,23,235
2171,25,255,25,253,23,238
2172,25,252,25,258,23,234
2173,24,245,24,245,23,232
2174,23,234,25,252,22,227
2175,24,244,25,251,23,235
2176,22,221,24,247,21,216
2177,22,229,24,242,21,210
2178,23,236,24,244,19,199
2179,21,218,23,230,19,194
2180,23,230,23,233,19,199
2181,23,231,23,234,20,207
2182,23,230,23,238,21,213
2183,22,224,24,248,20,202
2184,21,218,23,236,20,203
2185,23,238,23,238,19,190
2186,23,238,24,244,20,202
2187,22,223,24,242,21,210
2188,23,234,24,243,21,217
2189,24,241,23,235,21,217
2190,24,241,23,236,22,223
2191,23,239,23,235,22,223
2192,24,249,23,233,21,211
2193,24,242,23,237,22,223
2194,24,249,24,244,21,215
2195,24,249,25,255,21,216
2196,25,250,25,257,21,217
2197,24,240,25,259,21,213
2198,24,242,24,245,20,207
2199,24,243,25,250,22,224
2200,25,251,25,250,22,225
2201,24,241,26,263,20,206
2202,25,252,24,247,21,218
2203,25,258,25,256,21,215
2204,24,247,24,247,21,217
2205,24,245,24,244,22,228
2206,23,230,24,249,21,212
2207,24,240,24,243,22,228
2208,22,226,25,255,20,201
2209,24,246,23,236,21,212
2210,24,241,24,247,23,235
2211,23,230,24,242,21,219
2212,23,234,23,236,21,213
2213,23,235,24,249,21,210
2214,24,245,23,234,22,223
2215,24,241,23,239,22,223
2216,22,229,23,235,21,217
2217,23,236,24,242,21,218
2218,24,246,25,257,22,220
2219,26,260,24,249,20,209
2220,25,250,26,263,21,218
2221,25,253,25,251,21,218
2222,25,250,24,249,23,237
2223,24,249,26,264,21,217
2224,25,259,27,271,21,218
2225,24,243,26,265,22,224
2226,24,248,25,254,22,220
2227,25,254,27,273,22,220
2228,25,257,26,265,22,221
2229,26,265,25,254,23,237
2230,24,240,26,263,23,232
2231,24,245,25,257,22,223
2232,26,261,26,261,22,220
2233,26,266,26,260,22,222
2234,25,253,24,246,23,236
2235,25,255,26,260,22,228
2236,26,261,26,265,23,237
2237,27,272,26,264,23,239
2238,26,269,25,253,23,239
2239,24,245,26,262,24,246
2240,26,262,25,258,25,252
2241,25,251,27,273,24,243
2242,23,233,26,264,23,237
2243,23,237,24,246,22,221
2244,24,241,25,250,22,228
2245,24,246,25,257,23,234
2246,24,245,26,261,22,227
2247,24,247,25,254,21,219
2248,23,233,24,248,21,211
2249,24,247,26,263,24,242
2250,23,239,26,266,23,234
2251,24,240,25,258,23,237
2252,23,232,23,236,23,234
2253,23,234,24,244,22,229
2254,23,237,25,253,22,227
2255,23,235,23,239,23,231
2256,20,207,25,250,23,237
2257,23,238,24,242,22,229
2258,21,215,23,233,22,222
2259,22,223,23,239,22,221
2260,22,220,23,234,23,235
2261,23,230,25,256,23,234
2262,22,225,25,258,22,226
2263,22,224,23,239,22,220
2264,22,222,25,250,22,221
2265,23,232,24,248,22,227
2266,23,235,24,240,23,230
2267,23,232,23,236,23,230
2268,23,231,25,259,24,240
2269,24,241,25,258,24,240
2270,26,265,24,246,22,228
2271,24,244,24,248,22,222
2272,24,244,26,262,23,234
2273,24,249,26,266,23,237
2274,24,246,25,255,23,237
2275,24,248,25,256,24,248
2276,25,258,24,249,24,248
2277,25,254,25,255,24,241
2278,24,244,25,250,26,260
2279,25,251,23,237,24,245
2280,25,253,25,259,25,251
2281,24,247,24,242,25,255
2282,25,250,24,248,24,244
2283,25,255,25,250,24,249
2284,25,254,26,265,25,253
2285,24,242,23,237,25,253
2286,23,230,24,240,22,229
2287,23,237,24,249,22,224
2288,22,225,26,261,23,235
2289,25,256,25,254,23,233
2290,24,245,24,240,22,229
2291,25,253,25,253,23,232
2292,24,242,24,242,24,242
2293,26,262,25,254,24,244
2294,23,231,26,266,26,260
2295,25,256,26,261,26,261
2296,25,251,25,255,25,253
2297,26,261,26,266,25,256
2298,26,268,28,281,25,257
2299,28,281,25,254,25,250
2300,25,255,25,252,24,242
2301,25,253,25,252,24,247
2302,25,258,25,251,24,249
2303,26,266,24,247,24,249
2304,25,254,24,249,25,258
2305,25,258,24,249,23,231
2306,25,250,25,256,24,245
2307,26,261,25,251,25,254
2308,26,260,24,242,25,250
2309,26,262,23,235,23,236
2310,26,262,24,249,24,248
2311,25,251,24,243,24,247
2312,24,243,23,233,24,246
2313,24,249,25,254,26,260
2314,25,258,24,246,23,233
2315,25,251,24,249,25,251
2316,24,246,24,242,26,267
2317,25,257,24,244,25,253
2318,24,247,23,232,25,253
2319,24,248,24,247,23,238
2320,24,246,23,239,25,252
2321,25,257,24,240,23,238
2322,25,253,24,248,25,250
2323,24,248,24,240,24,245
2324,25,253,25,250,24,243
2325,26,260,23,236,25,253
2326,22,224,23,239,23,239
2327,25,252,24,249,23,233
2328,23,237,23,234,23,233
2329,23,232,24,248,24,241
2330,24,244,23,239,25,258
2331,26,263,25,258,24,244
2332,26,262,24,246,24,247
2333,24,245,25,251,23,235
2334,26,260,22,229,23,236
2335,25,250,24,244,24,243
2336,23,236,23,231,24,249
2337,26,265,22,229,25,251
2338,26,261,23,238,24,242
2339,25,257,24,243,26,265
2340,26,260,24,247,26,262
2341,26,264,25,258,26,260
2342,25,250,25,252,25,252
2343,24,242,23,239,25,255
2344,25,255,25,251,25,250
2345,26,266,24,247,25,254
2346,26,269,23,236,25,256
2347,25,258,24,243,26,263
2348,25,252,23,234,24,240
2349,24,244,23,234,25,251
2350,23,236,23,234,24,248
2351,24,246,23,237,24,247
2352,24,245,22,225,25,253
2353,23,236,23,238,23,236
2354,23,230,23,236,23,238
2355,23,230,23,234,21,215
2356,23,233,22,228,23,235
2357,24,244,23,233,25,257
2358,23,237,24,246,24,241
2359,22,229,22,222,23,239
2360,24,242,22,225,23,233
2361,23,235,23,238,23,236
2362,25,253,22,228,22,227
2363,24,248,24,243,23,231
2364,24,249,23,236,23,230
2365,25,251,22,220,23,231
2366,25,251,23,239,23,236
2367,23,237,23,236,25,250
2368,24,241,23,234,23,238
2369,23,231,22,228,24,244
2370,23,235,23,238,23,232
2371,23,232,23,235,23,232
2372,25,250,25,251,23,239
2373,24,240,25,250,24,243
2374,22,221,22,227,23,238
2375,23,231,22,228,23,237
2376,24,242,24,247,23,239
2377,22,221,22,228,23,235
2378,22,222,22,226,24,242
2379,24,240,23,232,24,244
2380,23,231,23,239,24,242
2381,21,218,22,226,24,244
2382,23,232,21,215,24,248
2383,22,220,21,212,24,249
2384,21,219,22,222,24,242
2385,23,232,24,241,24,244
2386,22,227,23,232,24,243
2387,23,234,23,231,25,258
2388,23,238,22,224,24,246
2389,22,225,22,222,25,250
2390,22,220,23,231,25,250
2391,21,218,22,226,23,239
2392,22,226,21,210,25,251
2393,23,239,23,231,25,253
2394,23,239,23,235,25,256
2395,24,245,25,254,26,264
2396,24,248,24,242,25,250
2397,23,232,23,236,27,272
2398,24,247,24,243,25,252
2399,23,230,23,238,26,260
2400,24,246,23,231,25,250
2401,23,238,25,253,26,260
2402,25,256,23,232,24,245
2403,23,234,22,223,25,256
2404,25,252,24,241,25,254
2405,25,258,24,242,24,246
2406,26,261,25,251,24,249
2407,25,250,25,253,25,257
2408,24,245,24,249,24,246
2409,25,258,25,251,24,242
2410,25,254,25,257,25,252
2411,25,253,25,251,25,251
2412,25,254,26,260,24,249
2413,26,263,24,244,24,246
2414,25,252,24,249,24,248
2415,25,257,25,255,24,247
2416,25,250,25,255,26,264
2417,25,258,24,247,26,261
2418,25,256,24,246,24,244
2419,26,263,26,267,25,255
2420,24,248,25,259,26,263
2421,25,259,26,268,26,261
2422,26,264,25,259,25,259
2423,24,244,26,266,25,254
2424,25,259,25,257,25,255
2425,26,262,26,265,25,254
2426,26,267,26,265,25,255
2427,26,261,25,254,26,264
2428,24,246,26,263,25,252
2429,25,252,25,257,23,239
2430,25,259,25,252,24,247
2431,24,248,26,267,23,239
2432,25,254,26,260,23,239
2433,25,259,24,245,23,235
2434,26,260,24,247,22,226
2435,26,261,26,264,23,237
2436,26,265,23,231,23,239
2437,25,255,24,246,23,237
2438,24,243,23,238,25,254
2439,23,235,25,253,26,260
2440,26,260,24,244,23,239
2441,25,258,22,228,25,257
2442,24,248,25,251,25,250
2443,23,234,23,239,24,241
2444,24,244,23,239,25,252
2445,24,248,23,238,25,257
2446,25,259,24,245,25,252
2447,21,216,24,243,24,242
2448,22,227,22,222,24,247
2449,22,226,21,217,25,254
2450,24,248,22,228,25,254
2451,24,247,23,232,24,246
2452,24,245,23,235,25,258
2453,24,244,24,246,24,249
2454,25,258,24,246,25,257
2455,26,263,24,247,25,255
2456,24,247,24,245,24,248
2457,25,256,24,241,25,254
2458,26,263,24,245,25,250
2459,25,254,23,238,25,259
2460,26,269,23,239,26,261
2461,25,255,24,244,26,265
2462,24,245,25,250,26,260
2463,25,254,24,242,27,271
2464,25,257,24,242,24,241
2465,25,259,22,229,25,251
2466,25,257,24,247,25,257
2467,24,244,24,249,24,248
2468,24,245,24,249,25,258
2469,25,256,24,244,23,235
2470,24,243,24,245,24,245
2471,24,248,23,239,24,245
2472,24,242,25,258,24,249
2473,24,246,25,252,24,247
2474,24,249,23,234,25,250
2475,24,243,25,250,23,237
2476,25,258,25,253,23,236
2477,24,244,26,264,24,249
2478,24,246,25,259,24,248
2479,24,246,24,244,25,250
2480,24,249,23,239,25,253
2481,22,229,24,240,24,248
2482,24,244,24,248,25,256
2483,24,248,24,242,23,236
2484,23,236,25,251,24,243
2485,24,242,25,256,24,245
2486,23,232,24,246,23,237
2487,24,249,24,246,24,245
2488,22,224,24,245,23,230
2489,25,250,25,251,24,245
2490,25,257,25,252,25,258
2491,26,261,25,257,24,249
2492,24,244,26,266,25,250
2493,25,257,25,253,24,247
2494,25,252,25,253,25,259
2495,26,260,25,258,24,240
2496,24,247,25,256,23,237
2497,25,251,24,249,23,239
2498,25,252,23,235,23,231
2499,24,248,24,246,23,238
2500,24,245,25,254,24,242
2501,25,252,23,236,24,240
2502,23,235,26,262,24,246
2503,25,257,25,258,24,248
2504,25,253,25,257,23,238
2505,24,246,26,263,24,242
2506,24,244,27,273,25,253
2507,24,247,26,260,24,241
2508,25,254,25,252,23,235
2509,26,266,26,266,24,243
2510,24,245,27,270,23,237
2511,25,253,25,254,23,234
2512,24,247,25,255,24,244
2513,26,266,27,275,22,229
2514,26,264,27,270,23,235
2515,26,260,26,269,23,234
2516,26,266,26,266,23,232
2517,25,259,26,260,24,240
2518,25,259,25,254,25,255
2519,25,259,26,266,24,243
2520,27,270,25,258,23,236
2521,27,277,28,281,22,228
2522,24,249,25,258,24,245
2523,26,263,27,272,23,235
2524,25,255,27,274,22,224
2525,26,262,28,282,22,221
2526,25,253,27,274,22,221
2527,23,239,27,276,20,202
2528,25,252,27,278,21,214
2529,26,262,27,276,21,217
2530,24,248,28,281,20,205
2531,26,260,27,278,20,206
2532,24,248,28,283,20,201
2533,24,248,26,264,20,204
2534,26,261,26,269,18,188
2535,25,257,26,265,20,201
2536,25,254,26,267,19,190
2537,25,252,25,250,18,187
2538,25,255,26,260,19,199
2539,24,245,27,273,19,193
2540,25,253,27,277,20,202
2541,22,229,26,261,20,209
2542,22,227,26,269,20,203
2543,24,241,24,249,19,195
2544,24,245,24,245,21,218
2545,23,236,25,252,21,219
2546,23,238,25,258,21,213
2547,22,228,25,257,20,201
2548,22,222,24,248,20,207
2549,23,232,25,253,19,198
2550,22,226,24,243,18,184
2551,24,242,23,230,18,182
2552,23,236,24,244,17,178
2553,22,221,23,231,17,176
2554,23,237,23,231,16,163
2555,23,230,23,234,17,174
2556,22,229,24,244,16,167
2557,23,231,24,243,16,167
2558,23,235,24,248,18,182
2559,23,230,22,221,17,171
2560,23,234,23,233,16,164
2561,23,233,24,241,17,171
2562,23,232,24,248,17,172
2563,22,225,24,248,16,164
2564,23,237,24,242,16,164
2565,23,231,23,233,16,163
2566,24,241,24,243,18,180
2567,24,244,24,245,16,165
2568,23,236,24,244,15,159
2569,25,250,25,259,17,172
2570,23,234,25,250,15,159
2571,24,241,25,257,18,180
2572,23,238,25,252,16,162
2573,22,225,24,247,16,164
2574,23,232,25,251,16,165
2575,23,231,23,235,17,170
2576,22,222,22,224,14,144
2577,23,231,24,246,14,148
2578,22,226,23,235,15,153
2579,22,229,22,229,15,151
2580,21,210,22,222,15,153
2581,23,230,23,233,14,148
2582,23,234,24,245,15,154
2583,23,238,25,252,15,153
2584,23,230,25,253,14,146
2585,24,242,23,235,16,164
2586,23,233,24,246,15,153
2587,23,232,25,251,16,160
2588,23,232,24,242,15,158
2589,22,229,23,236,14,148
2590,22,221,25,253,16,160
2591,22,221,24,245,17,173
2592,23,234,24,244,16,165
2593,23,237,25,250,16,162
2594,24,244,24,241,16,169
2595,23,237,24,243,18,182
2596,24,242,24,243,19,193
2597,23,235,25,250,17,178
2598,23,234,23,237,20,203
2599,23,239,24,246,18,187
2600,24,244,23,237,18,188
2601,24,247,24,244,17,178
2602,24,248,24,244,17,171
2603,24,241,23,236,17,176
2604,23,239,23,233,16,160
2605,25,254,25,251,16,166
2606,23,234,24,243,16,162
2607,23,239,24,245,17,174
2608,23,238,23,231,19,193
2609,25,252,25,259,16,168
2610,23,238,25,256,16,163
2611,22,229,24,246,17,179
2612,23,235,24,245,16,160
2613,23,236,26,265,17,179
2614,24,247,26,262,17,172
2615,24,244,26,263,17,171
2616,22,227,26,265,17,170
2617,23,237,27,271,17,179
2618,23,233,27,275,18,186
2619,23,231,28,288,17,179
2620,22,224,26,263,19,190
2621,23,236,25,259,19,191
2622,24,244,27,271,17,179
2623,23,230,27,270,18,186
2624,22,226,28,282,18,189
2625,23,236,27,277,19,199
2626,23,236,27,272,20,205
2627,23,235,27,278,20,200
2628,22,226,27,273,21,214
2629,23,237,27,278,19,193
2630,22,229,25,256,19,198
2631,25,252,25,255,21,210
2632,26,262,23,238,21,219
2633,25,251,26,261,20,203
2634,22,228,23,238,20,204
2635,23,234,24,248,19,190
2636,22,227,25,258,19,192
2637,23,235,24,244,18,184
2638,24,240,24,246,18,189
2639,22,228,25,253,18,189
2640,23,236,26,265,20,207
2641,24,241,25,258,19,197
2642,23,238,25,259,19,197
2643,23,238,26,268,20,209
2644,24,244,27,276,21,211
2645,25,251,27,270,21,218
2646,26,262,28,289,21,215
2647,25,255,27,275,21,212
2648,24,246,26,269,20,209
2649,24,245,28,281,20,205
2650,25,252,26,267,19,194
2651,23,237,26,263,19,193
2652,22,225,27,273,19,194
2653,23,239,26,260,20,201
2654,23,238,27,273,19,199
2655,23,233,25,258,20,207
2656,24,245,26,268,21,215
2657,24,246,27,271,21,217
2658,26,260,26,264,22,224
2659,25,250,26,267,22,222
2660,26,261,26,260,21,217
2661,25,255,25,259,21,211
2662,26,262,25,257,21,217
2663,25,255,27,276,21,219
2664,26,261,25,254,24,249
2665,25,258,27,277,23,236
2666,24,246,26,263,23,239
2667,24,246,26,269,22,225
2668,24,242,27,270,22,226
2669,26,265,27,273,23,235
2670,25,257,26,261,24,241
2671,25,258,26,266,22,222
2672,24,245,26,266,21,218
2673,24,249,26,264,23,234
2674,23,236,24,248,23,238
2675,22,229,26,263,23,238
2676,25,254,25,252,23,233
2677,23,236,25,257,23,230
2678,23,235,25,250,22,224
2679,23,239,26,263,22,227
2680,24,244,25,255,21,215
2681,25,251,24,248,22,225
2682,25,250,25,250,22,228
2683,24,241,25,254,22,222
2684,23,239,25,255,22,229
2685,25,259,26,268,23,237
2686,26,265,26,263,23,236
2687,25,251,25,254,21,219
2688,25,251,25,259,22,220
2689,26,261,25,255,22,220
2690,24,247,26,260,22,220
2691,24,249,26,262,22,225
2692,25,252,25,252,22,220
2693,25,258,27,273,23,235
2694,26,266,26,261,22,222
2695,24,246,24,249,21,210
2696,24,249,26,267,23,230
2697,25,251,25,257,21,212
2698,25,252,25,258,22,221
2699,24,249,26,265,23,237
2700,23,239,25,256,21,213
2701,24,245,26,264,22,222
2702,24,246,25,256,22,223
2703,25,256,26,265,22,221
2704,23,239,26,262,22,229
2705,24,244,27,278,22,226
2706,26,260,27,277,23,235
2707,23,239,28,281,23,238
2708,24,249,28,289,23,235
2709,24,247,27,278,24,244
2710,24,245,27,275,22,226
2711,23,239,25,251,22,222
2712,24,245,26,269,22,228
2713,24,242,26,265,23,230
2714,24,249,26,267,23,236
2715,23,236,27,271,22,229
2716,23,239,27,270,23,231
2717,24,243,26,265,22,221
2718,25,251,27,277,23,232
2719,24,246,27,274,23,235
2720,24,244,27,275,21,218
2721,23,233,25,256,22,226
2722,23,239,26,267,22,226
2723,24,244,26,267,22,227
2724,23,231,26,263,22,223
2725,22,227,25,252,22,222
2726,24,247,26,267,23,232
2727,25,251,27,278,23,232
2728,24,247,27,270,23,238
2729,24,249,26,262,23,237
2730,26,260,27,270,22,227
2731,25,256,26,263,23,233
2732,25,252,25,255,23,237
2733,24,244,26,269,23,232
2734,25,254,26,267,22,227
2735,25,257,27,279,23,235
2736,23,239,25,258,22,224
2737,25,255,26,262,23,231
2738,25,252,26,268,24,243
2739,25,250,27,271,23,230
2740,25,250,26,269,22,226
2741,24,248,24,241,22,228
2742,24,246,25,253,23,233
2743,24,246,25,259,22,224
2744,26,260,25,253,23,236
2745,26,264,25,254,23,230
2746,24,248,25,255,21,219
2747,24,248,25,256,22,220
2748,24,249,24,244,23,233
2749,25,254,26,262,22,228
2750,25,255,25,251,22,228
2751,26,268,26,264,22,228
2752,25,252,26,262,22,227
2753,26,262,26,261,23,232
2754,25,254,25,257,24,241
2755,24,247,26,262,22,221
2756,24,248,26,264,23,233
2757,25,259,26,269,24,247
2758,26,268,25,252,23,239
2759,25,255,25,254,23,237
2760,26,263,27,271,25,253
2761,27,273,25,258,24,246
2762,26,262,26,263,25,250
2763,26,267,26,265,25,254
2764,26,267,27,273,24,249
2765,25,250,26,264,25,253
2766,26,263,27,271,26,261
2767,26,261,26,263,25,254
2768,26,263,28,286,24,247
2769,27,275,27,276,24,243
2770,26,263,26,268,25,254
2771,25,257,26,267,23,237
2772,26,263,26,265,24,241
2773,27,274,27,277,23,238
2774,26,263,25,256,23,231
2775,26,265,26,260,24,243
2776,24,249,24,244,23,239
2777,24,247,24,242,23,231
2778,25,255,24,246,23,233
2779,26,261,25,253,22,223
2780,24,249,25,256,22,223
2781,25,252,25,258,23,234
2782,25,256,25,253,22,226
2783,25,250,26,264,22,223
2784,25,257,25,256,23,232
2785,26,261,25,254,23,234
2786,24,248,27,270,23,233
2787,26,264,26,264,21,216
2788,26,261,26,261,23,239
2789,25,254,27,272,22,227
2790,26,266,26,267,23,233
2791,25,250,25,256,22,228
2792,25,253,26,265,22,226
2793,25,255,25,256,24,240
2794,25,254,26,266,22,222
2795,25,254,26,267,24,246
2796,25,254,27,276,23,233
2797,24,242,27,274,23,237
2798,26,266,28,284,23,232
2799,25,252,27,270,23,237
2800,24,248,26,264,22,220
2801,24,245,27,275,23,231
2802,24,242,26,268,22,224
2803,25,257,27,276,23,239
2804,26,260,27,273,22,220
2805,26,266,28,287,22,228
2806,25,256,26,264,23,233
2807,26,261,27,276,23,234
2808,26,261,26,263,21,218
2809,25,259,27,271,22,224
2810,24,249,26,263,22,228
2811,24,241,25,259,22,221
2812,25,251,26,261,23,234
2813,24,243,24,248,23,230
2814,24,249,26,261,22,226
2815,23,238,26,260,22,224
2816,23,235,26,266,22,224
2817,23,236,26,260,22,225
2818,24,241,24,248,22,229
2819,24,248,26,260,22,224
2820,25,257,25,252,23,231
2821,24,241,26,267,23,233
2822,24,247,24,247,23,232
2823,22,228,25,254,22,225
2824,25,250,25,259,23,230
2825,24,249,25,251,24,242
2826,23,235,26,261,23,232
2827,25,255,27,270,23,234
2828,25,251,26,266,23,233
2829,25,250,27,275,23,238
2830,24,244,27,271,22,225
2831,25,257,26,263,24,240
2832,25,252,27,275,22,227
2833,25,258,26,261,24,245
2834,26,263,26,266,23,233
2835,24,247,27,277,22,228
2836,25,251,25,255,23,237
2837,24,246,25,252,22,229
2838,24,249,26,261,22,223
2839,24,245,25,255,20,209
2840,23,237,25,252,22,223
2841,22,228,24,245,23,235
2842,23,230,24,240,22,224
2843,22,227,24,249,22,224
2844,23,231,25,258,23,236
2845,23,231,25,253,22,229
2846,23,237,25,253,21,210
2847,23,239,23,236,21,218
2848,23,239,24,242,21,214
2849,21,217,23,235,23,238
2850,21,215,23,239,21,219
2851,24,243,24,248,21,211
2852,23,234,25,257,20,208
2853,22,229,25,253,22,221
2854,23,233,25,250,21,211
2855,22,224,24,249,23,233
2856,21,215,24,245,20,206
2857,22,222,23,237,22,224
2858,22,228,25,254,21,213
2859,22,227,25,252,20,208
2860,24,241,24,245,20,208
2861,22,229,25,254,21,214
2862,22,228,24,249,19,198
2863,23,234,24,245,20,208
2864,23,237,23,238,21,213
2865,24,240,26,260,22,220
2866,22,226,26,269,20,205
2867,23,237,26,262,20,209
2868,24,242,26,264,21,219
2869,23,230,26,268,20,206
2870,22,220,24,248,19,195
2871,23,234,24,241,21,211
2872,22,224,24,245,20,208
2873,23,230,25,252,22,220
2874,22,221,24,249,22,222
2875,22,224,24,246,20,209
2876,21,214,25,253,21,214
2877,22,226,24,248,20,206
2878,23,232,24,245,20,207
2879,22,220,24,246,21,213
2880,23,233,25,254,21,213
2881,22,227,24,242,22,220
2882,22,229,24,244,22,229
2883,23,236,25,252,22,220
2884,22,221,25,254,22,223
2885,22,222,25,256,23,232
2886,23,235,26,262,21,215
2887,23,236,27,271,19,198
2888,21,210,25,258,21,217
2889,22,223,25,252,21,217
2890,21,219,23,238,21,218
2891,22,229,26,262,21,214
2892,23,237,24,244,21,219
2893,23,238,25,256,22,225
2894,23,233,25,251,21,215
2895,23,235,26,260,19,198
2896,23,233,25,258,21,211
2897,23,238,26,262,21,211
2898,22,224,24,249,19,195
2899,23,238,25,250,20,201
2900,22,223,25,255,18,181
2901,23,231,25,251,18,185
2902,22,226,25,257,18,184
2903,23,239,27,274,19,191
2904,24,242,26,267,19,191
2905,23,234,26,266,20,204
2906,22,220,25,253,19,195
2907,22,227,27,274,18,182
2908,23,230,26,262,20,200
2909,21,216,26,261,19,194
2910,24,242,26,263,19,195
2911,22,229,25,251,18,187
2912,22,226,26,265,18,186
2913,22,229,25,253,20,203
2914,23,233,26,264,19,193
2915,22,224,27,271,20,204
2916,24,248,27,270,19,199
2917,22,223,24,249,21,215
2918,24,245,25,257,21,217
2919,23,239,24,246,20,208
2920,22,228,26,269,21,216
2921,22,220,25,258,21,211
2922,24,240,25,259,20,203
2923,23,230,26,262,19,195
2924,25,251,26,263,21,211
2925,25,257,27,274,21,218
2926,25,256,26,269,22,224
2927,24,244,26,260,23,231
2928,23,233,26,266,22,224
2929,24,245,25,258,24,240
2930,24,241,25,251,23,231
2931,24,245,26,261,23,236
2932,25,252,25,255,23,237
2933,24,247,23,237,21,212
2934,24,241,26,262,23,233
2935,25,252,27,273,23,237
2936,24,246,26,268,22,221
2937,25,251,26,260,22,228
2938,24,245,26,260,23,233
2939,25,257,25,252,22,221
2940,23,232,26,261,22,225
2941,24,244,25,257,22,229
2942,25,255,25,251,22,229
2943,22,227,25,258,24,240
2944,24,249,26,262,22,225
2945,23,237,24,241,22,225
2946,21,212,22,222,21,212
2947,21,218,23,237,19,198
2948,22,220,23,235,21,215
2949,23,237,24,240,22,220
2950,23,239,24,247,22,229
