/Users/lukas/PycharmProjects/Dissertation/experiments/exp_train/data/_4_WINTER.mov
/Users/lukas/PycharmProjects/Dissertation/experiments/exp_train/data/_2_SUMMER.mov
/Users/lukas/PycharmProjects/Dissertation/experiments/exp_train/data/_3_FALL.mov
/Users/lukas/PycharmProjects/Dissertation/experiments/exp_train/data/_1_SPRING.mov
mode: SIFT
video_frame,good_matches_1in0,all_matches_1in0,good_matches_2in0,all_matches_2in0,good_matches_3in0,all_matches_3in0
0,34,1326,31,1403,26,1693
1,42,1347,36,1415,34,1697
2,40,1339,35,1370,26,1625
3,34,1193,31,1326,33,1676
4,33,1278,31,1367,41,1700
5,27,1302,29,1370,33,1687
6,41,1248,35,1326,26,1683
7,29,1318,40,1268,30,1674
8,30,1332,36,1273,27,1739
9,32,1331,31,1263,26,1624
10,41,1289,46,1148,35,1669
11,35,1302,31,1192,25,1679
12,33,1276,34,1177,25,1606
13,41,1256,41,1130,23,1555
14,45,1215,40,1142,41,1650
15,41,1174,44,1108,36,1587
16,37,1177,38,1080,24,1686
17,35,1197,40,1035,42,1597
18,33,1184,43,1122,32,1658
19,30,1126,40,1089,36,1602
20,30,1109,27,1122,27,1613
21,24,1004,35,1083,29,1463
22,27,1076,34,1094,28,1589
23,21,1068,32,1083,22,1602
24,25,1052,39,1096,24,1699
25,36,1040,52,1110,40,1730
26,40,1063,31,1074,45,1726
27,30,1061,36,1044,28,1696
28,38,1088,29,1040,37,1733
29,35,1087,45,1073,34,1749
30,48,1105,51,1053,34,1784
31,47,1082,50,1026,36,1715
32,35,1054,49,1091,30,1625
33,34,1034,53,1047,40,1703
34,35,1090,44,1015,33,1638
35,47,1083,50,1024,51,1757
36,44,1076,53,1069,51,1734
37,41,1065,44,1082,39,1649
38,35,1078,35,1088,27,1654
39,50,1053,46,1070,35,1606
40,39,1055,40,1039,29,1709
41,38,1053,33,1054,32,1645
42,39,1067,42,1021,37,1597
43,46,1012,45,1003,33,1453
44,38,1041,62,1097,42,1486
45,26,1032,51,1114,38,1454
46,44,1060,39,1075,31,1568
47,39,1043,35,1088,30,1472
48,37,1062,37,1174,31,1457
49,36,1072,33,1135,41,1414
50,38,1100,42,1149,28,1561
51,48,1119,54,1170,31,1540
52,35,1163,42,1204,35,1474
53,34,1056,40,1239,32,1257
54,41,1139,38,1230,37,1362
55,33,1057,34,1212,27,1352
56,25,1102,34,1226,20,1385
57,44,1071,54,1297,30,1335
58,37,1166,42,1220,29,1360
59,38,1085,46,1271,38,1314
60,35,1147,46,1262,25,1367
61,23,1107,44,1288,28,1336
62,37,1040,27,1152,25,1280
63,32,1097,23,1141,25,1245
64,31,1141,35,1222,25,1263
65,32,1126,37,1205,30,1288
66,29,1113,35,1145,29,1332
67,34,1134,27,1151,21,1341
68,36,1114,28,1115,15,1280
69,30,1011,36,1191,17,1299
70,27,1081,35,1165,18,1365
71,33,1033,31,1126,23,1304
72,29,990,33,1147,20,1422
73,33,977,33,1194,23,1241
74,30,940,34,1083,18,1344
75,22,968,34,1150,22,1360
76,31,903,43,1101,28,1387
77,33,927,49,1104,35,1349
78,37,903,53,978,23,1412
79,35,850,36,1034,26,1336
80,36,916,49,1001,31,1449
81,33,912,39,971,34,1419
82,37,897,42,994,39,1475
83,37,911,51,977,31,1514
84,29,885,43,953,27,1529
85,36,879,53,1001,32,1553
86,27,899,38,960,26,1612
87,28,831,32,1030,32,1557
88,25,877,36,991,31,1630
89,32,850,42,1044,23,1571
90,34,921,40,1028,17,1615
91,29,876,36,1021,41,1601
92,30,947,33,1023,39,1661
93,30,889,27,1034,30,1647
94,29,943,36,1008,32,1585
95,38,949,42,1011,24,1596
96,25,916,26,1011,21,1627
97,32,925,38,1014,33,1641
98,29,951,38,958,21,1689
99,21,938,33,1017,26,1565
100,24,953,35,1006,24,1674
101,32,942,40,1046,36,1562
102,40,990,35,1015,44,1679
103,23,951,34,1060,25,1688
104,34,1026,36,1059,34,1695
105,33,1035,30,1033,24,1636
106,26,977,45,1075,27,1695
107,26,1044,30,1016,27,1639
108,32,1093,31,1018,29,1688
109,28,1066,28,1047,29,1690
110,30,984,29,997,24,1656
111,44,997,31,1025,25,1664
112,34,1052,37,955,24,1653
113,36,981,26,967,27,1702
114,27,1051,21,925,19,1713
115,30,960,26,1013,25,1673
116,36,1028,37,1008,31,1627
117,22,955,20,1043,30,1632
118,32,997,33,1058,25,1697
119,29,1010,20,1108,25,1696
120,21,1044,16,1036,18,1728
121,29,1023,24,1043,31,1669
122,28,1044,23,1066,23,1707
123,34,1046,28,1035,28,1609
124,21,1051,23,1060,27,1767
125,23,1067,30,1054,19,1667
126,21,1025,20,1066,20,1708
127,20,971,23,1020,22,1560
128,19,978,19,1071,16,1659
129,20,1012,22,1055,23,1601
130,23,1046,27,1057,12,1626
131,29,979,21,1103,26,1617
132,18,1041,29,1093,31,1608
133,25,983,24,1119,24,1669
134,18,1022,21,1098,26,1489
135,23,953,24,1129,32,1535
136,20,1018,18,1097,29,1682
137,19,988,20,1155,21,1696
138,38,1058,24,1167,33,1607
139,19,965,19,1156,25,1627
140,20,1034,22,1134,31,1665
141,21,1018,21,1129,23,1619
142,33,1035,32,1090,26,1679
143,25,968,26,1103,25,1624
144,26,1012,26,1142,30,1680
145,25,987,29,1116,32,1539
146,17,1014,24,1127,21,1622
147,26,986,24,1060,21,1619
148,22,1020,20,1105,36,1697
149,19,1032,20,1196,19,1675
150,18,992,25,1168,16,1655
151,18,990,21,1201,27,1716
152,18,993,24,1232,28,1718
153,30,971,22,1173,34,1776
154,22,1016,24,1220,28,1767
155,28,1004,26,1262,31,1753
156,23,1025,29,1297,32,1813
157,33,987,25,1297,31,1673
158,28,1069,37,1288,24,1771
159,32,1004,21,1257,34,1700
160,24,1011,27,1282,24,1767
161,30,1057,30,1307,17,1709
162,21,1034,19,1254,21,1789
163,26,1076,26,1357,25,1735
164,19,1014,36,1327,21,1778
165,22,1035,26,1313,23,1805
166,23,985,28,1295,25,1861
167,21,994,23,1261,25,1832
168,24,962,30,1247,26,1741
169,24,1014,32,1263,25,1804
170,46,1049,39,1221,42,1795
171,18,1059,30,1243,27,1760
172,23,1005,32,1167,29,1765
173,26,1045,29,1155,20,1705
174,45,1095,25,1143,37,1752
175,27,1087,28,1195,21,1702
176,23,1043,20,1229,26,1723
177,24,1030,20,1339,30,1746
178,33,1030,28,1284,39,1754
179,29,1089,33,1387,24,1658
180,16,1041,33,1448,29,1682
181,13,1062,19,1471,24,1704
182,12,976,23,1466,20,1712
183,15,1042,27,1459,16,1613
184,9,958,23,1413,17,1682
185,11,1010,21,1427,17,1730
186,14,977,20,1452,18,1772
187,16,988,20,1388,26,1590
188,16,1011,19,1332,23,1609
189,14,1022,34,1372,23,1587
190,12,920,24,1311,14,1675
191,18,903,35,1312,15,1587
192,15,880,23,1325,20,1590
193,25,931,27,1253,18,1497
194,17,920,19,1261,20,1438
195,27,976,28,1285,21,1529
196,23,871,13,1228,30,1470
197,12,881,11,1201,22,1436
198,30,873,21,1222,26,1380
199,30,918,26,1253,31,1400
200,12,920,18,1257,13,1406
201,8,933,15,1277,17,1449
202,16,869,31,1273,24,1503
203,15,898,26,1249,26,1459
204,9,881,24,1315,21,1561
205,10,899,14,1306,18,1562
206,13,894,11,1314,18,1560
207,11,925,20,1331,30,1550
208,8,904,16,1361,27,1488
209,17,983,24,1354,24,1552
210,16,1023,19,1406,27,1527
211,11,984,17,1338,17,1631
212,6,906,16,1342,21,1698
213,14,930,23,1405,24,1625
214,11,905,16,1451,25,1714
215,17,821,20,1412,23,1718
216,15,927,14,1502,25,1708
217,12,906,22,1462,22,1707
218,14,843,24,1436,21,1752
219,16,872,15,1453,26,1767
220,13,900,16,1479,25,1752
221,9,872,13,1533,26,1716
222,10,829,16,1499,29,1753
223,16,872,14,1493,28,1790
224,19,925,23,1519,21,1695
225,12,903,20,1472,26,1972
226,13,931,17,1451,16,1780
227,10,925,25,1540,24,1819
228,7,946,23,1591,28,1785
229,9,910,27,1583,22,1792
230,8,896,25,1653,27,1837
231,10,851,20,1591,23,1683
232,12,812,20,1615,24,1753
233,12,862,18,1587,20,1789
234,10,827,11,1623,16,1840
235,14,836,15,1682,21,1785
236,15,749,22,1699,20,1583
237,10,771,16,1701,20,1663
238,11,697,25,1801,29,1581
239,10,774,24,1721,22,1668
240,10,783,21,1661,11,1486
241,15,787,15,1561,19,1533
242,18,734,21,1580,22,1521
243,23,786,17,1592,29,1622
244,14,764,23,1652,22,1554
245,21,804,20,1670,23,1497
246,15,763,25,1710,29,1530
247,12,748,27,1654,24,1462
248,15,841,17,1653,18,1444
249,9,836,22,1539,23,1461
250,17,786,24,1514,32,1506
251,15,869,20,1523,20,1483
252,18,822,19,1518,19,1496
253,27,855,31,1586,23,1505
254,14,870,19,1568,21,1463
255,18,849,17,1652,17,1464
256,8,799,17,1586,16,1487
257,17,804,39,1738,18,1453
258,11,825,23,2064,19,1442
259,20,769,16,2066,27,1500
260,16,768,18,2060,19,1463
261,16,834,21,2073,26,1506
262,16,780,23,2121,20,1727
263,18,854,30,2086,16,1710
264,15,803,26,2151,19,1701
265,14,835,30,2058,22,1640
266,25,808,35,1934,26,1587
267,23,798,35,2047,22,1720
268,25,800,29,2217,11,1733
269,24,848,32,2299,17,1806
270,22,826,24,2277,22,1617
271,27,834,28,2465,25,1662
272,19,865,35,2464,23,1663
273,26,840,29,2440,22,1742
274,18,851,34,2332,25,1801
275,27,823,28,2396,30,1684
276,18,841,26,2562,22,1691
277,25,862,36,2472,29,1741
278,29,778,27,2471,23,1741
279,15,778,28,2469,23,1706
280,20,789,34,2522,26,1685
281,22,821,30,2728,23,1682
282,29,870,35,2852,31,1712
283,24,838,36,2920,18,1719
284,23,898,26,2871,22,1764
285,25,877,34,2851,16,1762
286,25,938,37,2759,17,1921
287,21,932,22,2399,19,1744
288,21,966,29,2288,25,1784
289,18,889,22,2246,29,1730
290,17,997,32,2148,27,1875
291,20,926,25,2132,26,1721
292,15,973,29,2120,26,1778
293,16,971,21,1990,25,1719
294,15,991,21,1869,27,1831
295,18,942,29,1981,22,1700
296,18,1008,21,1999,34,1760
297,26,915,29,1914,23,1694
298,19,996,19,2073,39,1765
299,18,890,31,2095,30,1691
300,18,938,29,2071,46,1670
301,23,947,36,2113,35,1635
302,16,934,22,2072,39,1602
303,20,886,38,2049,47,1569
304,16,944,27,2006,37,1495
305,17,942,18,2098,34,1544
306,23,982,34,2214,42,1513
307,27,867,27,2202,40,1599
308,19,977,34,2059,43,1490
309,19,938,31,2030,38,1446
310,31,895,39,1937,35,1529
311,25,942,32,2017,40,1645
312,18,937,18,2066,33,1616
313,23,944,30,1972,35,1546
314,25,952,31,1973,49,1636
315,19,934,28,1803,35,1681
316,33,976,34,1757,56,1600
317,31,959,29,1783,46,1599
318,23,909,24,1748,43,1655
319,24,942,32,1799,53,1703
320,25,987,40,1796,43,1619
321,30,902,38,1796,45,1744
322,28,993,38,1752,52,1706
323,23,913,36,1773,54,1783
324,30,972,33,1778,52,1664
325,24,993,39,1748,50,1727
326,17,1010,33,1854,50,1672
327,17,984,50,1752,53,1786
328,23,1067,38,1707,51,1782
329,26,1023,40,1625,54,1713
330,32,1055,48,1727,49,1705
331,20,973,22,1732,54,1776
332,16,1048,29,1781,42,1893
333,26,1013,30,1750,44,1707
334,19,1064,32,1691,54,1864
335,20,1106,28,1640,45,1815
336,25,1051,26,1656,52,1858
337,23,1058,26,1600,43,1874
338,22,1079,34,1709,41,1953
339,34,1041,37,1616,41,1770
340,34,1097,54,1798,46,1906
341,27,1118,47,1699,50,1734
342,29,1105,50,1788,40,1766
343,30,1195,38,1736,50,1801
344,26,1163,43,1892,46,1819
345,35,1100,42,1920,41,1795
346,43,1172,48,1941,40,1818
347,34,1153,53,1975,38,1744
348,35,1203,39,1985,40,1782
349,37,1162,39,1945,37,1809
350,45,1102,57,1840,39,1879
351,39,1156,50,1776,36,1958
352,43,1186,51,1679,47,1890
353,37,1060,56,1725,32,1715
354,33,1109,56,1747,41,1818
355,36,1120,52,1861,47,1747
356,34,1143,58,1797,43,1893
357,47,1123,54,1819,61,1752
358,39,1160,50,1786,48,1784
359,29,1132,58,1856,55,1800
360,35,1205,62,1871,47,1845
361,43,1119,57,1937,54,1759
362,38,1214,52,1980,48,1657
363,33,1197,63,1996,45,1761
364,35,1270,61,1933,56,1798
365,48,1217,63,1991,51,1862
366,52,1304,61,1969,50,1760
367,40,1207,53,1843,38,1807
368,33,1258,65,1744,43,1774
369,48,1185,68,1772,57,1876
370,34,1117,85,1668,57,1845
371,49,1177,68,1694,54,1805
372,41,1113,65,1617,50,1814
373,38,1165,78,1572,60,1684
374,41,1093,74,1540,65,1844
375,46,1088,61,1531,55,1790
376,52,1125,64,1492,53,1806
377,47,1059,72,1544,62,1784
378,54,1111,73,1655,62,1874
379,57,1107,86,1641,63,1891
380,49,1085,85,1697,41,1869
381,55,1087,63,1669,45,1907
382,42,1076,76,1651,56,1773
383,47,1077,76,1528,50,1859
384,43,1060,78,1658,47,1884
385,56,1110,81,1684,62,1900
386,55,1101,84,1620,52,1886
387,53,1124,72,1627,50,1937
388,48,1143,69,1700,52,1892
389,48,1175,82,1736,48,1902
390,44,1161,75,1632,62,1929
391,42,1183,59,1612,53,1913
392,44,1231,67,1615,46,1975
393,43,1216,59,1636,39,1984
394,38,1235,69,1641,57,1926
395,43,1220,62,1702,56,2004
396,37,1262,67,1690,49,2007
397,32,1277,67,1711,60,2010
398,35,1340,57,1747,51,2028
399,51,1286,78,1820,61,2028
400,45,1319,61,1815,60,2103
401,42,1365,62,1774,56,2010
402,46,1464,71,2057,48,2091
403,35,1429,68,1999,62,1924
404,37,1308,65,2083,67,1987
405,50,1372,57,2064,68,1922
406,47,1358,56,2086,81,2117
407,44,1371,72,2053,66,2060
408,38,1364,63,2023,54,2032
409,39,1433,44,1924,61,1911
410,44,1406,57,1910,70,1978
411,43,1472,62,1814,59,1978
412,31,1379,57,1821,47,1963
413,32,1390,51,1865,56,1933
414,30,1340,52,1903,47,1839
415,42,1361,51,1948,48,1950
416,39,1315,53,1961,46,1831
417,25,1316,49,1931,53,1891
418,34,1368,40,1969,55,1874
419,27,1237,50,1889,61,1856
420,43,1263,53,1829,69,1932
421,34,1347,62,1797,52,1948
422,39,1339,59,1817,74,2003
423,40,1400,48,1808,64,1981
424,32,1362,48,1754,78,1939
425,39,1411,54,1950,79,1965
426,39,1356,54,1945,65,1874
427,36,1425,67,1936,72,2002
428,42,1407,72,1975,89,1971
429,34,1432,55,2055,75,2090
430,45,1420,75,2095,72,1940
431,52,1441,71,2081,63,1987
432,50,1405,73,2017,84,1940
433,45,1401,81,2087,65,2038
434,54,1396,73,2123,67,2031
435,52,1413,84,2020,68,2043
436,51,1375,101,2061,82,2014
437,45,1430,67,2026,53,2021
438,39,1410,74,1953,48,2011
439,38,1428,71,1943,53,2031
440,40,1424,54,1863,57,1977
441,37,1412,66,1827,69,2053
442,50,1340,52,1813,64,1933
443,37,1352,58,1961,60,1998
444,48,1320,61,1919,64,1909
445,42,1356,66,1993,74,1944
446,47,1333,65,1922,77,2024
447,37,1258,56,1881,63,1912
448,48,1340,67,1895,68,1961
449,41,1328,80,1915,55,1811
450,46,1324,60,1951,57,1913
451,48,1423,64,1929,60,1924
452,37,1368,54,1978,44,2088
453,48,1395,64,2106,47,1859
454,37,1418,61,2065,47,2054
455,35,1447,47,2075,52,1984
456,34,1380,47,1947,62,2160
457,33,1399,57,1948,43,2015
458,30,1418,65,1936,38,2100
459,39,1443,47,1902,53,2048
460,36,1383,58,1854,61,1989
461,33,1439,54,1995,49,2049
462,31,1370,52,1940,42,1947
463,30,1452,47,1956,45,1903
464,24,1409,43,1960,42,1891
465,24,1447,37,1971,48,1992
466,26,1455,39,1934,51,1969
467,29,1372,28,1908,57,1986
468,29,1422,36,2068,43,1991
469,32,1476,38,2145,52,1922
470,30,1427,42,2078,55,2049
471,41,1412,36,2122,54,1971
472,30,1388,47,2061,52,1942
473,32,1422,41,2047,57,1908
474,32,1366,51,2055,48,2035
475,32,1412,47,2012,39,1937
476,29,1376,35,1938,45,1855
477,22,1305,41,1919,48,1876
478,28,1327,36,1847,44,1954
479,22,1320,28,1857,44,1890
480,27,1316,26,1823,34,1916
481,21,1305,38,1857,44,1655
482,24,1326,32,1949,36,1762
483,27,1327,40,1900,37,1736
484,14,1295,29,1854,44,1792
485,15,1296,32,1966,40,1634
486,24,1196,28,1986,46,1797
487,18,1316,25,2063,28,1711
488,25,1280,32,1996,35,1848
489,27,1336,37,2021,21,1776
490,18,1274,25,1921,36,1703
491,28,1220,32,1880,31,1739
492,25,1161,31,1778,29,1686
493,28,1121,31,1603,38,1717
494,27,1055,29,1462,23,1681
495,15,1061,23,1412,30,1626
496,29,936,28,1334,34,1597
497,25,1018,25,1302,36,1655
498,23,989,35,1208,43,1751
499,29,965,37,1165,30,1544
500,24,918,34,1085,29,1678
501,17,865,31,1089,27,1609
502,25,812,38,1096,35,1776
503,28,823,48,1092,28,1636
504,19,825,28,1104,31,1720
505,27,846,37,1082,33,1700
506,35,822,35,1077,40,1689
507,38,821,49,1117,27,1806
508,22,818,31,1086,25,1736
509,30,788,38,1027,21,1838
510,44,824,39,970,45,1742
511,37,839,38,984,38,1699
512,40,827,47,1075,32,1717
513,40,797,44,1071,39,1641
514,24,776,27,1061,25,1736
515,46,781,30,1095,33,1561
516,20,760,34,1140,23,1411
517,37,811,27,1088,33,1337
518,28,806,27,1107,26,1384
519,34,823,32,1066,26,1339
520,24,812,32,1038,25,1408
521,39,811,35,1075,24,1499
522,29,818,32,1026,29,1488
523,35,748,42,996,32,1521
524,29,786,39,1056,37,1511
525,45,797,50,1059,35,1491
526,39,791,40,1005,36,1515
527,28,790,32,1029,31,1496
528,34,792,34,1016,41,1586
529,24,742,42,993,37,1535
530,29,780,38,998,37,1491
531,28,824,31,970,35,1523
532,27,809,41,953,34,1596
533,34,723,36,968,27,1508
534,33,812,38,945,38,1579
535,24,815,38,927,29,1605
536,26,765,34,930,32,1635
537,34,731,45,956,33,1514
538,34,796,32,937,26,1602
539,31,797,39,1013,36,1589
540,31,769,32,977,29,1725
541,29,828,43,1005,40,1680
542,31,817,31,1000,37,1763
543,29,814,35,981,37,1719
544,37,896,39,949,49,1795
545,33,845,31,958,37,1742
546,32,940,37,958,34,1795
547,32,893,31,909,38,1787
548,33,932,43,973,28,1881
549,32,887,37,969,26,1845
550,34,915,38,990,33,1767
551,38,945,38,1036,34,1883
552,36,863,53,1074,34,1838
553,25,909,50,1091,30,1849
554,40,979,59,1092,34,1892
555,46,909,50,1097,47,1884
556,32,1005,54,1068,29,1825
557,32,966,57,1117,28,1899
558,34,1007,53,1143,34,1866
559,37,980,43,1145,32,1950
560,39,1008,42,1164,29,1920
561,40,956,45,1152,33,1941
562,46,1020,47,1125,47,1917
563,35,1003,43,1159,40,1957
564,38,1083,43,1176,33,1947
565,33,1071,59,1155,35,1931
566,34,1104,43,1191,29,1917
567,35,982,47,1238,39,2095
568,41,1063,44,1234,22,2036
569,33,1153,47,1283,34,1916
570,34,1038,47,1378,27,2088
571,47,1125,53,1322,30,2008
572,38,1020,50,1365,24,2082
573,42,1097,51,1324,51,2135
574,39,1036,66,1318,49,2034
575,35,1096,56,1265,39,2005
576,55,1120,53,1283,31,2084
577,44,1131,52,1361,27,2115
578,46,1162,51,1315,38,2077
579,35,1137,47,1336,28,2108
580,42,1105,61,1318,45,2111
581,36,1092,54,1376,27,2052
582,28,1108,64,1417,28,1929
583,33,1163,52,1433,29,2015
584,39,1087,58,1426,37,2010
585,44,1111,61,1394,23,1934
586,43,1176,55,1427,29,1935
587,47,1073,63,1479,29,2049
588,52,1160,68,1405,33,2028
589,41,1151,63,1445,42,2055
590,25,1168,62,1453,33,1956
591,44,1047,52,1455,51,1970
592,43,1165,58,1434,36,2061
593,31,1099,48,1430,31,2006
594,39,1164,37,1404,41,2115
595,37,1119,51,1333,44,2127
596,38,1169,40,1377,49,1992
597,44,1177,50,1330,47,1973
598,34,1183,48,1207,37,2069
599,38,1183,43,1186,40,1959
600,30,1093,51,1244,37,1882
601,31,1062,49,1224,42,1986
602,42,1059,60,1261,49,2101
603,37,1142,62,1331,51,1984
604,30,1183,47,1330,51,2000
605,48,1126,39,1284,52,2024
606,53,1195,53,1326,57,2057
607,47,1173,56,1352,51,2101
608,62,1189,42,1307,47,2019
609,47,1167,38,1307,43,2061
610,47,1119,43,1346,51,2001
611,41,1169,39,1284,54,2115
612,42,1216,37,1275,43,2131
613,43,1241,51,1296,56,1953
614,40,1240,45,1287,53,2021
615,42,1116,50,1216,68,2082
616,50,1173,48,1257,56,2133
617,38,1214,48,1242,41,1979
618,37,1159,65,1275,47,2188
619,39,1177,52,1261,43,2161
620,35,1151,53,1274,42,2152
621,54,1116,60,1366,58,2212
622,55,1136,51,1349,43,2236
623,54,1162,74,1472,53,2238
624,47,1201,67,1401,54,2284
625,42,1170,64,1430,42,2265
626,49,1134,68,1438,52,2299
627,47,1201,76,1486,55,2276
628,51,1251,71,1416,44,2312
629,49,1246,68,1488,48,2401
630,53,1235,59,1462,51,2316
631,43,1158,58,1535,60,2369
632,42,1278,52,1492,47,2383
633,41,1271,52,1563,53,2375
634,43,1328,47,1558,68,2290
635,42,1311,58,1590,69,2484
636,50,1350,54,1591,79,2637
637,54,1360,59,1594,73,2343
638,58,1336,68,1590,60,2470
639,66,1303,62,1588,73,2361
640,71,1351,64,1576,83,2541
641,76,1251,54,1573,66,2504
642,68,1356,69,1463,67,2540
643,54,1363,62,1530,73,2602
644,47,1396,61,1491,82,2560
645,49,1345,75,1483,78,2528
646,44,1377,74,1464,78,2694
647,57,1350,83,1497,93,2757
648,45,1403,63,1520,70,2687
649,54,1350,82,1542,89,2775
650,55,1394,85,1515,85,2733
651,41,1430,74,1541,60,2792
652,55,1446,71,1532,66,2801
653,56,1383,67,1534,62,2754
654,44,1397,63,1602,66,2700
655,46,1358,75,1554,54,2578
656,40,1418,75,1592,63,2763
657,45,1412,68,1558,63,2827
658,31,1470,70,1610,63,2691
659,32,1458,67,1588,64,2585
660,41,1306,55,1547,61,2605
661,38,1461,61,1521,57,2647
662,32,1366,65,1534,53,2682
663,40,1419,79,1590,69,2716
664,46,1313,74,1588,59,2700
665,35,1261,67,1637,47,2553
666,38,1269,55,1596,54,2653
667,44,1207,79,1622,68,2591
668,40,1317,56,1649,58,2641
669,34,1318,60,1663,65,2626
670,43,1250,68,1680,66,2730
671,40,1326,69,1700,55,2513
672,46,1310,61,1672,55,2712
673,42,1402,74,1618,47,2725
674,41,1411,75,1627,52,2799
675,36,1289,68,1513,57,2848
676,43,1332,69,1529,45,2719
677,40,1290,67,1499,70,2748
678,41,1402,72,1482,46,2617
679,45,1271,60,1507,45,2749
680,42,1301,70,1524,60,2733
681,38,1375,56,1528,51,2577
682,56,1381,47,1375,44,2603
683,50,1407,52,1515,54,2561
684,48,1296,45,1604,55,2686
685,47,1379,39,1650,53,2641
686,47,1438,56,1662,65,2667
687,47,1424,61,1695,57,2681
688,45,1486,81,1652,72,2697
689,40,1472,64,1633,76,2711
690,42,1389,63,1655,70,2596
691,43,1456,67,1532,61,2532
692,41,1407,66,1547,61,2472
693,66,1460,80,1531,51,2465
694,43,1386,61,1544,61,2509
695,62,1282,71,1547,61,2442
696,64,1349,73,1456,62,2477
697,56,1456,70,1518,67,2422
698,53,1312,67,1503,67,2441
699,46,1406,78,1464,80,2524
700,63,1244,96,1510,67,2553
701,50,1289,80,1486,79,2448
702,55,1337,76,1574,66,2457
703,46,1366,69,1531,78,2338
704,50,1229,87,1562,84,2348
705,47,1224,82,1500,74,2386
706,54,1241,85,1474,74,2416
707,66,1285,84,1476,78,2346
708,56,1268,75,1492,80,2349
709,68,1235,80,1491,92,2317
710,50,1197,72,1503,84,2313
711,54,1237,72,1453,84,2324
712,62,1245,82,1494,84,2416
713,60,1293,91,1455,103,2510
714,63,1239,75,1487,86,2400
715,58,1218,94,1463,96,2469
716,57,1255,89,1464,90,2454
717,64,1356,87,1438,90,2434
718,66,1414,97,1513,85,2577
719,65,1416,102,1518,77,2621
720,59,1308,88,1552,82,2647
721,72,1388,96,1601,96,2677
722,80,1402,74,1542,106,2665
723,74,1538,86,1569,86,2724
724,68,1378,92,1557,98,2721
725,61,1377,80,1595,90,2811
726,42,1391,62,1637,84,2663
727,65,1399,77,1577,88,2718
728,72,1483,82,1583,89,2757
729,63,1411,72,1584,89,2784
730,50,1404,78,1590,87,2845
731,55,1480,74,1611,80,2784
732,48,1469,75,1655,87,2681
733,64,1614,82,1639,99,2787
734,67,1564,74,1597,85,2820
735,48,1488,80,1593,78,2816
736,59,1447,79,1732,71,2837
737,49,1546,76,1677,84,2807
738,50,1560,80,1748,81,2619
739,59,1558,92,1790,91,2770
740,60,1457,86,1814,76,2760
741,59,1561,85,1746,83,2566
742,55,1562,84,1692,95,2815
743,56,1476,94,1722,111,2718
744,55,1477,73,1801,106,2838
745,57,1528,67,1674,94,2799
746,62,1492,78,1739,103,2587
747,65,1429,79,1701,93,2688
748,60,1478,81,1641,93,2791
749,61,1507,72,1629,94,2608
750,56,1466,74,1665,84,2706
751,46,1529,68,1620,79,2529
752,53,1448,67,1614,95,2390
753,70,1465,67,1616,97,2507
754,72,1411,84,1615,97,2519
755,63,1333,103,1500,91,2542
756,71,1257,107,1555,101,2600
757,49,1310,55,1528,65,2315
758,64,1352,64,1555,92,2406
759,56,1232,77,1535,103,2404
760,42,1286,70,1554,95,2251
761,38,1320,74,1467,80,2372
762,41,1314,49,1557,101,2489
763,38,1360,60,1535,84,2430
764,57,1349,67,1510,105,2225
765,41,1312,56,1570,87,2319
766,38,1247,63,1590,103,2266
767,57,1331,71,1586,102,2307
768,45,1370,62,1531,123,2389
769,37,1429,62,1542,92,2254
770,48,1370,73,1593,90,2205
771,44,1484,77,1578,112,2255
772,37,1475,73,1539,95,2134
773,43,1547,62,1659,100,2274
774,42,1430,64,1630,82,2455
775,38,1598,53,1599,91,2465
776,54,1499,72,1570,89,2371
777,52,1507,55,1498,82,2392
778,46,1462,75,1487,68,2212
779,44,1328,61,1454,69,2406
780,57,1463,64,1605,96,2517
781,44,1508,67,1614,77,2455
782,41,1351,58,1538,91,2390
783,45,1441,67,1484,78,2338
784,43,1253,65,1531,88,2218
785,46,1364,61,1495,107,2330
786,45,1306,73,1586,92,2392
787,26,1289,72,1491,92,2347
788,35,1323,69,1627,78,2159
789,48,1373,80,1632,99,2206
790,47,1286,92,1622,104,2197
791,42,1309,81,1619,111,2354
792,63,1492,84,1634,110,2382
793,80,1499,84,1704,124,2387
794,58,1459,94,1663,108,2395
795,53,1560,81,1583,116,2335
796,69,1526,92,1722,122,2332
797,66,1461,91,1750,136,2402
798,52,1522,95,1668,150,2592
799,67,1483,111,1666,156,2419
800,66,1602,100,1777,165,2397
801,67,1655,89,1748,136,2513
802,65,1618,112,1795,149,2575
803,78,1631,101,1801,141,2456
804,42,1659,88,1863,135,2677
805,54,1571,103,1826,146,2400
806,46,1604,79,1782,130,2600
807,39,1648,64,1719,128,2617
808,50,1698,67,1824,110,2641
809,44,1727,66,1836,113,2579
810,31,1737,65,1787,114,2565
811,52,1810,76,1747,110,2603
812,46,1753,71,1885,102,2519
813,44,1778,62,1838,86,2562
814,48,1591,72,1779,106,2434
815,63,1673,55,1692,100,2583
816,64,1666,72,1799,89,2717
817,56,1651,65,1709,110,2699
818,43,1533,51,1742,97,2623
819,43,1640,60,1619,92,2467
820,42,1491,63,1718,84,2387
821,40,1564,47,1691,78,2329
822,39,1393,56,1632,90,2461
823,41,1476,65,1605,103,2399
824,36,1488,53,1701,111,2579
825,47,1405,54,1596,94,2572
826,41,1482,36,1555,107,2495
827,35,1551,57,1558,97,2366
828,32,1428,48,1471,111,2331
829,36,1546,55,1442,90,2226
830,22,1511,39,1560,95,2268
831,43,1573,32,1579,85,2398
832,23,1504,38,1570,76,2470
833,24,1445,39,1575,93,2412
834,25,1493,47,1683,93,2354
835,25,1478,38,1524,108,2272
836,31,1538,41,1646,122,2295
837,23,1548,40,1589,94,2331
838,30,1539,35,1583,103,2455
839,29,1440,42,1584,69,2457
840,29,1544,31,1639,72,2319
841,26,1500,28,1591,73,2328
842,18,1449,37,1481,58,2288
843,28,1447,33,1401,64,2244
844,19,1447,31,1431,71,2293
845,25,1506,32,1424,78,2316
846,24,1456,23,1598,82,2221
847,32,1380,29,1570,81,2386
848,40,1471,45,1606,94,2378
849,22,1518,25,1569,74,2286
850,23,1506,35,1635,83,2391
851,33,1568,41,1628,78,2472
852,34,1463,43,1699,75,2410
853,28,1561,41,1586,83,2221
854,45,1556,38,1564,79,2237
855,28,1513,35,1571,73,2292
856,37,1461,51,1595,74,2242
857,37,1513,58,1581,105,2331
858,39,1516,44,1532,88,2310
859,49,1675,37,1541,81,2317
860,29,1530,48,1619,76,2312
861,32,1629,38,1587,74,2216
862,31,1565,44,1632,73,2317
863,30,1668,47,1574,88,2361
864,39,1584,46,1619,86,2283
865,32,1633,39,1561,87,2146
866,39,1612,40,1587,65,2139
867,41,1650,46,1544,86,2146
868,43,1494,57,1550,90,2238
869,37,1527,58,1516,84,2229
870,46,1497,55,1489,88,2043
871,37,1519,44,1429,88,2167
872,39,1364,50,1433,83,2138
873,49,1503,65,1456,79,2081
874,50,1432,59,1372,78,2093
875,39,1312,53,1298,67,2107
876,28,1393,39,1376,65,2210
877,44,1440,55,1348,71,2113
878,45,1329,66,1283,85,2256
879,45,1446,58,1277,66,2129
880,46,1350,62,1404,86,2225
881,42,1416,58,1392,92,2210
882,46,1441,52,1309,80,2180
883,50,1349,57,1305,94,2060
884,45,1412,51,1344,69,2116
885,50,1340,55,1397,78,2098
886,46,1381,63,1308,73,2177
887,39,1400,59,1353,85,2203
888,37,1373,64,1358,74,2209
889,30,1457,42,1304,73,2120
890,37,1414,44,1328,64,2227
891,27,1457,50,1398,71,2039
892,34,1386,54,1423,89,2086
893,34,1505,46,1430,64,2061
894,40,1460,56,1449,62,2167
895,37,1591,55,1478,67,2299
896,48,1502,52,1422,78,2405
897,33,1592,64,1443,75,2289
898,26,1535,45,1496,58,2274
899,22,1586,27,1503,47,2044
900,30,1481,36,1495,63,2107
901,20,1417,23,1389,45,2087
902,19,1511,26,1470,49,2138
903,29,1542,34,1429,54,2043
904,26,1551,24,1343,49,2172
905,28,1439,25,1296,40,1935
906,22,1391,29,1357,46,1979
907,28,1487,29,1320,47,1924
908,18,1440,21,1242,37,1963
909,20,1422,20,1214,23,1965
910,35,1301,27,1243,38,1992
911,18,1289,22,1202,33,1955
912,19,1332,16,1280,24,1931
913,19,1337,17,1225,28,1913
914,31,1230,34,1242,30,1831
915,13,1294,17,1180,38,1812
916,18,1279,18,1259,31,1838
917,19,1262,24,1225,30,1765
918,18,1185,21,1204,31,1793
919,15,1195,21,1260,38,1740
920,15,1162,30,1290,37,1764
921,17,1160,30,1292,37,1730
922,15,1084,19,1278,24,1690
923,19,1184,30,1164,36,1728
924,6,1099,22,1156,28,1730
925,8,1136,28,1133,38,1767
926,11,1089,25,1180,20,1763
927,15,1195,15,1117,26,1767
928,14,1171,10,1108,28,1753
929,11,1185,10,1086,20,1576
930,12,1149,24,1181,30,1639
931,15,1151,23,1135,19,1567
932,22,1138,26,1134,22,1537
933,22,1171,13,1067,30,1558
934,29,1149,16,1025,33,1652
935,29,1030,33,1083,25,1744
936,22,1070,25,1039,34,1804
937,17,1082,31,1096,43,1775
938,22,947,44,979,38,1781
939,22,1007,36,944,26,1685
940,31,922,30,968,24,1630
941,24,1000,29,983,28,1614
942,28,925,41,1008,41,1627
943,21,973,30,992,34,1713
944,24,960,38,1040,43,1817
945,18,1047,40,1082,42,1795
946,23,998,35,1062,43,1731
947,22,1000,40,1063,39,1866
948,29,969,33,1143,50,1859
949,32,1089,48,1216,48,1896
950,26,1133,49,1210,48,1896
951,36,1250,42,1250,56,1752
952,36,1087,35,1283,57,1912
953,45,1226,46,1358,70,1980
954,49,1287,63,1313,75,2038
955,42,1367,55,1260,76,2094
956,34,1217,57,1378,74,1979
957,35,1266,52,1399,70,2184
958,28,1111,40,1355,67,2264
959,47,1313,52,1354,92,2295
960,45,1385,56,1369,72,2288
961,33,1137,51,1456,65,2229
962,31,1172,38,1358,72,2174
963,36,1195,38,1395,69,2119
964,38,1195,32,1315,65,2132
965,31,1260,34,1259,66,2036
966,36,1170,34,1296,67,2229
967,34,1027,37,1222,89,2300
968,32,1124,33,1187,61,2347
969,32,1029,32,1117,59,2300
970,38,1033,31,1112,58,2273
971,34,903,58,1098,60,2058
972,40,986,47,1159,90,2120
973,36,881,38,1145,52,2069
974,30,985,45,1140,47,2014
975,34,956,47,1150,62,1945
976,41,987,46,1150,46,1835
977,30,864,46,1076,44,2005
978,39,886,41,1070,62,2129
979,42,847,56,976,67,2162
980,34,909,36,947,52,2099
981,42,913,59,989,67,2090
982,51,895,56,1011,62,1855
983,31,890,37,1013,59,1903
984,40,936,53,1081,59,1901
985,42,928,56,974,59,1756
986,58,951,42,992,57,1892
987,54,850,57,969,70,1938
988,42,894,49,1052,53,1968
989,51,926,51,977,69,2108
990,43,935,46,960,58,2131
991,41,952,47,991,65,2199
992,32,880,41,988,70,2175
993,31,882,32,1065,62,2170
994,26,846,39,1048,63,2152
995,26,867,51,1031,68,2148
996,37,874,40,968,57,2014
997,29,886,35,1020,55,1989
998,33,844,49,987,55,2043
999,38,820,49,954,50,1957
1000,35,844,50,942,56,1943
1001,31,759,29,890,55,1866
1002,27,776,49,930,47,1914
1003,28,793,26,893,61,1999
1004,33,818,32,980,44,2040
1005,30,811,34,935,45,2035
1006,30,761,32,864,34,1913
1007,31,766,32,849,43,2030
1008,25,748,32,834,42,2067
1009,17,743,23,800,30,1902
1010,22,737,24,753,30,1934
1011,18,742,28,778,30,1886
1012,17,710,32,781,35,1891
1013,21,692,24,752,36,1882
1014,27,703,22,738,37,1801
1015,21,679,24,738,38,1838
1016,20,723,23,698,35,1906
1017,19,730,18,762,40,1947
1018,25,694,24,743,45,2058
1019,19,720,26,762,30,1966
1020,19,739,22,776,34,2135
1021,14,742,33,746,45,2149
1022,14,762,18,737,42,2001
1023,16,775,28,754,38,2023
1024,15,830,25,782,42,1987
1025,5,738,29,824,45,1941
1026,15,797,33,783,34,1972
1027,14,810,27,791,33,1961
1028,27,851,30,843,43,2010
1029,19,796,31,903,52,1972
1030,19,818,31,883,31,2028
1031,20,812,28,853,36,2009
1032,22,852,32,884,49,2065
1033,18,888,34,906,36,2098
1034,21,814,34,862,43,2154
1035,23,776,32,848,47,2258
1036,25,722,35,781,61,2227
1037,22,782,33,818,60,2231
1038,14,778,27,799,45,2090
1039,21,753,34,797,46,2091
1040,23,759,29,808,41,2060
1041,18,689,34,865,40,2095
1042,20,734,33,835,53,2078
1043,19,755,32,823,50,2203
1044,37,754,39,904,65,2312
1045,22,742,41,903,51,2233
1046,33,714,37,869,57,2274
1047,20,755,47,903,57,2226
1048,21,816,49,882,65,2181
1049,27,778,45,867,71,2187
1050,43,755,53,872,62,2123
1051,35,797,47,813,59,2039
1052,36,865,54,872,59,2098
1053,35,876,57,911,53,1970
1054,41,845,49,865,55,2062
1055,25,861,43,817,56,2075
1056,35,880,39,813,52,2116
1057,40,818,44,823,53,2195
1058,37,893,45,798,60,2182
1059,37,833,51,821,55,2135
1060,45,923,43,834,70,2222
1061,49,915,42,815,76,2149
1062,52,862,57,844,70,2172
1063,55,929,56,850,49,2186
1064,44,925,56,836,64,2191
1065,54,959,49,859,59,2181
1066,47,949,73,863,61,2200
1067,57,947,68,878,71,2197
1068,50,953,67,923,64,2186
1069,50,984,57,946,55,2146
1070,57,936,62,867,53,2101
1071,66,964,68,862,78,2174
1072,56,976,80,873,78,2170
1073,51,977,67,880,79,2141
1074,50,906,72,854,75,2127
1075,57,944,57,886,62,2196
1076,57,924,59,912,54,2288
1077,37,933,53,939,77,2376
1078,44,999,51,981,67,2432
1079,54,1025,71,969,51,2502
1080,52,1069,65,948,54,2413
1081,56,1031,59,947,59,2553
1082,56,969,68,919,60,2605
1083,43,1028,57,955,60,2671
1084,44,1082,53,913,63,2619
1085,46,985,58,889,78,2642
1086,40,1079,41,883,88,2618
1087,38,1038,55,905,72,2616
1088,35,1087,58,891,64,2605
1089,41,1073,55,889,72,2563
1090,42,1135,56,913,75,2501
1091,42,1069,51,967,61,2494
1092,39,1174,53,914,83,2411
1093,44,1148,54,934,79,2450
1094,40,1144,52,924,82,2355
1095,39,1149,46,964,68,2351
1096,36,1156,64,975,91,2226
1097,46,1142,64,993,76,2330
1098,32,1182,57,947,84,2205
1099,37,1151,48,933,81,2293
1100,34,1205,42,904,92,2341
1101,34,1137,36,896,66,2336
1102,32,1170,49,996,88,2305
1103,38,1104,63,1017,74,2433
1104,39,1163,45,1035,68,2581
1105,33,1150,57,1083,76,2460
1106,47,1131,52,984,90,2533
1107,43,1198,61,1076,89,2460
1108,55,1263,73,1029,85,2497
1109,59,1235,56,1071,76,2510
1110,70,1280,73,1108,103,2650
1111,68,1233,70,1180,72,2655
1112,58,1280,72,1153,85,2465
1113,68,1298,82,1100,81,2507
1114,69,1286,77,1101,96,2493
1115,59,1263,75,1126,95,2507
1116,63,1269,70,1184,94,2453
1117,66,1263,81,1144,101,2405
1118,51,1336,59,1165,100,2448
1119,50,1269,74,1121,97,2330
1120,56,1242,60,1155,75,2313
1121,60,1205,70,1153,103,2371
1122,47,1324,64,1187,70,2385
1123,53,1155,75,1140,102,2287
1124,57,1233,64,1094,79,2384
1125,52,1150,66,1074,88,2313
1126,52,1150,71,1035,82,2307
1127,54,1129,65,1015,78,2267
1128,67,1177,81,979,72,2214
1129,64,1085,73,958,70,2238
1130,51,1092,72,977,65,2300
1131,51,1028,64,962,58,2300
1132,58,1108,63,969,63,2377
1133,54,1072,58,930,73,2393
1134,50,1097,64,940,53,2396
1135,55,1097,61,940,62,2409
1136,59,1107,79,939,53,2461
1137,57,1055,66,977,59,2399
1138,53,1104,65,1006,55,2563
1139,62,1021,63,1014,72,2522
1140,49,1112,68,1009,44,2594
1141,53,1160,75,1064,73,2650
1142,52,1120,68,1050,61,2609
1143,55,1153,74,1048,76,2651
1144,64,1076,69,1058,75,2568
1145,51,1195,68,1069,58,2599
1146,52,1268,61,1122,76,2542
1147,63,1160,60,1140,54,2677
1148,63,1180,52,1127,71,2799
1149,63,1199,72,1128,73,2697
1150,56,1259,59,1058,53,2756
1151,47,1245,64,1076,49,2744
1152,50,1149,54,1083,72,2785
1153,42,1200,46,1116,61,2641
1154,36,1115,40,1127,55,2560
1155,21,1079,39,1012,40,2583
1156,29,1139,30,962,65,2551
1157,30,1074,36,941,48,2450
1158,36,1095,47,995,57,2463
1159,25,1063,38,1024,36,2409
1160,16,1027,28,923,47,2432
1161,22,1089,36,941,39,2375
1162,19,986,30,922,35,2280
1163,22,1109,34,938,50,2293
1164,15,976,25,954,40,2187
1165,15,1025,39,951,47,2233
1166,19,1026,27,902,49,2229
1167,27,1001,24,849,46,2173
1168,23,1055,22,894,42,2164
1169,26,1102,37,869,50,2130
1170,22,1035,26,971,43,2132
1171,20,1071,25,906,52,2097
1172,26,1037,31,906,39,2046
1173,32,1107,39,935,55,1928
1174,28,1036,33,962,57,2091
1175,24,1141,34,980,66,2092
1176,25,1112,38,1054,63,2108
1177,22,1118,36,1053,64,2096
1178,30,1138,36,1037,63,2101
1179,30,1103,38,1001,53,2212
1180,34,1168,40,1001,59,2358
1181,35,1210,38,948,51,2365
1182,32,1183,46,933,62,2429
1183,24,1235,30,917,57,2438
1184,38,1110,30,884,61,2496
1185,35,1164,38,923,63,2515
1186,35,1203,29,966,72,2423
1187,28,1176,33,955,52,2454
1188,32,1199,36,987,44,2457
1189,36,1168,33,995,38,2345
1190,32,1140,26,999,36,2437
1191,27,1166,37,948,30,2421
1192,20,1204,25,940,44,2417
1193,27,1221,24,883,35,2421
1194,28,1187,24,907,22,2292
1195,36,1229,35,911,49,2197
1196,26,1142,23,868,40,2115
1197,18,1211,24,861,37,1973
1198,18,1149,18,839,31,2031
1199,9,1107,14,802,33,2031
1200,9,966,14,738,38,1906
1201,7,1003,4,709,24,1871
1202,10,985,4,662,15,1808
1203,5,959,5,656,16,1769
1204,5,1019,5,657,22,1710
1205,9,901,4,633,14,1727
1206,8,962,6,688,26,1912
1207,11,1008,15,649,19,1824
1208,11,1042,10,701,29,2004
1209,8,962,11,678,26,1849
1210,9,1010,13,701,32,2011
1211,7,1020,12,673,29,2024
1212,8,1002,16,699,25,2078
1213,7,1058,13,680,26,2077
1214,5,1061,9,734,35,2159
1215,3,1051,6,696,24,2151
1216,10,996,10,649,28,2181
1217,7,889,13,675,31,2130
1218,8,990,7,635,26,2133
1219,7,925,9,611,20,2178
1220,6,899,10,671,29,2114
1221,15,916,17,680,36,2021
1222,10,885,10,697,30,2150
1223,8,974,15,681,25,2052
1224,4,912,6,721,26,2168
1225,8,962,9,702,31,2153
1226,7,947,7,706,20,2166
1227,3,1033,4,714,27,2194
1228,7,1032,5,714,20,2162
1229,10,1060,18,744,37,2092
1230,12,987,12,785,31,2161
1231,9,988,14,754,23,2151
1232,9,924,11,758,26,2196
1233,7,946,9,718,20,2085
1234,7,982,12,795,26,2051
1235,8,1016,9,740,18,2054
1236,5,950,10,762,23,2080
1237,9,1017,13,759,31,2053
1238,17,1000,14,723,20,2086
1239,5,965,9,764,27,2065
1240,5,968,18,778,27,2058
1241,13,911,6,760,25,1947
1242,13,918,9,747,28,2038
1243,14,943,13,793,31,2055
1244,12,938,10,810,26,2077
1245,10,940,12,776,36,2146
1246,14,929,16,799,27,2194
1247,12,912,16,786,22,2274
1248,12,927,13,735,30,2245
1249,16,954,7,779,31,2321
1250,9,956,10,741,30,2336
1251,13,945,14,776,44,2337
1252,7,962,13,833,41,2405
1253,17,971,16,830,38,2469
1254,13,972,17,853,36,2320
1255,9,935,14,899,41,2127
1256,18,1009,16,911,34,2274
1257,18,1034,13,929,46,2175
1258,23,998,15,915,42,2344
1259,21,1054,19,934,39,2152
1260,19,1037,14,905,42,2366
1261,22,992,13,919,42,2179
1262,26,1056,18,929,34,2380
1263,15,1044,17,898,36,2238
1264,27,1059,17,952,45,2396
1265,20,1104,16,970,36,2464
1266,27,1092,19,958,54,2577
1267,26,1042,22,960,41,2562
1268,3,1093,11,970,30,2521
1269,5,1132,10,906,30,2403
1270,5,1164,4,1000,33,2427
1271,7,1163,10,1004,21,2407
1272,10,1133,6,1021,20,2218
1273,5,1189,5,985,22,2334
1274,7,1114,14,948,26,2282
1275,5,1146,2,993,18,2335
1276,6,1112,11,949,30,2236
1277,3,1212,7,978,25,2310
1278,3,1108,8,1035,22,2250
1279,6,1219,6,1048,19,2235
1280,8,1128,10,1074,18,2485
1281,7,1198,3,937,14,2456
1282,7,1164,9,938,16,2567
1283,13,1208,9,913,21,2481
1284,9,1183,4,944,22,2626
1285,7,1212,10,1032,23,2624
1286,6,1195,13,1050,27,2700
1287,6,1172,9,974,27,2619
1288,8,1277,4,966,28,2392
1289,5,1244,6,975,24,2517
1290,7,1303,9,1006,19,2315
1291,10,1299,7,1013,14,2385
1292,6,1180,6,1087,11,2430
1293,4,1179,7,1045,19,2234
1294,18,1094,4,1045,25,2374
1295,7,1091,7,940,22,2180
1296,9,1115,5,872,17,2388
1297,10,976,7,871,21,2267
1298,8,1091,6,874,28,2427
1299,12,1138,7,875,22,2259
1300,19,1055,5,929,18,2135
1301,12,973,11,901,27,2128
1302,17,1018,11,947,21,2165
1303,10,1036,5,867,14,2094
1304,8,1120,9,826,23,2037
1305,15,1030,16,818,30,2099
1306,13,1077,8,892,24,2183
1307,9,1050,11,844,18,2036
1308,15,1076,14,828,25,2121
1309,10,1027,3,800,26,2134
1310,7,967,5,818,28,2113
1311,14,957,8,789,14,2204
1312,10,989,11,836,13,1960
1313,12,925,6,820,16,2090
1314,8,974,12,910,15,1869
1315,4,973,9,857,23,1936
1316,8,1002,5,895,28,1876
1317,5,999,6,920,12,1982
1318,11,956,14,873,17,1844
1319,9,964,5,805,17,1940
1320,7,940,8,821,20,1950
1321,9,916,8,753,13,1903
1322,12,953,14,728,17,1951
1323,9,999,9,705,23,1897
1324,7,977,12,720,26,1991
1325,6,1016,9,730,21,1895
1326,14,1028,24,735,27,1992
1327,6,1052,24,730,22,1820
1328,13,1036,5,747,21,1937
1329,9,1078,6,753,29,1990
1330,18,1066,10,806,32,1960
1331,11,1049,10,790,28,1981
1332,11,1028,4,789,27,1933
1333,12,1015,11,852,27,1980
1334,8,1033,14,834,22,1992
1335,15,1044,5,825,33,2014
1336,11,992,11,813,35,2001
1337,11,977,16,794,28,2122
1338,12,912,13,761,34,2037
1339,22,881,11,740,37,2033
1340,15,859,9,720,31,1993
1341,11,847,13,725,29,1996
1342,12,840,13,688,31,1994
1343,18,843,20,694,38,2012
1344,19,874,19,693,31,1955
1345,17,829,12,699,36,1974
1346,12,816,15,726,31,1972
1347,17,821,15,722,29,1913
1348,13,820,10,672,22,1922
1349,13,806,13,679,23,1956
1350,5,810,8,635,29,1958
1351,18,769,14,629,28,1968
1352,6,834,12,642,26,1914
1353,11,801,8,704,19,1835
1354,14,791,9,708,37,1762
1355,11,820,15,742,38,1718
1356,9,880,10,772,35,1693
1357,6,857,7,792,37,1643
1358,13,839,14,812,28,1722
1359,24,902,23,810,27,1631
1360,8,918,16,755,29,1761
1361,11,931,11,760,28,1686
1362,9,957,14,800,29,1732
1363,11,994,13,769,22,1746
1364,20,1007,10,790,23,1742
1365,14,1036,19,862,22,1662
1366,14,1025,12,866,33,1844
1367,9,1052,18,865,30,1898
1368,11,1072,8,890,32,1835
1369,8,1020,13,873,35,1859
1370,8,1063,7,900,38,1853
1371,9,1067,21,925,53,1812
1372,15,1117,13,866,40,1838
1373,22,1126,12,884,43,1955
1374,18,1000,21,857,32,1910
1375,10,1044,16,860,41,1860
1376,10,1055,14,871,38,1977
1377,13,1090,10,857,26,1977
1378,8,1044,7,874,27,1963
1379,11,1035,9,881,33,1947
1380,11,997,8,841,28,1893
1381,6,1006,15,862,29,1801
1382,8,895,14,794,19,1672
1383,16,885,15,742,27,1745
1384,12,879,9,758,25,1676
1385,8,832,10,728,29,1605
1386,14,851,6,671,30,1697
1387,12,908,10,743,23,1474
1388,7,898,8,801,25,1593
1389,20,866,24,838,35,1568
1390,14,908,21,865,34,1623
1391,10,892,13,891,30,1677
1392,10,986,9,915,39,1599
1393,10,993,13,948,35,1499
1394,12,982,13,894,41,1499
1395,7,1055,7,925,31,1431
1396,13,1098,12,855,31,1522
1397,13,1103,14,892,27,1499
1398,9,1115,16,888,21,1468
1399,8,1094,14,906,25,1479
1400,17,1080,15,961,28,1482
1401,13,1101,20,1010,35,1572
1402,11,1158,8,1005,39,1538
1403,17,1066,23,1008,52,1558
1404,10,1194,17,1035,38,1559
1405,11,1159,9,1051,34,1624
1406,6,1210,21,1057,42,1671
1407,12,1205,12,1106,38,1729
1408,12,1129,25,1130,38,1715
1409,14,1202,20,1097,43,1734
1410,17,1247,14,1146,28,1723
1411,12,1207,12,1104,24,1678
1412,17,1180,7,1067,29,1758
1413,8,1229,9,1049,33,1738
1414,7,1300,5,983,43,1840
1415,4,1170,8,1000,33,1747
1416,10,1272,13,993,36,1762
1417,9,1265,7,1031,29,1794
1418,14,1084,13,986,38,1696
1419,19,1159,9,963,32,1776
1420,8,1031,7,906,34,1691
1421,15,1144,9,931,25,1677
1422,10,1117,5,903,37,1663
1423,12,1099,9,972,36,1708
1424,5,1154,13,965,44,1661
1425,9,1089,13,1037,40,1701
1426,10,1123,13,1030,29,1640
1427,20,1072,21,1012,40,1641
1428,9,1115,10,1025,34,1588
1429,15,994,14,978,45,1450
1430,17,1041,24,981,40,1424
1431,12,992,9,919,44,1278
1432,10,1031,28,952,53,1378
1433,7,1040,10,920,55,1370
1434,16,1071,10,959,47,1358
1435,15,963,12,1000,46,1477
1436,23,1094,50,1077,57,1414
1437,13,1093,34,1029,60,1528
1438,21,1049,31,1106,60,1589
1439,17,1046,19,1064,58,1498
1440,27,1072,16,1031,60,1512
1441,18,1004,14,1007,53,1677
1442,7,1014,13,937,55,1754
1443,20,1041,19,936,63,1833
1444,19,1079,27,942,51,1891
1445,19,1050,16,900,53,1899
1446,13,1081,18,947,57,1789
1447,13,1069,28,956,58,1891
1448,19,1083,22,983,55,1930
1449,11,986,14,869,38,2012
1450,17,1029,9,911,36,1810
1451,17,990,13,859,36,1901
1452,19,972,21,773,31,1831
1453,18,932,18,768,30,1871
1454,18,910,18,759,23,1878
1455,23,925,21,740,25,1901
1456,34,860,28,717,26,1760
1457,25,860,19,680,30,1737
1458,28,886,33,712,34,1703
1459,36,870,31,710,33,1693
1460,39,798,37,671,40,1608
1461,36,819,34,635,36,1622
1462,36,831,37,665,43,1559
1463,44,856,41,680,35,1652
1464,38,800,45,658,42,1741
1465,36,809,36,626,45,1686
1466,41,818,46,588,55,1669
1467,43,825,49,619,36,1633
1468,33,875,39,625,46,1606
1469,45,864,51,663,55,1695
1470,31,891,35,691,44,1646
1471,16,828,35,669,39,1691
1472,20,842,20,661,26,1540
1473,6,863,10,708,22,1539
1474,6,858,15,734,30,1713
1475,17,854,16,718,26,1773
1476,11,803,11,729,32,1894
1477,17,845,18,744,30,1966
1478,22,871,7,766,35,2024
1479,13,903,14,759,28,1905
1480,14,914,9,762,28,1932
1481,17,951,14,775,33,1919
1482,19,964,14,793,46,1833
1483,18,955,15,751,41,1885
1484,24,1011,15,792,35,1817
1485,27,957,20,801,43,1876
1486,21,983,25,807,40,1816
1487,18,900,22,833,38,1798
1488,25,983,19,787,44,1767
1489,16,965,20,815,37,1841
1490,19,1005,20,850,47,1879
1491,24,1034,31,839,45,1872
1492,37,1062,29,820,35,1954
1493,27,1029,26,916,49,1884
1494,42,1050,24,922,48,1910
1495,24,1100,31,964,45,1870
1496,29,1083,35,1033,42,1941
1497,28,1068,46,1025,47,1868
1498,35,1116,41,1057,54,1884
1499,24,1026,38,1033,49,1934
1500,30,1128,44,984,58,1865
1501,37,1104,45,995,44,1932
1502,41,1067,48,1000,63,1973
1503,33,1148,48,1034,69,1954
1504,39,1071,38,982,62,1964
1505,30,1138,36,1060,71,2013
1506,37,1031,36,1068,64,1961
1507,38,1069,49,1088,79,1997
1508,36,1103,49,1083,69,2064
1509,42,1088,43,1084,92,2020
1510,43,1113,40,1098,73,2080
1511,42,1044,47,1079,93,2024
1512,43,1146,40,1061,64,2054
1513,29,1125,42,1072,80,2001
1514,34,1157,50,1021,75,2041
1515,33,1063,45,1040,74,2054
1516,33,1081,43,1058,75,1997
1517,47,1028,53,1087,78,2048
1518,29,1065,48,1102,78,2117
1519,43,1059,45,1142,66,2206
1520,28,1070,49,1144,60,2165
1521,29,1079,42,1171,85,2210
1522,31,1058,49,1200,63,2270
1523,37,1134,49,1163,71,2310
1524,30,1177,48,1210,69,2374
1525,44,1134,48,1179,60,2262
1526,32,1170,54,1224,73,2376
1527,38,1200,47,1208,80,2402
1528,32,1161,35,1147,71,2430
1529,43,1219,39,1109,73,2360
1530,35,1206,41,1122,75,2449
1531,32,1245,42,1149,79,2408
1532,36,1294,36,1146,72,2466
1533,30,1316,39,1138,73,2576
1534,41,1321,42,1130,63,2580
1535,44,1413,58,1185,68,2549
1536,48,1453,53,1153,72,2630
1537,39,1477,52,1137,80,2673
1538,46,1479,52,1163,68,2755
1539,43,1531,46,1212,63,2671
1540,50,1378,58,1247,80,2708
1541,32,1584,51,1312,73,2649
1542,39,1501,46,1339,92,2725
1543,33,1574,57,1411,83,2750
1544,37,1564,64,1424,98,2788
1545,47,1623,59,1494,114,2846
1546,38,1594,56,1465,82,2769
1547,46,1484,51,1464,81,2769
1548,54,1557,60,1483,85,2736
1549,58,1543,77,1480,65,2675
1550,57,1568,67,1504,77,2598
1551,51,1528,57,1431,70,2606
1552,45,1542,48,1363,76,2432
1553,49,1474,49,1324,83,2456
1554,54,1449,63,1358,92,2447
1555,51,1401,73,1335,101,2415
1556,54,1474,63,1342,92,2409
1557,60,1401,60,1347,104,2194
1558,53,1412,70,1291,92,2266
1559,54,1431,60,1329,87,2165
1560,48,1493,60,1327,82,2294
1561,57,1466,50,1249,90,2367
1562,40,1457,54,1254,70,2178
1563,39,1326,49,1238,63,2217
1564,44,1350,49,1279,73,2142
1565,47,1369,58,1303,77,2322
1566,45,1304,50,1335,80,2242
1567,42,1338,45,1217,91,2270
1568,35,1310,54,1277,82,2229
1569,34,1242,39,1256,95,2068
1570,35,1303,31,1277,81,2063
1571,34,1271,38,1252,78,1901
1572,35,1310,44,1272,84,2009
1573,41,1331,45,1284,71,1975
1574,29,1296,41,1297,75,1968
1575,33,1324,47,1304,90,1986
1576,33,1253,33,1282,86,2001
1577,18,1290,53,1224,104,1855
1578,35,1257,49,1158,98,1964
1579,36,1302,50,1136,97,1973
1580,36,1322,45,1112,101,2164
1581,37,1250,40,1091,90,2165
1582,35,1252,45,1053,92,2206
1583,20,1256,42,1048,74,2128
1584,19,1256,30,1059,82,2243
1585,24,1245,28,977,55,2177
1586,21,1217,31,1001,65,2173
1587,36,1228,43,949,63,2244
1588,37,1236,44,1005,69,2144
1589,37,1193,44,1070,56,2094
1590,28,1112,38,1008,67,2150
1591,33,1122,43,988,53,2156
1592,26,1081,44,974,64,2139
1593,31,1047,46,941,85,2094
1594,25,1115,40,966,65,2063
1595,32,1158,51,1039,71,2052
1596,41,1165,59,1062,72,1974
1597,35,1154,42,1081,71,2076
1598,38,1205,46,1151,81,2070
1599,53,1212,69,1153,75,2114
1600,55,1263,80,1141,80,2120
1601,44,1200,65,1135,71,2037
1602,39,1270,71,1118,58,1900
1603,40,1208,49,1078,71,1975
1604,52,1194,52,1012,64,1939
1605,35,1185,32,969,42,1832
1606,53,1178,47,937,46,1707
1607,35,1171,50,929,72,1705
1608,31,1181,40,991,46,1690
1609,35,1121,52,950,43,1614
1610,30,1146,46,917,43,1495
1611,30,1122,49,907,46,1565
1612,27,1029,37,902,36,1568
1613,35,1039,41,873,41,1487
1614,33,1050,38,968,52,1416
1615,45,1097,58,981,68,1508
1616,33,1060,40,1011,37,1535
1617,35,1044,34,976,40,1532
1618,42,1085,38,982,38,1577
1619,30,1061,41,970,35,1640
1620,36,1134,40,994,41,1653
1621,31,1126,34,943,32,1621
1622,28,1147,33,961,37,1654
1623,21,1140,32,958,47,1653
1624,31,1141,37,956,45,1707
1625,40,1125,54,1039,45,1796
1626,47,1157,44,1030,51,1794
1627,38,1158,44,1021,46,1794
1628,32,1075,65,1044,50,1787
1629,36,1091,43,1093,39,1778
1630,42,1122,60,1032,49,1822
1631,43,1161,55,1025,47,1682
1632,52,1180,40,1021,52,1702
1633,42,1141,48,1032,48,1674
1634,47,1164,58,998,66,1800
1635,59,1213,64,1113,58,1791
1636,36,1211,52,1113,49,1787
1637,49,1196,67,1190,59,1797
1638,44,1189,67,1204,58,1811
1639,44,1184,83,1227,66,1825
1640,42,1216,62,1318,56,1927
1641,29,1256,53,1308,66,1919
1642,47,1300,65,1301,59,1992
1643,38,1334,65,1278,60,1956
1644,37,1278,53,1297,70,2030
1645,37,1304,51,1315,72,2096
1646,36,1237,51,1387,66,2115
1647,40,1316,49,1410,79,2161
1648,31,1323,54,1362,76,2193
1649,31,1358,56,1362,54,2195
1650,28,1362,51,1357,62,2211
1651,25,1356,57,1359,74,2073
1652,36,1388,73,1388,75,2006
1653,40,1427,46,1409,82,2012
1654,37,1369,61,1391,84,1980
1655,32,1441,53,1449,80,2089
1656,22,1449,51,1436,73,2137
1657,45,1484,67,1508,72,2158
1658,35,1521,54,1507,82,2157
1659,37,1546,63,1519,65,2168
1660,31,1580,52,1497,68,2172
1661,42,1521,48,1573,70,2134
1662,39,1615,57,1592,76,2098
1663,32,1581,47,1640,65,2138
1664,36,1605,64,1563,64,2201
1665,40,1567,61,1598,77,2246
1666,32,1620,45,1612,74,2253
1667,37,1551,56,1592,86,2268
1668,44,1499,64,1609,76,2402
1669,44,1481,52,1524,77,2399
1670,38,1448,53,1513,70,2349
1671,41,1491,65,1492,83,2402
1672,37,1544,54,1452,71,2437
1673,48,1561,56,1401,89,2451
1674,47,1514,51,1297,90,2486
1675,41,1473,61,1293,74,2395
1676,48,1491,52,1289,73,2450
1677,48,1508,44,1256,80,2380
1678,38,1551,61,1285,72,2459
1679,39,1540,47,1283,62,2570
1680,28,1499,57,1246,70,2628
1681,38,1531,52,1262,76,2577
1682,41,1543,42,1296,69,2512
1683,38,1542,50,1280,78,2482
1684,41,1567,52,1381,85,2620
1685,40,1561,73,1414,68,2562
1686,27,1581,57,1467,80,2612
1687,39,1525,57,1470,77,2612
1688,39,1569,63,1496,87,2593
1689,44,1565,68,1461,83,2616
1690,41,1594,56,1494,77,2547
1691,42,1599,63,1441,79,2489
1692,33,1524,60,1433,92,2547
1693,31,1532,55,1379,83,2564
1694,43,1492,64,1423,86,2533
1695,41,1437,60,1397,91,2474
1696,41,1548,66,1398,92,2496
1697,39,1478,66,1400,89,2496
1698,44,1545,56,1388,91,2533
1699,35,1575,72,1444,91,2578
1700,36,1661,57,1426,85,2571
1701,52,1647,64,1369,102,2534
1702,51,1632,66,1401,77,2586
1703,52,1664,77,1352,73,2624
1704,54,1650,59,1389,85,2541
1705,51,1629,64,1376,77,2515
1706,65,1654,75,1405,102,2548
1707,50,1692,63,1410,89,2566
1708,41,1596,62,1451,77,2579
1709,52,1565,55,1487,80,2481
1710,52,1653,68,1528,67,2437
1711,38,1552,45,1491,81,2459
1712,39,1599,51,1520,73,2583
1713,43,1624,54,1504,89,2521
1714,51,1635,61,1529,75,2624
1715,43,1510,75,1498,72,2643
1716,41,1632,69,1570,77,2507
1717,44,1573,63,1555,70,2592
1718,40,1633,57,1559,59,2556
1719,43,1682,56,1616,62,2580
1720,37,1701,52,1599,74,2461
1721,40,1615,59,1498,81,2522
1722,46,1647,65,1507,74,2530
1723,43,1588,72,1455,61,2491
1724,38,1652,63,1416,77,2455
1725,28,1561,63,1397,76,2357
1726,42,1664,65,1461,75,2267
1727,43,1666,65,1475,82,2331
1728,43,1653,63,1370,79,2311
1729,58,1595,60,1384,76,2211
1730,48,1654,69,1334,77,2303
1731,51,1760,61,1390,78,2239
1732,42,1705,70,1392,81,2237
1733,50,1665,62,1358,94,2224
1734,72,1637,80,1424,69,2134
1735,50,1587,64,1461,66,2145
1736,43,1567,71,1421,56,2160
1737,37,1535,65,1460,62,2136
1738,46,1567,53,1384,77,2241
1739,46,1460,74,1369,85,2131
1740,36,1436,56,1354,68,2197
1741,50,1439,73,1334,81,2079
1742,52,1355,64,1314,79,2109
1743,44,1414,70,1327,79,2052
1744,43,1445,73,1264,80,2111
1745,46,1415,72,1166,83,1919
1746,48,1365,55,1135,59,2002
1747,45,1215,53,1098,73,2008
1748,40,1277,57,1134,61,1960
1749,35,1222,47,1114,74,1917
1750,37,1336,60,1121,72,1876
1751,34,1253,61,1147,87,1926
1752,43,1258,59,1108,67,2050
1753,32,1216,58,1091,72,2056
1754,52,1296,68,1083,61,2094
1755,54,1219,54,1104,69,2119
1756,50,1219,67,1148,90,2163
1757,44,1265,63,1182,93,2205
1758,43,1287,51,1187,80,2221
1759,39,1272,56,1161,82,2259
1760,45,1238,57,1211,82,2294
1761,47,1267,64,1198,68,2321
1762,42,1303,60,1214,77,2325
1763,51,1318,73,1199,89,2408
1764,45,1317,60,1179,66,2398
1765,48,1246,48,1155,57,2484
1766,44,1280,63,1161,71,2483
1767,39,1237,59,1123,62,2363
1768,33,1213,46,1106,53,2430
1769,47,1195,50,1069,59,2524
1770,65,1184,51,1032,60,2497
1771,53,1094,58,1033,53,2429
1772,54,1143,64,1058,63,2424
1773,37,1148,41,1008,54,2376
1774,48,1187,46,1047,52,2154
1775,36,985,41,990,61,2305
1776,52,1032,53,940,71,2339
1777,43,1027,34,928,60,2265
1778,32,962,34,933,53,2266
1779,34,990,34,851,50,2220
1780,37,901,37,834,59,2242
1781,36,929,37,832,62,2176
1782,34,906,40,870,72,2184
1783,41,919,48,864,67,2254
1784,32,922,48,821,65,2232
1785,39,907,44,826,62,2250
1786,47,893,52,828,65,2225
1787,37,874,44,837,65,2198
1788,31,935,45,801,58,2259
1789,45,898,43,790,70,2123
1790,44,985,55,785,63,2204
1791,48,987,53,771,59,2067
1792,39,989,52,770,74,2171
1793,41,905,40,792,66,2169
1794,42,990,44,849,62,2115
1795,55,943,56,833,70,2138
1796,55,871,42,825,82,2119
1797,54,890,49,814,66,2033
1798,47,921,50,851,68,2019
1799,53,869,57,839,71,2015
1800,53,941,58,791,69,1993
1801,36,931,42,747,64,1888
1802,32,848,43,709,75,1880
1803,34,912,47,728,57,1821
1804,41,903,57,735,66,1787
1805,37,905,51,720,55,1810
1806,29,913,47,763,51,1740
1807,31,933,56,782,51,1799
1808,28,892,51,766,46,1737
1809,46,895,59,804,62,1715
1810,41,879,49,751,61,1772
1811,47,922,66,721,70,1766
1812,41,835,47,792,53,1674
1813,39,837,50,750,66,1796
1814,41,847,47,787,62,1873
1815,45,882,54,821,65,1901
1816,39,896,43,778,84,1999
1817,49,898,51,761,78,1993
1818,36,907,41,757,69,2094
1819,40,879,38,740,77,2100
1820,50,865,51,730,72,2009
1821,32,867,55,727,80,2089
1822,45,820,61,710,74,2092
1823,37,856,35,687,71,2021
1824,52,826,54,700,78,2114
1825,41,807,48,678,80,2257
1826,37,822,45,692,73,2222
1827,36,809,48,706,57,2199
1828,34,861,56,723,66,2192
1829,36,839,49,759,64,2130
1830,36,876,38,761,81,2244
1831,34,903,43,777,67,2197
1832,33,890,48,764,56,2217
1833,31,882,47,760,61,2232
1834,41,837,54,773,76,2257
1835,44,797,52,792,64,2255
1836,37,815,49,792,60,2142
1837,44,841,51,820,59,2190
1838,41,881,48,809,53,2231
1839,40,898,38,820,47,2170
1840,44,919,67,870,59,2160
1841,36,924,47,864,52,2037
1842,38,869,49,836,47,2012
1843,21,872,34,757,49,2010
1844,27,827,32,763,44,1969
1845,21,813,21,710,45,1965
1846,16,785,24,733,40,1874
1847,22,783,17,685,31,1828
1848,21,739,20,722,36,1893
1849,26,748,28,671,52,1909
1850,27,751,16,625,26,1893
1851,15,766,14,622,35,1902
1852,20,740,15,613,30,1905
1853,16,765,25,617,35,1868
1854,19,784,20,642,39,1743
1855,16,779,18,672,31,1860
1856,12,813,16,685,26,1748
1857,16,822,22,670,36,1860
1858,21,815,25,695,30,1891
1859,26,765,21,652,32,1787
1860,29,810,25,683,40,1841
1861,24,870,32,691,39,1867
1862,20,765,24,695,36,1899
1863,18,833,27,719,38,1923
1864,24,833,37,670,40,1960
1865,22,796,25,674,51,2107
1866,14,808,21,677,39,2147
1867,18,774,23,647,34,2145
1868,22,712,19,628,32,2025
1869,23,723,29,675,37,2093
1870,20,675,24,651,35,2076
1871,14,688,25,611,38,2094
1872,18,679,32,613,38,2030
1873,12,633,29,604,33,2071
1874,15,673,23,668,38,1977
1875,16,683,15,618,35,2037
1876,22,658,37,636,45,1830
1877,24,695,30,637,31,1923
1878,17,731,26,634,46,1890
1879,12,716,25,697,44,1852
1880,17,715,45,700,52,1800
1881,23,729,31,692,37,1758
1882,19,728,38,710,40,1833
1883,19,726,31,722,35,1726
1884,16,778,34,752,33,1743
1885,15,761,31,753,43,1797
1886,17,784,26,772,40,1823
1887,24,771,28,779,25,1811
1888,20,809,27,749,41,1846
1889,29,803,31,725,37,1859
1890,32,768,26,727,45,1921
1891,21,733,38,713,36,1885
1892,30,813,36,641,44,1772
1893,31,802,43,675,42,1802
1894,31,786,49,644,41,1787
1895,34,794,32,605,53,1765
1896,30,814,40,611,59,1743
1897,39,785,41,580,60,1712
1898,33,768,41,592,44,1687
1899,32,785,45,573,39,1773
1900,18,720,46,603,36,1737
1901,21,763,44,559,38,1747
1902,22,646,40,515,42,1624
1903,22,678,32,507,26,1528
1904,24,640,36,507,23,1511
1905,34,649,37,523,27,1510
1906,34,681,39,520,24,1426
1907,27,732,34,515,32,1473
1908,25,717,35,537,22,1481
1909,30,700,37,564,30,1503
1910,42,668,55,600,48,1532
1911,44,695,45,595,36,1544
1912,40,702,52,611,42,1512
1913,41,684,66,574,60,1571
1914,43,743,46,573,37,1503
1915,35,727,46,565,41,1516
1916,33,775,48,599,32,1530
1917,40,805,51,585,47,1554
1918,44,813,48,581,35,1604
1919,38,823,48,612,36,1597
1920,39,788,52,571,35,1676
1921,54,834,57,583,31,1667
1922,45,772,49,591,36,1730
1923,49,896,48,620,38,1684
1924,50,819,58,622,45,1618
1925,49,901,56,629,43,1687
1926,48,903,51,656,38,1667
1927,51,820,59,696,28,1690
1928,67,884,69,717,36,1701
1929,74,937,77,736,48,1726
1930,70,960,84,786,50,1793
1931,71,978,85,846,46,1742
1932,66,915,82,836,58,1827
1933,55,965,79,843,56,1862
1934,64,1036,67,879,62,1849
1935,78,1067,88,882,66,1858
1936,71,1019,74,890,54,1745
1937,67,1057,83,913,41,1826
1938,81,1111,93,1017,59,1778
1939,83,1112,88,1029,63,1839
1940,83,1015,94,1082,68,1705
1941,76,1100,103,1125,78,1900
1942,70,1104,104,1072,82,1889
1943,69,1092,103,1119,75,1840
1944,83,1103,98,1135,67,1922
1945,80,1152,98,1121,62,1815
1946,85,1090,108,1123,74,1853
1947,80,1098,111,1141,75,1867
1948,65,1136,104,1099,68,1689
1949,79,1035,96,1180,63,1747
1950,65,1091,92,1139,53,1748
1951,81,1065,112,1148,67,1802
1952,76,1024,92,1190,74,1743
1953,78,1148,95,1218,78,1750
1954,91,1158,113,1216,63,1758
1955,105,1177,116,1233,73,1722
1956,101,1157,121,1213,89,1708
1957,103,1163,96,1196,81,1813
1958,109,1197,117,1225,97,1737
1959,102,1144,128,1224,92,1822
1960,111,1236,117,1195,115,1722
1961,96,1168,123,1216,110,1872
1962,94,1233,141,1250,88,1817
1963,110,1188,134,1221,111,1829
1964,110,1140,140,1189,115,1957
1965,123,1183,150,1196,114,1869
1966,111,1184,127,1185,109,1953
1967,116,1215,130,1194,104,2041
1968,82,1144,110,1156,84,1879
1969,100,1256,135,1165,96,1928
1970,118,1251,145,1159,108,1960
1971,107,1242,130,1188,113,2069
1972,101,1248,139,1214,105,2123
1973,104,1247,162,1200,120,2081
1974,103,1239,133,1177,102,2115
1975,108,1222,123,1147,110,2084
1976,105,1252,125,1275,107,1915
1977,105,1215,110,1243,120,1911
1978,91,1298,128,1264,108,1929
1979,96,1323,131,1299,102,1952
1980,105,1220,120,1312,103,1935
1981,115,1258,136,1346,110,1868
1982,108,1295,122,1349,100,1822
1983,109,1285,134,1307,113,1889
1984,78,1291,137,1372,96,1875
1985,85,1336,126,1381,92,1904
1986,108,1375,127,1432,88,1920
1987,98,1384,128,1471,105,1985
1988,113,1396,135,1432,97,2109
1989,106,1422,137,1402,94,2206
1990,116,1414,151,1422,106,2171
1991,102,1379,145,1429,93,2215
1992,108,1503,142,1463,84,2286
1993,127,1411,143,1417,88,2379
1994,120,1478,146,1438,101,2331
1995,100,1405,105,1422,96,2385
1996,91,1485,115,1471,97,2313
1997,100,1437,124,1456,93,2392
1998,113,1531,118,1533,123,2461
1999,100,1478,121,1519,123,2593
2000,98,1540,124,1573,117,2511
2001,91,1489,118,1636,114,2406
2002,93,1596,119,1696,124,2445
2003,103,1499,124,1671,112,2368
2004,96,1540,106,1663,109,2443
2005,100,1394,111,1645,130,2443
2006,70,1462,116,1724,85,2536
2007,60,1425,96,1651,98,2553
2008,48,1502,80,1622,97,2568
2009,58,1358,87,1564,101,2611
2010,59,1459,81,1607,95,2579
2011,75,1402,94,1540,91,2430
2012,72,1478,88,1473,108,2497
2013,68,1438,108,1469,110,2520
2014,57,1418,109,1442,99,2472
2015,68,1445,103,1381,112,2314
2016,77,1373,98,1423,104,2294
2017,62,1403,94,1457,117,2318
2018,66,1460,98,1408,115,2267
2019,65,1515,82,1444,106,2174
2020,58,1493,83,1436,100,2260
2021,72,1545,83,1453,104,2275
2022,55,1537,83,1369,103,2310
2023,66,1550,87,1416,106,2220
2024,75,1529,98,1455,112,2265
2025,59,1602,87,1450,107,2273
2026,89,1558,90,1404,103,2296
2027,76,1599,83,1410,89,2432
2028,77,1538,79,1412,102,2497
2029,74,1622,83,1440,92,2582
2030,71,1597,86,1429,102,2684
2031,88,1492,104,1445,102,2680
2032,84,1597,104,1426,84,2724
2033,71,1508,88,1411,92,2635
2034,71,1570,83,1428,92,2764
2035,77,1474,83,1445,98,2780
2036,76,1530,86,1510,85,2679
2037,85,1603,100,1500,95,2755
2038,80,1597,88,1566,84,2708
2039,98,1587,94,1646,88,2785
2040,86,1622,106,1725,70,2844
2041,86,1564,133,1690,70,2744
2042,84,1590,111,1720,77,2556
2043,95,1642,112,1776,79,2685
2044,98,1712,127,1752,89,2676
2045,92,1674,119,1685,85,2746
2046,105,1590,121,1720,98,2665
2047,93,1688,132,1705,82,2729
2048,93,1671,125,1724,81,2770
2049,96,1637,122,1678,84,2673
2050,99,1746,133,1713,75,2728
2051,106,1669,131,1731,64,2641
2052,112,1713,128,1688,68,2699
2053,110,1790,131,1704,64,2656
2054,114,1700,108,1623,94,2561
2055,110,1682,97,1608,67,2610
2056,104,1649,130,1583,86,2642
2057,108,1489,132,1611,79,2647
2058,95,1533,113,1585,79,2642
2059,89,1555,122,1569,70,2468
2060,92,1536,126,1550,87,2570
2061,82,1617,118,1589,94,2471
2062,97,1522,112,1551,93,2625
2063,93,1580,114,1525,88,2732
2064,107,1627,136,1558,80,2584
2065,106,1660,114,1556,91,2667
2066,108,1605,114,1529,107,2704
2067,92,1680,130,1508,106,2749
2068,97,1638,124,1485,108,2673
2069,103,1712,120,1500,85,2745
2070,114,1752,125,1489,94,2688
2071,112,1732,107,1518,92,2747
2072,104,1663,118,1499,96,2654
2073,99,1648,95,1446,89,2736
2074,97,1682,133,1481,79,2563
2075,103,1613,126,1506,94,2599
2076,100,1623,136,1540,77,2558
2077,94,1630,112,1542,100,2554
2078,113,1537,106,1502,86,2547
2079,102,1504,131,1492,92,2563
2080,84,1517,134,1514,106,2498
2081,108,1420,119,1482,88,2431
2082,107,1544,131,1496,100,2287
2083,81,1519,119,1465,111,2460
2084,99,1535,107,1501,80,2464
2085,101,1521,114,1559,90,2410
2086,95,1607,126,1499,85,2372
2087,71,1632,112,1491,79,2236
2088,81,1601,102,1375,79,2308
2089,103,1575,106,1439,75,2436
2090,78,1504,87,1321,76,2249
2091,90,1554,99,1314,84,2091
2092,84,1468,96,1316,72,2046
2093,90,1479,88,1240,78,1869
2094,63,1363,75,1225,89,1877
2095,82,1390,78,1200,99,1838
2096,71,1387,95,1211,85,1798
2097,88,1416,88,1188,95,1729
2098,68,1399,93,1277,73,1740
2099,63,1430,106,1253,78,1686
2100,67,1414,102,1253,94,1765
2101,78,1378,86,1293,98,1685
2102,66,1392,94,1231,75,1680
2103,83,1422,95,1261,99,1778
2104,89,1510,93,1239,94,1843
2105,83,1375,90,1223,110,1878
2106,97,1495,94,1193,106,1958
2107,83,1496,93,1257,109,1969
2108,84,1449,91,1254,89,1915
2109,66,1465,82,1258,100,1941
2110,58,1445,80,1248,79,1866
2111,67,1443,91,1254,98,1952
2112,55,1420,72,1239,77,2059
2113,67,1400,76,1282,83,1944
2114,65,1378,87,1371,99,2052
2115,63,1387,79,1380,84,1933
2116,67,1329,78,1341,89,1929
2117,56,1354,67,1333,84,1748
2118,53,1255,70,1284,78,1733
2119,61,1261,78,1268,91,1617
2120,61,1260,83,1282,69,1579
2121,58,1166,63,1260,84,1534
2122,53,1149,69,1190,71,1620
2123,54,1141,69,1246,80,1539
2124,54,1151,80,1236,85,1569
2125,56,1104,75,1233,75,1555
2126,52,1130,74,1236,78,1624
2127,60,1097,68,1177,77,1628
2128,51,1111,71,1258,88,1665
2129,57,1158,91,1329,87,1752
2130,62,1147,81,1276,99,1745
2131,58,1175,88,1254,91,1824
2132,54,1221,84,1242,76,1788
2133,54,1189,67,1182,72,1920
2134,54,1212,67,1119,87,1850
2135,55,1105,61,1100,69,1912
2136,47,1171,59,1196,73,1959
2137,44,1152,70,1241,60,1955
2138,42,1171,52,1289,74,1986
2139,56,1193,77,1274,86,2087
2140,52,1133,63,1281,77,2016
2141,55,1108,69,1331,82,2098
2142,53,1111,71,1280,79,2093
2143,71,1087,74,1222,79,2080
2144,70,1134,63,1259,94,1904
2145,44,1138,72,1250,83,1967
2146,52,1170,65,1242,88,1847
2147,46,1192,65,1314,82,1924
2148,74,1254,90,1273,105,1907
2149,77,1254,84,1267,89,1914
2150,61,1285,70,1308,87,1952
2151,60,1231,65,1296,109,1934
2152,78,1246,93,1323,97,1864
2153,77,1308,91,1292,96,1902
2154,57,1354,70,1311,69,1945
2155,78,1408,60,1364,78,1918
2156,61,1446,77,1409,67,1987
2157,52,1432,86,1365,82,2136
2158,43,1465,72,1390,70,2162
2159,53,1486,74,1352,82,2162
2160,40,1458,81,1369,89,2201
2161,43,1489,71,1430,73,2232
2162,45,1530,63,1424,78,2220
2163,39,1547,67,1419,62,2191
2164,48,1487,76,1484,52,2121
2165,38,1509,61,1463,73,2154
2166,60,1435,74,1385,73,2152
2167,55,1439,58,1371,66,2114
2168,61,1325,59,1317,68,2085
2169,48,1271,41,1270,72,1897
2170,59,1274,64,1346,79,1952
2171,63,1260,58,1295,87,1799
2172,47,1236,88,1248,90,1843
2173,71,1191,87,1297,98,1805
2174,77,1234,77,1313,76,1708
2175,48,1264,83,1385,79,1768
2176,53,1258,85,1394,68,1658
2177,54,1289,85,1382,76,1716
2178,69,1330,81,1484,48,1728
2179,71,1377,82,1546,60,1673
2180,66,1396,84,1526,56,1757
2181,57,1414,75,1516,61,1810
2182,60,1308,72,1553,59,1862
2183,67,1335,73,1481,61,1882
2184,58,1317,71,1522,66,1906
2185,63,1376,77,1513,72,1950
2186,67,1387,90,1493,65,1988
2187,59,1408,73,1512,73,2024
2188,64,1368,84,1516,69,1989
2189,77,1288,98,1494,68,1992
2190,51,1286,73,1494,66,2005
2191,55,1341,73,1456,54,2064
2192,52,1377,60,1472,57,2112
2193,47,1344,62,1517,74,2050
2194,51,1388,72,1432,61,2024
2195,43,1410,43,1392,75,1918
2196,47,1370,63,1358,64,1850
2197,54,1298,70,1375,59,1791
2198,45,1275,75,1330,61,1694
2199,45,1174,53,1269,63,1555
2200,33,1139,53,1308,67,1617
2201,26,1086,40,1286,49,1571
2202,27,1114,45,1238,55,1545
2203,26,1053,41,1229,58,1435
2204,20,1079,45,1198,52,1492
2205,28,1009,45,1190,53,1381
2206,27,1064,40,1169,46,1353
2207,41,1094,47,1136,59,1465
2208,27,1070,48,1096,48,1417
2209,25,1037,45,1091,44,1435
2210,33,1028,35,1082,48,1412
2211,30,1018,27,1047,44,1384
2212,55,1020,54,1051,75,1397
2213,30,1029,34,1065,68,1484
2214,50,1028,38,1125,62,1461
2215,41,990,31,1073,69,1413
2216,34,1023,31,1176,73,1461
2217,29,983,31,1258,58,1468
2218,39,1048,24,1188,77,1520
2219,35,1029,21,1191,59,1525
2220,50,1057,53,1204,70,1469
2221,20,1062,34,1193,64,1551
2222,29,1052,37,1275,52,1528
2223,29,1034,36,1278,67,1543
2224,28,1042,44,1286,69,1469
2225,29,1079,39,1285,70,1397
2226,25,1102,23,1288,60,1433
2227,31,1123,26,1220,48,1293
2228,27,1111,29,1257,37,1278
2229,26,1056,32,1259,46,1345
2230,22,1065,31,1271,38,1256
2231,39,1070,24,1284,54,1316
2232,31,1067,32,1329,56,1343
2233,23,1067,32,1284,48,1396
2234,22,1080,29,1334,59,1507
2235,33,1149,31,1309,46,1522
2236,28,1118,28,1307,50,1441
2237,30,1170,32,1318,58,1434
2238,28,1148,29,1334,48,1383
2239,32,1131,26,1317,46,1501
2240,32,1114,25,1283,42,1457
2241,33,1098,23,1280,47,1364
2242,30,1050,21,1294,36,1341
2243,31,1107,28,1299,32,1381
2244,18,1081,20,1242,35,1290
2245,27,1070,20,1219,46,1378
2246,20,1045,17,1231,37,1268
2247,20,1005,13,1268,31,1366
2248,19,964,23,1366,38,1189
2249,17,1013,20,1335,31,1306
2250,28,1052,20,1235,39,1253
2251,30,1055,14,1182,34,1284
2252,25,1078,15,1188,34,1345
2253,18,1064,13,1118,33,1309
2254,29,1051,16,1055,36,1206
2255,17,1058,13,1081,32,1107
2256,14,1019,8,1040,24,1147
2257,15,1019,12,1035,27,1151
2258,11,1077,13,1046,17,1147
2259,18,1128,4,966,23,1242
2260,17,1031,6,1007,19,1198
2261,17,1019,11,972,22,1179
2262,15,983,4,1040,17,1203
2263,9,891,5,1080,13,1103
2264,8,900,7,1083,14,1145
2265,19,841,18,1075,23,1179
2266,8,711,9,1034,19,1122
2267,6,676,7,1012,15,1059
2268,4,700,9,982,9,974
2269,16,688,13,989,6,1042
2270,27,670,11,1012,25,972
2271,14,649,13,938,21,911
2272,18,646,26,970,20,931
2273,17,643,12,940,17,956
2274,12,634,2,971,12,998
2275,6,649,9,996,13,936
2276,28,659,33,1041,38,1047
2277,7,699,9,1015,15,1049
2278,8,724,5,1028,12,1100
2279,3,746,9,977,14,1088
2280,8,697,4,1020,13,1109
2281,15,742,16,1061,26,1130
2282,16,749,17,1045,23,1077
2283,16,740,13,1060,23,1079
2284,7,838,5,1092,18,1104
2285,15,857,14,1095,18,1108
2286,12,845,9,1054,31,1046
2287,17,859,13,1022,31,1025
2288,4,789,5,1030,26,1032
2289,14,843,7,1053,23,1045
2290,27,761,25,1062,41,1076
2291,10,847,6,1072,34,1118
2292,6,813,10,1147,23,1293
2293,26,935,13,1136,43,1256
2294,22,958,11,1151,40,1320
2295,17,974,10,1185,43,1379
2296,21,1037,16,1264,47,1327
2297,8,1024,4,1322,35,1216
2298,12,1029,15,1273,43,1324
2299,9,1090,8,1252,19,1236
2300,8,1060,6,1313,27,1334
2301,7,1096,2,1379,21,1397
2302,14,1109,10,1472,31,1457
2303,6,1036,6,1473,30,1402
2304,17,1096,5,1495,22,1394
2305,11,1117,11,1564,33,1423
2306,12,1130,5,1554,13,1434
2307,17,1181,15,1539,24,1475
2308,28,1213,27,1577,32,1568
2309,28,1289,23,1644,38,1557
2310,25,1299,18,1673,36,1722
2311,19,1206,17,1656,40,1730
2312,12,1199,10,1632,39,1711
2313,26,1217,30,1630,34,1839
2314,9,1183,28,1699,25,1859
2315,15,1101,31,1601,26,1856
2316,29,1193,22,1654,27,1808
2317,19,1232,22,1700,27,1897
2318,26,1270,33,1679,32,1837
2319,12,1193,5,1651,15,1892
2320,9,1145,4,1554,13,1745
2321,8,1183,6,1423,13,1792
2322,8,1137,14,1473,17,1631
2323,10,950,7,1451,15,1489
2324,15,1004,18,1376,22,1503
2325,8,992,9,1297,11,1373
2326,16,914,23,1172,28,1447
2327,6,922,4,1158,9,1355
2328,9,1012,11,1118,14,1439
2329,19,933,8,1010,20,1368
2330,11,907,16,919,26,1413
2331,11,902,31,914,27,1287
2332,6,875,11,842,21,1290
2333,10,756,7,798,14,1229
2334,20,768,30,670,37,1167
2335,4,728,7,699,15,1209
2336,3,793,9,681,16,1206
2337,7,747,12,681,20,1216
2338,16,784,28,748,28,1259
2339,6,751,14,749,21,1299
2340,14,811,24,764,25,1316
2341,7,807,14,741,15,1223
2342,12,771,10,737,19,1232
2343,7,787,10,697,17,1156
2344,13,770,13,686,24,1206
2345,9,785,21,689,19,1247
2346,13,775,16,691,17,1164
2347,9,784,11,698,22,1217
2348,8,764,8,664,21,1122
2349,6,771,9,692,24,1176
2350,4,746,7,663,24,1155
2351,8,784,10,643,22,1249
2352,13,713,19,640,39,1160
2353,10,712,14,595,14,1158
2354,16,693,22,559,28,1106
2355,8,666,3,563,21,1124
2356,7,614,6,541,13,1110
2357,8,522,5,467,8,1032
2358,5,536,7,414,13,1008
2359,3,534,5,396,10,933
2360,3,504,4,405,6,966
2361,3,532,3,354,8,1000
2362,3,474,5,320,16,1019
2363,4,519,3,294,14,1032
2364,11,512,11,336,12,1068
2365,3,516,1,347,16,991
2366,8,521,6,374,8,1045
2367,10,503,14,398,20,1033
2368,2,479,12,410,11,1048
2369,5,481,7,368,10,1087
2370,2,484,6,367,11,1058
2371,20,515,26,367,30,970
2372,4,473,6,336,16,1038
2373,7,505,4,351,17,1029
2374,6,483,18,347,27,975
2375,4,494,6,312,15,948
2376,6,450,7,327,19,944
2377,3,445,11,342,21,953
2378,4,496,5,326,12,981
2379,12,490,4,315,13,916
2380,5,423,6,291,21,931
2381,10,417,8,301,19,965
2382,6,432,3,267,15,991
2383,5,440,4,246,14,1029
2384,5,458,6,263,16,1054
2385,8,452,7,245,24,1039
2386,17,496,23,265,32,1092
2387,7,458,7,272,27,1075
2388,9,531,11,279,25,1104
2389,11,527,17,276,27,1121
2390,14,550,18,308,28,1161
2391,15,506,21,286,31,1223
2392,6,543,10,307,18,1231
2393,11,560,5,337,29,1281
2394,4,586,7,343,26,1264
2395,6,538,8,386,22,1344
2396,9,589,21,395,33,1361
2397,5,573,11,433,34,1422
2398,3,563,10,406,24,1428
2399,13,623,21,453,29,1496
2400,15,581,21,427,39,1541
2401,9,637,29,420,32,1557
2402,19,643,30,423,27,1574
2403,11,658,15,391,30,1609
2404,17,710,33,408,46,1638
2405,24,674,21,419,40,1571
2406,12,728,21,446,52,1729
2407,31,678,38,496,58,1795
2408,15,682,33,480,53,1690
2409,18,700,29,490,58,1721
2410,16,751,50,508,55,1615
2411,20,666,26,502,62,1569
2412,19,738,22,514,56,1594
2413,20,713,10,505,56,1525
2414,27,695,37,494,72,1500
2415,20,653,18,463,45,1522
2416,19,656,19,442,56,1513
2417,23,637,29,462,56,1469
2418,26,615,25,417,54,1524
2419,14,657,15,416,67,1535
2420,28,624,25,402,72,1488
2421,38,684,35,413,73,1496
2422,29,656,19,421,72,1625
2423,31,627,28,434,59,1611
2424,16,702,34,398,58,1709
2425,4,650,26,398,65,1661
2426,29,710,34,478,65,1753
2427,21,721,29,483,68,1804
2428,22,758,25,494,66,1842
2429,24,770,36,537,60,1881
2430,15,738,36,597,70,1894
2431,18,740,25,600,73,1801
2432,26,738,32,580,70,1836
2433,15,777,30,582,64,1939
2434,17,825,22,636,66,1862
2435,21,793,30,603,73,1773
2436,24,749,23,647,76,1832
2437,13,774,25,679,61,1892
2438,11,810,19,676,74,1896
2439,15,844,14,667,53,1907
2440,10,853,15,702,60,1909
2441,10,903,19,687,58,1815
2442,9,873,9,729,54,1908
2443,12,903,13,719,56,1898
2444,9,937,18,729,58,1995
2445,7,941,12,755,52,2028
2446,11,840,19,759,52,1895
2447,9,903,17,817,53,1958
2448,16,942,22,773,49,1977
2449,16,792,15,804,61,1922
2450,12,877,16,801,75,2071
2451,21,910,17,794,75,2141
2452,16,911,23,768,69,2138
2453,18,915,14,759,71,1920
2454,16,828,16,707,65,1997
2455,25,911,23,739,86,1990
2456,19,947,39,752,83,2026
2457,21,953,31,793,83,2045
2458,12,852,26,820,91,2072
2459,12,835,30,818,89,1958
2460,17,826,19,787,88,2009
2461,22,837,23,769,96,2058
2462,14,831,22,750,81,2041
2463,7,861,24,729,70,2022
2464,17,760,17,698,73,1904
2465,7,838,13,675,67,1921
2466,9,832,12,696,65,1942
2467,7,855,23,671,48,1729
2468,6,847,19,670,41,1816
2469,16,872,20,652,60,1711
2470,10,865,15,655,44,1866
2471,15,847,18,671,51,1776
2472,11,848,16,709,48,1800
2473,12,752,27,710,38,1923
2474,13,810,23,715,38,1951
2475,10,811,24,740,53,1975
2476,7,843,18,730,47,1868
2477,5,807,20,709,53,1868
2478,11,860,19,698,55,1783
2479,13,759,8,653,44,1901
2480,25,846,27,664,53,1871
2481,9,777,32,646,49,1809
2482,8,719,10,625,35,1799
2483,8,805,28,597,49,1602
2484,11,767,19,566,37,1511
2485,8,759,14,567,35,1397
2486,7,656,11,545,42,1338
2487,12,655,15,536,33,1333
2488,6,689,13,505,27,1163
2489,10,718,18,460,38,1152
2490,11,711,17,484,37,1039
2491,12,743,21,511,39,1129
2492,10,670,7,515,35,1053
2493,9,749,23,525,31,1054
2494,14,696,32,538,42,994
2495,14,782,28,549,45,1041
2496,24,818,28,543,46,1141
2497,23,818,25,608,56,1118
2498,32,870,20,615,48,1157
2499,24,818,16,625,45,1213
2500,24,884,33,645,53,1211
2501,25,835,25,618,39,1214
2502,24,941,36,655,53,1285
2503,23,979,31,675,54,1307
2504,20,967,26,698,60,1323
2505,21,1056,25,680,45,1405
2506,23,1056,39,730,68,1417
2507,30,1059,38,787,69,1371
2508,18,1078,36,777,68,1466
2509,29,1167,39,836,75,1535
2510,30,1146,45,857,63,1499
2511,27,1183,39,886,63,1575
2512,23,1166,44,933,69,1612
2513,35,1143,29,928,69,1534
2514,26,1213,39,923,81,1597
2515,27,1204,32,998,81,1604
2516,26,1190,33,1027,102,1709
2517,36,1245,29,1067,96,1649
2518,31,1154,36,1122,98,1717
2519,30,1236,37,1143,103,1655
2520,21,1187,42,1126,116,1788
2521,29,1187,60,1138,105,1718
2522,30,1192,51,1228,101,1747
2523,32,1202,44,1189,97,1712
2524,23,1160,42,1140,80,1732
2525,23,1195,44,1162,80,1606
2526,21,1211,28,1107,86,1690
2527,30,1305,41,1113,82,1573
2528,22,1224,54,1145,81,1637
2529,25,1235,46,1160,78,1692
2530,22,1249,50,1197,89,1592
2531,20,1252,48,1198,111,1656
2532,21,1252,40,1201,97,1529
2533,22,1220,49,1194,81,1241
2534,28,1226,47,1145,90,1120
2535,32,1233,45,1158,93,1066
2536,25,1248,45,1133,71,1091
2537,18,1222,40,1040,93,1163
2538,21,1216,36,977,76,1068
2539,31,1259,42,964,82,1150
2540,29,1277,45,999,79,1133
2541,24,1253,36,990,78,1108
2542,32,1259,47,945,72,1124
2543,26,1174,51,917,75,1076
2544,25,1050,42,917,82,1118
2545,37,1066,52,890,81,1136
2546,41,1125,45,821,89,1147
2547,53,985,47,758,78,1117
2548,32,984,47,761,90,1229
2549,27,996,48,753,71,1214
2550,27,954,67,861,61,1287
2551,32,1013,54,897,62,1162
2552,37,892,47,879,61,1242
2553,39,962,47,847,68,1253
2554,34,944,61,851,53,1190
2555,38,842,38,841,56,1126
2556,34,952,48,834,62,1028
2557,15,934,34,825,47,926
2558,31,942,38,844,47,962
2559,32,940,31,877,48,946
2560,21,895,28,895,36,963
2561,31,962,41,848,45,1019
2562,23,914,20,742,39,1006
2563,23,922,22,756,33,1057
2564,26,998,21,762,21,1013
2565,27,983,28,790,29,1043
2566,22,1004,23,732,25,1160
2567,17,1010,25,808,21,1078
2568,20,1060,28,778,30,1202
2569,28,1093,26,830,31,1364
2570,26,1117,28,834,40,1451
2571,32,1173,34,905,43,1444
2572,26,1248,45,886,37,1500
2573,28,1156,46,898,40,1514
2574,28,1350,34,1005,40,1656
2575,51,1249,51,1016,49,1641
2576,74,1391,55,1051,35,1791
2577,31,1381,38,1084,41,1693
2578,31,1232,39,1141,41,1811
2579,35,1303,44,1120,44,1749
2580,42,1276,35,1129,40,1660
2581,35,1169,36,1103,33,1508
2582,29,1299,30,1081,32,1562
2583,30,1257,33,1111,41,1425
2584,35,1205,27,1073,40,1484
2585,38,1156,34,1050,34,1478
2586,38,1228,37,1044,29,1354
2587,39,1118,49,1079,36,1445
2588,55,1253,56,1021,28,1385
2589,33,1263,42,1028,24,1400
2590,37,1217,33,1006,43,1374
2591,40,1103,39,988,47,1382
2592,50,1138,46,934,44,1298
2593,30,1072,36,915,31,1359
2594,29,1002,39,897,28,1316
2595,23,957,33,795,31,1246
2596,23,933,37,751,29,1172
2597,21,838,37,735,34,1179
2598,29,913,44,721,41,1236
2599,30,931,47,716,49,1218
2600,36,874,57,751,35,1256
2601,27,884,41,714,35,1268
2602,25,919,40,741,42,1232
2603,26,877,34,704,53,1283
2604,38,896,48,725,52,1210
2605,19,903,36,754,43,1278
2606,37,1023,39,788,33,1155
2607,26,984,46,774,42,1240
2608,35,1058,42,771,42,1190
2609,33,1092,41,788,48,1261
2610,33,1115,45,813,37,1317
2611,29,1076,45,789,45,1207
2612,35,1097,45,753,39,1269
2613,42,1103,55,767,53,1275
2614,36,1166,46,769,62,1176
2615,49,1113,62,784,50,1209
2616,47,1263,67,808,56,1203
2617,40,1143,52,802,38,1392
2618,36,1254,64,792,49,1395
2619,35,1290,54,798,44,1399
2620,45,1174,43,759,44,1391
2621,43,1292,66,729,45,1416
2622,37,1253,54,715,52,1317
2623,33,1267,48,759,39,1420
2624,42,1200,60,755,44,1396
2625,32,1347,55,753,40,1301
2626,35,1221,60,724,35,1396
2627,37,1359,55,783,37,1321
2628,44,1196,52,778,48,1404
2629,36,1248,47,760,47,1304
2630,37,1125,57,713,38,1351
2631,49,1331,56,744,36,1379
2632,43,1354,60,704,37,1543
2633,40,1333,69,741,38,1542
2634,54,1171,75,719,28,1555
2635,53,1322,64,728,36,1640
2636,42,1320,73,734,43,1577
2637,46,1274,74,768,45,1401
2638,45,1242,52,774,47,1591
2639,50,1243,57,762,32,1419
2640,36,1147,60,812,36,1500
2641,37,1151,56,782,44,1428
2642,33,1109,54,810,40,1445
2643,32,1143,58,835,41,1472
2644,40,1133,55,795,45,1495
2645,42,1029,48,852,49,1368
2646,41,1083,60,872,55,1387
2647,48,947,61,870,54,1391
2648,34,1004,44,830,51,1361
2649,47,1054,54,826,51,1309
2650,42,989,62,819,53,1306
2651,49,955,57,811,39,1247
2652,44,880,57,807,40,1152
2653,57,971,63,793,50,1211
2654,40,961,69,823,43,1150
2655,66,892,81,814,50,1077
2656,66,934,86,772,46,1101
2657,63,941,80,827,48,1152
2658,53,1022,88,839,53,1044
2659,61,989,90,822,44,1105
2660,62,854,79,883,54,994
2661,68,940,73,834,56,1085
2662,57,944,81,810,63,993
2663,49,909,80,815,55,1053
2664,65,934,82,767,52,1070
2665,66,968,78,715,56,1051
2666,65,989,95,761,58,996
2667,63,990,82,753,50,1071
2668,70,971,76,733,71,1073
2669,57,983,70,719,64,1024
2670,63,1008,88,728,66,1098
2671,66,1008,70,708,62,1053
2672,56,1012,74,705,54,1114
2673,58,983,79,771,67,1102
2674,82,1027,79,749,61,1058
2675,68,1029,73,774,60,1066
2676,58,1046,79,769,60,1024
2677,51,1078,67,783,53,1138
2678,55,1071,94,793,46,1095
2679,59,1035,88,812,50,1160
2680,47,1066,81,816,50,1192
2681,71,1097,85,833,55,1198
2682,67,1117,83,810,66,1278
2683,70,1141,90,823,69,1295
2684,60,1131,105,842,55,1352
2685,80,1051,110,784,70,1470
2686,70,1123,106,804,77,1502
2687,73,982,99,803,64,1452
2688,59,1033,93,807,72,1435
2689,63,1043,98,850,52,1485
2690,71,1072,98,863,60,1440
2691,70,997,91,916,58,1450
2692,67,1074,107,952,55,1386
2693,75,1105,94,972,63,1499
2694,75,987,102,1008,54,1536
2695,58,1070,88,992,50,1450
2696,63,983,101,1022,48,1479
2697,54,1028,85,973,57,1360
2698,56,1025,96,972,67,1355
2699,71,1086,108,968,63,1389
2700,65,1121,105,967,55,1398
2701,75,1089,96,930,55,1437
2702,71,1139,83,926,72,1467
2703,82,1129,93,931,66,1326
2704,78,1150,102,919,65,1393
2705,84,1128,111,903,66,1450
2706,81,1092,100,867,61,1412
2707,76,1063,94,845,70,1437
2708,85,1094,95,853,83,1399
2709,65,1051,103,861,74,1394
2710,67,1040,89,855,64,1376
2711,60,1017,88,817,82,1357
2712,66,1071,100,815,74,1408
2713,72,1098,92,863,59,1360
2714,89,986,96,880,64,1419
2715,76,1067,95,925,62,1395
2716,74,1112,101,901,63,1365
2717,70,1084,98,932,55,1271
2718,74,986,95,977,70,1380
2719,76,1107,91,960,72,1373
2720,78,1088,91,965,65,1350
2721,67,1074,89,993,58,1390
2722,72,1013,100,962,55,1383
2723,80,1103,92,998,67,1426
2724,70,1086,103,948,54,1320
2725,58,1009,86,959,62,1377
2726,43,1116,82,1006,53,1335
2727,50,1137,82,992,81,1401
2728,66,1030,94,1011,68,1421
2729,46,1061,90,1056,64,1390
2730,61,989,92,991,72,1375
2731,56,1027,96,1045,55,1312
2732,65,1098,76,1044,58,1386
2733,59,1026,71,1043,49,1368
2734,58,1078,88,1075,69,1298
2735,54,1100,83,1029,62,1320
2736,63,1093,73,1015,69,1350
2737,61,1082,81,991,71,1397
2738,59,1091,83,965,69,1402
2739,55,1112,94,962,63,1384
2740,61,1159,95,962,55,1391
2741,57,1139,89,969,68,1423
2742,42,1133,75,939,52,1427
2743,50,1175,85,961,53,1397
2744,55,1180,77,949,50,1354
2745,64,1141,68,950,68,1393
2746,75,1201,82,972,58,1490
2747,70,1178,78,949,56,1476
2748,72,1166,80,958,48,1494
2749,72,1242,99,1051,59,1498
2750,66,1254,100,1032,46,1505
2751,64,1257,102,1049,50,1574
2752,75,1245,98,1084,54,1534
2753,88,1238,109,1065,49,1613
2754,76,1319,102,1029,56,1611
2755,78,1287,101,1046,46,1615
2756,76,1337,102,1074,63,1620
2757,63,1382,90,1075,54,1651
2758,76,1392,111,1094,56,1747
2759,73,1384,111,1123,59,1695
2760,83,1386,99,1113,74,1747
2761,71,1427,90,1092,62,1666
2762,66,1402,96,1153,58,1752
2763,72,1454,104,1231,71,1753
2764,71,1346,105,1249,77,1809
2765,57,1396,102,1265,63,1655
2766,82,1459,115,1343,70,1759
2767,75,1485,120,1375,66,1695
2768,75,1424,122,1382,84,1779
2769,70,1495,119,1393,94,1772
2770,84,1547,100,1419,109,1673
2771,72,1579,115,1476,83,1700
2772,75,1563,132,1483,100,1623
2773,99,1604,117,1494,109,1772
2774,82,1600,113,1462,103,1691
2775,76,1601,98,1471,91,1672
2776,90,1629,113,1488,86,1619
2777,80,1604,112,1530,95,1629
2778,80,1630,85,1523,78,1668
2779,70,1573,112,1538,75,1607
2780,68,1479,101,1487,73,1649
2781,79,1568,96,1478,68,1526
2782,76,1579,89,1473,72,1621
2783,80,1571,110,1433,63,1465
2784,76,1541,108,1418,81,1516
2785,60,1616,92,1372,76,1522
2786,63,1485,81,1375,61,1460
2787,68,1633,87,1341,72,1521
2788,66,1630,89,1405,65,1508
2789,60,1615,79,1421,63,1529
2790,65,1622,99,1394,64,1478
2791,69,1482,107,1368,61,1500
2792,72,1571,109,1379,85,1448
2793,76,1605,110,1311,72,1477
2794,76,1555,105,1333,85,1490
2795,81,1576,107,1302,93,1579
2796,71,1568,101,1331,86,1570
2797,85,1538,106,1388,108,1528
2798,92,1520,107,1358,96,1546
2799,76,1467,99,1351,93,1569
2800,74,1405,92,1408,85,1556
2801,80,1503,91,1405,89,1571
2802,81,1573,121,1398,86,1617
2803,63,1467,116,1369,77,1636
2804,67,1505,95,1352,71,1681
2805,69,1590,102,1344,85,1722
2806,69,1608,97,1355,94,1731
2807,68,1564,125,1333,99,1824
2808,79,1559,117,1321,100,1816
2809,74,1582,111,1358,103,1792
2810,76,1654,121,1303,90,1831
2811,70,1678,107,1373,95,1842
2812,71,1658,96,1409,89,1915
2813,64,1640,93,1392,81,1928
2814,82,1666,118,1496,102,1863
2815,83,1664,114,1495,100,1934
2816,77,1695,104,1533,101,1848
2817,79,1665,115,1572,115,1912
2818,93,1669,128,1606,119,1973
2819,80,1614,124,1601,89,1982
2820,88,1633,124,1634,104,1909
2821,65,1601,119,1694,99,1880
2822,70,1600,115,1657,98,1710
2823,72,1651,102,1624,86,1653
2824,87,1661,111,1694,87,1583
2825,76,1635,122,1651,85,1600
2826,84,1658,98,1636,83,1635
2827,103,1574,110,1660,79,1545
2828,98,1589,124,1630,67,1586
2829,102,1680,116,1643,78,1466
2830,95,1594,118,1644,81,1555
2831,76,1583,126,1660,69,1467
2832,91,1552,137,1713,90,1533
2833,108,1584,129,1589,106,1531
2834,88,1596,141,1653,110,1570
2835,91,1589,140,1690,96,1540
2836,73,1589,109,1617,83,1464
2837,76,1547,124,1584,80,1574
2838,68,1516,106,1520,85,1634
2839,76,1528,116,1458,90,1612
2840,72,1591,107,1446,74,1566
2841,63,1615,102,1396,78,1627
2842,60,1636,98,1420,73,1585
2843,65,1537,82,1364,79,1677
2844,72,1586,87,1319,70,1698
2845,51,1502,98,1355,62,1677
2846,53,1523,91,1337,69,1722
2847,51,1471,93,1271,81,1744
2848,66,1389,96,1245,67,1644
2849,62,1463,81,1271,68,1661
2850,70,1399,94,1297,64,1680
2851,61,1391,92,1317,67,1511
2852,74,1361,88,1256,74,1523
2853,56,1403,81,1334,68,1496
2854,46,1402,69,1331,70,1512
2855,65,1400,79,1360,72,1506
2856,64,1289,77,1296,59,1453
2857,67,1373,69,1344,72,1410
2858,48,1338,69,1324,61,1457
2859,47,1301,77,1281,60,1416
2860,58,1272,68,1264,52,1394
2861,57,1299,53,1263,42,1412
2862,56,1202,67,1297,51,1403
2863,42,1255,55,1264,52,1369
2864,38,1277,56,1239,55,1359
2865,47,1258,63,1235,42,1452
2866,47,1273,58,1248,48,1444
2867,42,1256,55,1266,59,1448
2868,47,1282,54,1312,45,1436
2869,45,1280,51,1285,57,1367
2870,39,1228,57,1233,37,1407
2871,45,1227,66,1229,61,1373
2872,45,1204,53,1219,53,1389
2873,45,1213,53,1272,44,1439
2874,64,1201,52,1248,55,1470
2875,45,1202,54,1241,48,1418
2876,60,1278,50,1185,36,1430
2877,44,1264,59,1238,46,1419
2878,48,1238,56,1223,52,1372
2879,48,1287,57,1167,53,1359
2880,45,1254,52,1112,58,1354
2881,54,1274,49,1106,50,1363
2882,36,1215,46,1140,47,1391
2883,39,1193,46,1061,44,1434
2884,42,1212,42,1003,48,1405
2885,36,1202,39,994,50,1380
2886,33,1175,36,972,31,1391
2887,34,1144,31,917,32,1337
2888,39,1110,48,954,41,1350
2889,25,1096,37,998,37,1367
2890,37,1095,33,1067,26,1336
2891,19,1112,33,1054,32,1330
2892,36,1147,39,1047,30,1310
2893,19,1129,42,1082,30,1351
2894,25,1106,33,1081,31,1268
2895,25,1069,40,1046,40,1292
2896,25,1069,47,1027,32,1365
2897,21,977,41,984,34,1322
2898,28,985,43,985,37,1365
2899,24,959,32,991,30,1326
2900,32,933,39,923,33,1348
2901,18,955,39,963,24,1245
2902,25,943,39,913,27,1328
2903,40,971,50,936,31,1317
2904,32,912,43,971,34,1279
2905,36,947,41,938,25,1371
2906,14,928,35,926,23,1328
2907,24,884,27,899,28,1359
2908,22,884,19,875,33,1292
2909,22,883,30,870,24,1322
2910,29,900,43,849,29,1195
2911,26,891,29,827,30,1218
2912,27,868,24,794,21,1189
2913,29,873,35,829,21,1260
2914,17,871,26,804,16,1160
2915,17,871,23,802,20,1210
2916,19,873,19,813,18,1183
2917,25,896,18,814,21,1210
2918,20,891,27,819,23,1187
2919,24,887,37,866,30,1198
2920,16,879,26,828,16,1172
2921,24,884,22,815,11,1128
2922,30,843,30,859,19,1090
2923,24,853,31,863,16,1170
2924,18,888,33,818,18,1046
2925,22,920,27,824,19,1107
2926,29,970,43,891,30,1120
2927,21,947,25,926,19,1193
2928,23,895,30,876,20,1198
2929,18,858,31,906,20,1323
2930,20,797,24,886,28,1280
2931,16,751,30,881,25,1330
2932,6,752,24,844,35,1291
2933,20,790,42,869,34,1342
2934,18,735,33,855,22,1283
2935,13,776,26,797,20,1277
2936,18,786,23,775,16,1251
2937,16,778,27,769,21,1314
2938,23,789,25,782,13,1235
2939,13,782,23,739,22,1261
2940,17,786,21,734,21,1320
2941,8,811,27,741,21,1327
2942,8,832,18,767,19,1398
2943,9,892,21,781,14,1412
2944,10,844,17,792,11,1357
2945,9,864,28,829,12,1424
2946,9,860,28,873,23,1403
2947,9,858,21,905,20,1455
2948,11,868,29,943,13,1387
2949,10,825,30,920,21,1398
2950,8,843,28,943,16,1509
