/Users/lukas/PycharmProjects/Dissertation/experiments/exp_train/data/_3_FALL.mov
/Users/lukas/PycharmProjects/Dissertation/experiments/exp_train/data/_2_SUMMER.mov
/Users/lukas/PycharmProjects/Dissertation/experiments/exp_train/data/_1_SPRING.mov
/Users/lukas/PycharmProjects/Dissertation/experiments/exp_train/data/_4_WINTER.mov
mode: SURF
video_frame,good_matches_1in0,all_matches_1in0,good_matches_2in0,all_matches_2in0,good_matches_3in0,all_matches_3in0
0,239,906,123,1264,24,1545
1,262,918,120,1291,35,1579
2,251,916,130,1217,29,1558
3,230,857,102,1219,20,1610
4,265,939,111,1212,28,1577
5,268,927,129,1195,31,1625
6,243,883,111,1231,24,1523
7,237,923,121,1201,35,1589
8,231,944,128,1270,30,1572
9,236,912,116,1235,24,1561
10,267,960,138,1282,38,1517
11,252,948,123,1302,15,1632
12,236,924,141,1258,29,1633
13,252,930,130,1208,31,1558
14,247,923,127,1214,31,1587
15,244,911,138,1212,27,1540
16,232,915,128,1255,39,1599
17,223,878,121,1237,33,1604
18,235,863,134,1252,27,1620
19,225,844,106,1158,32,1643
20,230,813,113,1239,24,1609
21,217,798,101,1196,22,1685
22,225,817,118,1311,31,1707
23,209,826,107,1308,26,1682
24,204,821,102,1331,28,1689
25,214,815,115,1357,33,1777
26,189,847,113,1389,29,1859
27,202,843,116,1363,25,1801
28,194,838,136,1361,34,1849
29,225,863,133,1386,32,1910
30,193,859,119,1397,35,1891
31,192,846,105,1400,22,1764
32,182,796,101,1351,34,1885
33,193,839,104,1385,35,1924
34,200,847,112,1325,45,1916
35,189,827,93,1440,37,1912
36,199,849,99,1453,38,1970
37,200,838,88,1390,32,1971
38,207,851,121,1434,29,1932
39,201,816,115,1394,34,1982
40,202,826,91,1379,35,2034
41,168,790,106,1345,33,2038
42,168,800,109,1355,35,2017
43,184,748,109,1312,32,2066
44,185,800,107,1266,30,2083
45,164,764,108,1274,27,2052
46,162,777,109,1331,41,2017
47,172,789,115,1285,35,1961
48,184,767,96,1299,31,1946
49,192,798,82,1298,36,1959
50,195,767,95,1372,39,1901
51,196,791,85,1318,39,1907
52,180,791,102,1319,40,1876
53,182,733,79,1173,32,1795
54,173,791,93,1189,32,1842
55,159,746,91,1186,30,1868
56,170,764,97,1211,34,1891
57,153,722,92,1197,29,1837
58,190,794,110,1180,34,1824
59,194,753,92,1114,29,1774
60,183,783,114,1184,27,1810
61,156,757,99,1176,35,1896
62,172,750,107,1057,26,1927
63,166,766,117,1057,23,1912
64,174,778,90,1061,30,1868
65,186,774,105,1014,31,1894
66,176,759,98,1086,33,1869
67,172,758,104,1081,40,1864
68,188,757,114,1029,27,1751
69,170,731,88,1082,43,1778
70,190,740,98,1140,37,1715
71,166,744,76,1075,38,1729
72,181,728,83,1081,41,1713
73,170,711,90,993,28,1793
74,162,662,72,1009,53,1827
75,146,646,79,965,37,1806
76,159,615,68,962,36,1837
77,167,628,88,1005,34,1939
78,183,650,83,1037,38,1923
79,183,639,77,998,46,1938
80,175,619,71,997,43,1923
81,153,598,71,976,35,1876
82,173,611,86,982,46,1929
83,154,577,66,1001,48,1922
84,140,577,65,1043,47,1921
85,135,533,63,1005,44,1952
86,128,550,63,1061,54,1963
87,152,532,79,1009,41,1921
88,149,566,69,1044,41,2010
89,152,533,69,1005,38,2048
90,144,548,78,1029,39,1917
91,163,557,66,1045,33,1883
92,154,585,80,1123,39,1963
93,142,561,80,1068,42,1917
94,142,569,73,1048,34,1898
95,158,562,73,1052,31,1925
96,150,584,101,1075,37,1915
97,171,578,104,1101,41,1912
98,174,600,95,1152,46,1870
99,167,576,69,1086,44,1913
100,179,605,79,1142,42,1878
101,161,565,69,1109,38,1789
102,189,569,95,1136,36,1803
103,165,568,77,1090,34,1716
104,152,577,81,1106,38,1760
105,155,576,65,1074,35,1755
106,150,529,63,1114,29,1758
107,160,562,62,1079,28,1719
108,165,548,69,1088,39,1766
109,172,558,83,1136,25,1753
110,176,519,66,1090,31,1759
111,168,519,99,1113,30,1753
112,167,530,75,1070,35,1782
113,151,511,52,1045,29,1723
114,152,531,74,1087,29,1761
115,136,488,43,1059,32,1694
116,146,530,55,1059,30,1764
117,143,506,72,1062,21,1707
118,130,511,54,1106,24,1670
119,135,535,64,1112,26,1669
120,142,559,60,1110,19,1664
121,138,538,53,1063,26,1597
122,125,519,67,1098,24,1622
123,130,552,66,1084,23,1578
124,134,563,57,1147,25,1648
125,118,550,53,1088,18,1644
126,139,546,47,1081,20,1575
127,122,520,52,1035,23,1603
128,121,545,49,1094,17,1589
129,137,576,61,1099,22,1654
130,148,578,58,1120,26,1623
131,147,541,46,1048,23,1610
132,137,577,44,1060,25,1592
133,146,546,52,1052,15,1585
134,128,549,43,1122,19,1515
135,130,521,55,1112,18,1543
136,138,558,51,1158,24,1586
137,153,534,66,1137,22,1552
138,136,579,57,1056,21,1579
139,137,573,57,1088,17,1556
140,127,592,47,1106,16,1553
141,122,570,47,1117,16,1504
142,131,570,45,1169,16,1537
143,136,551,61,1133,18,1618
144,123,558,46,1096,15,1606
145,132,557,53,1093,15,1548
146,125,574,38,1142,28,1544
147,122,568,49,1098,17,1594
148,123,565,46,1199,27,1607
149,132,573,40,1203,20,1659
150,118,534,48,1169,27,1652
151,133,576,47,1155,23,1679
152,138,600,64,1253,23,1631
153,126,575,49,1233,27,1666
154,150,619,44,1193,21,1631
155,129,619,43,1172,30,1573
156,138,600,52,1217,24,1618
157,152,628,54,1199,26,1599
158,168,644,61,1216,27,1639
159,173,642,53,1187,25,1641
160,162,618,62,1177,23,1603
161,185,656,53,1185,25,1672
162,178,626,52,1241,30,1710
163,194,652,64,1201,31,1739
164,189,656,58,1205,41,1774
165,185,670,65,1237,26,1788
166,188,694,69,1288,41,1713
167,175,662,65,1245,20,1817
168,170,672,59,1229,33,1855
169,180,697,58,1245,31,1811
170,176,701,59,1235,29,1780
171,160,708,55,1194,35,1853
172,156,675,58,1237,28,1813
173,154,704,55,1148,30,1779
174,156,702,58,1237,27,1784
175,153,720,62,1238,21,1755
176,149,747,59,1270,29,1822
177,143,727,59,1264,39,1861
178,124,747,55,1287,17,1762
179,137,762,55,1247,28,1849
180,154,716,46,1295,20,1804
181,131,755,61,1278,32,1814
182,131,701,86,1300,26,1798
183,113,717,52,1224,27,1783
184,126,681,58,1242,27,1696
185,126,706,41,1259,36,1761
186,111,646,46,1291,31,1723
187,115,681,39,1162,26,1764
188,94,630,31,1212,29,1766
189,79,632,44,1164,21,1780
190,100,624,41,1222,19,1820
191,105,655,39,1179,16,1905
192,88,619,45,1211,19,1835
193,80,620,40,1165,10,1829
194,87,589,23,1113,9,1787
195,91,601,45,1176,15,1703
196,94,552,38,1167,13,1730
197,77,566,20,1110,17,1727
198,63,546,35,1108,10,1689
199,68,572,28,1172,18,1705
200,66,559,33,1151,11,1689
201,84,553,55,1207,20,1717
202,69,509,50,1201,19,1656
203,71,559,30,1179,24,1707
204,57,552,25,1255,13,1739
205,66,562,28,1306,24,1725
206,68,543,29,1268,15,1770
207,72,567,50,1263,17,1796
208,67,538,33,1207,21,1859
209,63,556,36,1291,15,1795
210,71,576,33,1228,19,1908
211,72,572,61,1309,28,1860
212,58,552,43,1332,16,1887
213,77,582,47,1262,20,1845
214,74,555,33,1233,15,2011
215,61,540,53,1270,20,1980
216,61,548,35,1290,22,1920
217,74,545,48,1290,25,1957
218,75,542,49,1258,29,1986
219,65,525,33,1262,17,1870
220,66,536,36,1276,23,1947
221,66,551,36,1231,26,1966
222,71,551,31,1266,17,1894
223,63,560,40,1292,14,1906
224,60,598,29,1262,19,1892
225,69,596,36,1376,17,1949
226,55,622,30,1262,14,2009
227,69,588,51,1388,20,1987
228,52,590,42,1351,13,2055
229,57,595,46,1370,20,2061
230,66,592,46,1422,17,2074
231,63,556,44,1289,26,2053
232,61,567,41,1336,17,2021
233,70,566,43,1407,22,2000
234,68,551,54,1404,18,1839
235,54,539,39,1387,19,1888
236,54,517,38,1268,13,1789
237,67,546,51,1287,26,1841
238,60,496,34,1266,17,1927
239,59,520,39,1312,25,1837
240,61,520,42,1142,18,1858
241,50,535,40,1228,18,1882
242,49,518,28,1191,18,1864
243,77,547,48,1265,22,1879
244,73,542,51,1195,20,1902
245,63,536,36,1139,18,1849
246,67,540,49,1163,24,1819
247,66,523,37,1207,16,1897
248,57,567,44,1151,20,1875
249,61,569,29,1188,14,1905
250,70,602,48,1123,15,1798
251,63,609,42,1137,12,1915
252,66,598,36,1071,17,1933
253,69,601,35,1080,18,1862
254,75,605,40,1132,19,1984
255,73,599,42,1056,24,2003
256,67,566,40,1044,23,2051
257,74,600,43,1005,21,2051
258,73,586,29,1029,23,2102
259,66,552,39,1054,26,2114
260,73,560,39,1033,21,2118
261,56,587,37,1116,24,2126
262,61,613,49,1162,28,2100
263,63,602,51,1116,18,2113
264,57,572,40,1119,24,2053
265,62,559,48,1122,26,2075
266,71,535,64,1070,14,2013
267,68,529,45,1211,19,2024
268,79,556,49,1243,22,2083
269,63,557,46,1242,17,1988
270,65,548,39,1113,25,2053
271,60,555,37,1167,21,2014
272,64,580,44,1238,23,1993
273,73,551,52,1272,30,2004
274,76,538,50,1200,25,1988
275,66,526,37,1151,31,1983
276,64,542,44,1197,34,1980
277,63,545,33,1219,26,2037
278,60,514,36,1264,19,2033
279,66,542,32,1258,47,2070
280,75,532,42,1260,39,2071
281,82,550,38,1235,19,2068
282,98,557,44,1257,30,2064
283,82,543,41,1285,23,1971
284,78,566,46,1291,25,1990
285,86,555,45,1313,32,1962
286,84,580,47,1369,35,2111
287,77,544,42,1272,27,2088
288,77,590,35,1334,39,2161
289,106,565,54,1244,36,2073
290,87,608,41,1360,50,2150
291,103,602,42,1327,29,2274
292,89,615,46,1354,35,2170
293,97,593,37,1329,25,2126
294,95,633,52,1395,38,2097
295,90,616,39,1268,37,2121
296,91,608,46,1324,25,2113
297,92,573,49,1269,19,2008
298,86,590,53,1344,24,1934
299,90,584,54,1303,30,1883
300,89,618,51,1284,49,1894
301,77,601,54,1279,29,1807
302,81,630,45,1240,29,1745
303,82,618,53,1232,30,1730
304,84,641,48,1146,31,1684
305,86,649,48,1158,35,1725
306,100,642,53,1161,33,1697
307,96,614,58,1195,47,1624
308,86,627,42,1151,38,1586
309,65,615,49,1138,25,1612
310,84,590,39,1137,28,1585
311,77,605,50,1176,32,1732
312,97,647,41,1176,26,1695
313,72,624,43,1144,24,1715
314,75,617,26,1151,22,1666
315,87,640,31,1142,27,1674
316,82,659,49,1142,32,1705
317,77,644,38,1138,28,1679
318,85,619,45,1158,35,1707
319,83,660,49,1175,47,1661
320,77,647,41,1204,32,1657
321,102,619,49,1259,38,1656
322,107,640,44,1248,49,1559
323,100,615,40,1278,29,1684
324,100,644,49,1230,31,1696
325,95,620,51,1265,29,1632
326,106,655,47,1229,29,1648
327,114,637,38,1211,27,1674
328,117,672,39,1232,29,1676
329,134,660,46,1238,39,1686
330,133,659,39,1304,40,1753
331,132,648,43,1315,28,1735
332,121,664,48,1391,38,1687
333,138,627,41,1303,28,1645
334,127,640,53,1364,27,1664
335,116,638,43,1284,28,1659
336,119,593,55,1267,30,1661
337,117,639,54,1331,49,1716
338,126,659,46,1345,40,1739
339,119,653,39,1257,31,1780
340,141,688,55,1328,30,1758
341,144,703,53,1270,51,1765
342,138,706,41,1297,38,1816
343,160,721,45,1325,37,1836
344,136,708,42,1340,43,1813
345,120,677,38,1306,35,1803
346,140,728,61,1339,37,1812
347,131,724,57,1349,48,1820
348,144,750,62,1395,42,1808
349,146,737,41,1343,53,1803
350,136,731,64,1396,37,1897
351,139,725,62,1416,40,1912
352,155,729,56,1412,30,1904
353,122,713,43,1354,40,1939
354,142,725,53,1402,38,1924
355,155,765,48,1381,42,1924
356,153,736,56,1422,43,1822
357,149,752,55,1368,48,1884
358,160,746,58,1341,57,1909
359,150,738,57,1350,60,1953
360,166,813,49,1402,57,1896
361,162,784,63,1384,45,1861
362,166,826,59,1391,45,1882
363,164,786,69,1449,42,1892
364,161,818,62,1414,40,1817
365,148,753,59,1440,60,1872
366,149,770,46,1319,55,1894
367,154,738,44,1392,52,1834
368,150,756,39,1375,58,1815
369,148,761,45,1442,57,1879
370,142,701,56,1434,64,1857
371,142,735,36,1400,57,1841
372,137,718,49,1395,69,1875
373,160,733,59,1409,81,1863
374,156,726,60,1421,68,1909
375,162,686,55,1391,60,1978
376,158,713,67,1440,84,1904
377,164,693,65,1429,82,1955
378,183,738,75,1476,68,1926
379,177,730,80,1470,68,1881
380,164,754,65,1498,64,1824
381,187,749,87,1510,61,1805
382,184,727,63,1493,65,1848
383,175,728,51,1520,63,1789
384,178,758,58,1512,53,1860
385,179,760,46,1548,64,1837
386,195,757,58,1480,67,1872
387,181,740,52,1558,74,1817
388,189,778,53,1510,55,1892
389,187,768,58,1533,55,1858
390,190,766,58,1523,54,1913
391,190,740,68,1479,53,1881
392,207,780,66,1509,46,1932
393,203,787,62,1528,44,1913
394,200,810,79,1481,50,1834
395,194,784,61,1580,75,1807
396,193,821,59,1589,50,1851
397,180,805,62,1537,68,1838
398,183,849,59,1562,53,1920
399,172,824,71,1548,68,1865
400,178,851,69,1583,62,1884
401,176,854,78,1522,71,1911
402,177,856,48,1605,51,1941
403,183,830,53,1479,49,1780
404,186,805,69,1488,60,1838
405,190,814,70,1476,51,1721
406,169,832,70,1493,38,1772
407,171,823,72,1474,51,1692
408,154,838,57,1501,49,1742
409,165,816,63,1473,48,1720
410,156,795,47,1510,40,1777
411,164,805,59,1531,51,1812
412,153,775,72,1510,51,1727
413,172,796,45,1473,52,1759
414,166,766,43,1457,51,1822
415,166,802,50,1509,58,1869
416,171,799,47,1428,26,1808
417,172,840,52,1479,46,1785
418,206,831,47,1465,38,1839
419,185,798,55,1428,51,1836
420,199,806,40,1479,52,1883
421,192,814,48,1451,52,1913
422,187,837,52,1509,46,1809
423,201,851,66,1509,58,1802
424,182,844,59,1540,47,1789
425,184,841,60,1486,45,1773
426,197,817,59,1486,43,1824
427,193,855,52,1533,48,1860
428,174,858,57,1504,49,1806
429,191,882,64,1551,44,1802
430,184,849,50,1435,48,1824
431,190,897,50,1497,49,1698
432,180,873,59,1415,44,1629
433,185,868,79,1527,61,1729
434,178,837,76,1461,60,1728
435,197,847,93,1470,55,1683
436,165,848,72,1413,59,1606
437,181,860,66,1396,51,1706
438,171,848,68,1405,71,1739
439,207,852,71,1432,74,1720
440,201,829,76,1407,63,1745
441,192,823,67,1414,61,1752
442,195,786,68,1386,68,1668
443,187,827,62,1437,53,1665
444,193,836,65,1371,55,1668
445,204,816,60,1414,73,1698
446,197,829,68,1463,68,1709
447,191,778,55,1420,77,1753
448,194,819,62,1420,60,1800
449,199,844,64,1336,54,1758
450,177,813,56,1422,48,1764
451,190,865,61,1419,52,1818
452,195,861,62,1442,61,1839
453,207,885,66,1393,53,1809
454,190,855,63,1461,44,1794
455,217,867,64,1439,45,1726
456,214,825,58,1498,42,1703
457,178,886,62,1391,36,1704
458,199,895,94,1453,43,1697
459,209,911,72,1369,40,1636
460,208,857,85,1324,42,1608
461,204,899,90,1377,46,1632
462,183,882,78,1303,47,1617
463,202,895,92,1324,37,1596
464,204,885,86,1358,36,1561
465,225,902,92,1431,34,1581
466,207,906,68,1318,38,1534
467,207,911,71,1347,40,1515
468,168,881,72,1333,45,1554
469,182,921,76,1321,31,1550
470,196,930,85,1391,36,1495
471,170,881,82,1372,35,1498
472,199,867,74,1378,27,1555
473,190,904,93,1367,24,1580
474,185,920,92,1404,33,1668
475,204,938,81,1442,23,1626
476,183,896,88,1394,30,1629
477,185,896,83,1400,26,1587
478,177,920,105,1469,24,1631
479,181,930,83,1407,21,1612
480,168,929,104,1420,27,1628
481,162,917,101,1347,31,1667
482,159,897,94,1413,18,1673
483,139,882,92,1366,18,1558
484,130,885,79,1424,28,1636
485,149,891,82,1354,19,1669
486,144,846,97,1414,16,1683
487,143,878,84,1385,16,1636
488,157,889,118,1478,11,1654
489,143,866,109,1434,20,1656
490,131,900,86,1282,17,1636
491,117,859,67,1287,13,1695
492,138,897,95,1233,21,1571
493,117,865,77,1234,33,1585
494,99,864,68,1283,28,1704
495,106,878,93,1260,23,1703
496,104,790,72,1235,27,1651
497,111,806,60,1265,23,1690
498,80,786,81,1329,24,1699
499,70,779,62,1242,29,1692
500,97,752,64,1282,26,1733
501,105,677,62,1312,37,1711
502,100,661,63,1401,25,1687
503,97,662,84,1304,28,1682
504,119,631,83,1339,22,1747
505,117,637,77,1336,41,1747
506,110,607,83,1289,40,1693
507,120,661,85,1349,41,1756
508,109,638,58,1326,35,1730
509,116,625,80,1341,50,1737
510,105,644,80,1289,36,1747
511,99,661,59,1307,34,1764
512,99,618,79,1305,34,1679
513,107,642,68,1310,33,1674
514,95,622,49,1278,32,1617
515,97,637,51,1166,28,1518
516,107,620,63,1060,21,1533
517,90,625,67,1073,32,1487
518,102,638,69,1113,31,1403
519,83,614,62,1045,36,1545
520,81,613,45,984,28,1562
521,67,579,32,1058,21,1488
522,85,553,43,1081,27,1522
523,73,498,44,1075,24,1480
524,77,502,51,1033,34,1436
525,86,549,31,1033,26,1458
526,73,573,50,1101,30,1445
527,89,565,33,1078,34,1445
528,86,556,47,1120,40,1337
529,102,514,46,1078,41,1405
530,79,553,43,1093,44,1351
531,101,551,49,1095,43,1393
532,98,564,49,1140,41,1336
533,105,539,41,1067,30,1405
534,96,562,55,1086,37,1333
535,97,542,53,1153,43,1288
536,100,554,35,1154,39,1360
537,79,531,39,1095,35,1305
538,100,543,42,1123,30,1354
539,112,590,60,1127,33,1389
540,108,583,59,1179,30,1314
541,105,582,39,1118,31,1395
542,107,623,38,1172,39,1413
543,104,594,36,1110,34,1361
544,100,609,44,1213,34,1416
545,99,558,45,1157,44,1466
546,105,588,47,1230,29,1422
547,92,611,41,1222,28,1450
548,108,603,35,1226,46,1379
549,115,622,73,1229,46,1405
550,119,652,51,1193,60,1322
551,108,620,37,1255,63,1373
552,98,578,46,1218,46,1342
553,98,625,47,1253,42,1315
554,92,645,57,1299,61,1271
555,83,656,45,1279,51,1252
556,111,666,84,1202,45,1284
557,94,624,42,1184,51,1295
558,108,660,72,1198,49,1240
559,113,631,60,1280,37,1320
560,115,669,53,1316,43,1305
561,87,634,32,1320,34,1254
562,112,670,39,1305,44,1224
563,100,640,44,1362,35,1244
564,112,671,35,1337,53,1264
565,111,669,44,1312,39,1224
566,110,711,39,1305,31,1187
567,110,651,41,1394,32,1220
568,100,710,38,1431,39,1185
569,106,724,33,1338,55,1216
570,90,670,43,1436,56,1200
571,103,691,48,1410,80,1213
572,107,682,59,1486,39,1252
573,108,714,48,1480,54,1226
574,114,699,58,1425,46,1229
575,121,716,74,1425,54,1250
576,91,715,49,1482,45,1252
577,85,742,68,1505,52,1262
578,93,757,37,1488,43,1230
579,83,727,43,1493,45,1245
580,91,762,45,1434,43,1242
581,95,704,61,1421,37,1226
582,80,724,50,1354,42,1277
583,96,713,64,1422,44,1289
584,88,723,31,1416,50,1277
585,69,728,62,1419,74,1284
586,83,764,55,1370,47,1293
587,84,722,56,1419,66,1349
588,96,770,42,1424,68,1297
589,92,759,43,1405,53,1322
590,100,792,64,1389,48,1307
591,80,754,76,1373,35,1363
592,99,770,61,1468,39,1232
593,93,751,62,1445,38,1235
594,77,766,47,1478,52,1193
595,88,751,98,1450,39,1186
596,76,757,45,1386,33,1172
597,97,764,64,1355,37,1233
598,76,739,40,1382,36,1134
599,74,732,33,1304,22,1190
600,89,692,70,1319,49,1194
601,69,678,48,1394,32,1170
602,90,637,77,1428,41,1188
603,92,699,62,1400,29,1170
604,96,700,49,1383,34,1141
605,100,701,58,1383,39,1155
606,89,732,48,1402,76,1216
607,95,723,57,1402,67,1185
608,88,738,47,1350,40,1187
609,100,732,53,1340,34,1168
610,90,697,52,1327,39,1218
611,97,741,53,1377,51,1209
612,90,744,37,1397,51,1227
613,80,727,53,1318,60,1254
614,93,729,70,1415,43,1211
615,94,689,56,1412,60,1258
616,88,674,69,1457,60,1251
617,96,705,53,1363,53,1308
618,96,679,41,1443,47,1297
619,103,708,44,1423,49,1302
620,115,738,66,1463,52,1304
621,106,731,42,1484,50,1302
622,106,743,65,1494,47,1297
623,122,703,56,1471,51,1281
624,125,766,53,1509,64,1319
625,108,760,55,1528,48,1278
626,122,758,52,1534,57,1310
627,127,817,52,1534,57,1215
628,124,796,43,1515,43,1306
629,122,766,50,1512,53,1331
630,132,815,45,1468,44,1313
631,116,817,53,1550,50,1380
632,134,833,53,1511,47,1359
633,129,858,57,1530,50,1387
634,148,868,54,1502,56,1337
635,135,862,58,1569,62,1361
636,138,886,45,1614,52,1397
637,136,876,44,1529,47,1341
638,137,868,57,1596,56,1398
639,151,851,62,1586,38,1407
640,134,884,66,1694,49,1317
641,140,819,59,1600,28,1335
642,135,868,54,1681,45,1360
643,135,887,56,1675,32,1359
644,137,871,48,1658,42,1373
645,130,848,71,1687,49,1390
646,120,881,76,1766,46,1426
647,140,878,70,1756,60,1409
648,136,899,54,1730,56,1369
649,135,910,68,1794,62,1452
650,151,926,84,1820,71,1428
651,157,916,70,1843,59,1483
652,156,962,73,1814,53,1471
653,140,951,82,1754,72,1468
654,178,964,60,1811,51,1421
655,181,945,69,1736,76,1478
656,162,976,59,1904,65,1415
657,166,961,46,1874,62,1446
658,158,1022,70,1836,64,1311
659,162,973,75,1790,60,1366
660,165,893,77,1765,61,1326
661,178,953,59,1789,63,1314
662,162,916,62,1751,89,1397
663,152,922,81,1769,80,1387
664,181,883,60,1801,51,1423
665,175,873,70,1736,63,1440
666,176,880,52,1725,61,1440
667,160,848,60,1752,54,1413
668,140,856,62,1778,63,1434
669,134,846,58,1835,68,1468
670,135,844,58,1870,72,1492
671,149,866,57,1823,51,1497
672,121,847,63,1909,71,1482
673,136,872,65,1879,57,1453
674,146,871,51,1905,51,1440
675,144,868,67,1933,63,1389
676,143,887,60,1881,51,1411
677,123,906,61,1908,48,1373
678,145,907,54,1844,97,1298
679,131,848,52,1921,66,1331
680,153,830,60,1906,72,1335
681,148,873,52,1870,71,1406
682,160,827,45,1899,71,1395
683,143,847,72,1890,81,1368
684,138,775,70,1876,62,1394
685,160,843,75,1892,65,1452
686,149,869,72,1919,72,1401
687,164,881,78,1917,64,1441
688,173,906,78,1930,63,1435
689,180,921,72,1902,57,1386
690,200,919,66,1816,52,1462
691,183,938,68,1859,63,1452
692,167,912,57,1814,48,1437
693,184,888,61,1807,56,1405
694,192,877,61,1837,64,1462
695,165,833,65,1757,57,1482
696,172,895,71,1774,61,1463
697,203,920,65,1729,70,1461
698,186,853,65,1722,70,1474
699,188,863,50,1743,63,1490
700,175,838,74,1745,74,1453
701,159,865,53,1651,74,1376
702,183,824,42,1659,65,1459
703,182,835,67,1616,103,1440
704,179,794,61,1587,58,1361
705,144,800,69,1586,126,1298
706,135,795,53,1596,86,1352
707,163,805,60,1559,72,1307
708,148,810,55,1523,57,1354
709,141,798,50,1483,52,1342
710,148,782,51,1476,42,1391
711,151,797,86,1497,50,1340
712,166,786,71,1558,57,1354
713,165,808,81,1516,52,1332
714,154,747,80,1487,50,1361
715,150,798,70,1544,66,1405
716,142,827,93,1522,55,1337
717,159,834,72,1527,61,1332
718,167,807,77,1623,63,1371
719,186,831,95,1662,50,1375
720,159,803,60,1613,60,1384
721,178,831,72,1635,64,1410
722,183,833,74,1647,62,1406
723,187,853,70,1751,64,1402
724,195,821,91,1744,69,1402
725,207,853,80,1722,71,1353
726,219,881,70,1717,61,1389
727,205,839,57,1715,50,1429
728,213,861,58,1729,68,1360
729,197,843,82,1756,53,1438
730,206,887,63,1738,69,1416
731,209,928,62,1709,52,1409
732,209,915,64,1695,62,1395
733,222,967,68,1703,71,1474
734,209,908,87,1759,56,1424
735,198,945,83,1779,61,1477
736,209,924,108,1749,75,1445
737,201,958,78,1717,67,1558
738,217,947,83,1675,80,1593
739,220,977,91,1797,57,1560
740,221,944,88,1801,57,1465
741,209,993,64,1744,54,1554
742,222,988,87,1813,52,1509
743,193,986,93,1847,60,1500
744,210,948,88,1930,62,1407
745,191,969,85,1922,63,1469
746,208,969,89,1848,63,1479
747,198,902,103,1895,65,1475
748,213,955,96,1895,83,1379
749,220,945,99,1898,101,1493
750,227,930,94,1942,64,1461
751,211,932,81,1867,66,1391
752,199,887,88,1834,80,1465
753,202,905,93,1817,69,1467
754,205,868,85,1837,107,1444
755,190,866,98,1840,75,1462
756,202,811,88,1839,65,1388
757,221,855,75,1684,49,1429
758,215,872,91,1762,52,1435
759,208,851,76,1684,71,1377
760,215,850,73,1584,71,1335
761,202,830,77,1643,66,1380
762,181,843,83,1688,57,1400
763,215,866,95,1642,63,1344
764,199,850,87,1511,60,1273
765,182,833,85,1581,49,1385
766,188,788,63,1519,53,1263
767,206,824,100,1617,70,1315
768,194,847,93,1611,55,1258
769,203,898,91,1572,64,1345
770,198,898,95,1561,59,1306
771,172,961,85,1598,64,1302
772,213,933,92,1580,63,1310
773,178,945,103,1573,60,1285
774,183,941,107,1702,64,1248
775,172,959,98,1664,55,1287
776,177,937,140,1680,58,1308
777,175,978,112,1670,58,1264
778,147,935,116,1611,52,1243
779,156,885,102,1700,50,1232
780,162,922,95,1694,53,1232
781,149,926,84,1702,55,1275
782,134,841,91,1680,56,1222
783,133,874,97,1596,46,1201
784,149,840,84,1514,47,1234
785,152,851,82,1505,49,1252
786,138,809,96,1526,61,1263
787,139,845,78,1577,80,1268
788,128,864,71,1470,64,1236
789,146,859,73,1472,67,1192
790,143,785,94,1440,61,1202
791,150,810,89,1524,64,1191
792,172,872,84,1544,61,1203
793,179,904,82,1526,60,1193
794,165,927,72,1541,52,1191
795,171,947,117,1517,58,1159
796,180,928,92,1523,53,1104
797,178,921,78,1569,57,1051
798,142,967,99,1526,68,1094
799,195,970,99,1474,62,1093
800,213,971,94,1579,68,1113
801,215,962,102,1588,87,1085
802,216,977,117,1600,72,1111
803,196,1032,130,1536,71,1096
804,200,1034,124,1630,54,1124
805,232,1000,115,1528,76,1090
806,212,1005,108,1572,53,1153
807,221,989,112,1638,58,1138
808,231,1020,122,1631,65,1162
809,242,1050,118,1650,67,1148
810,237,1013,106,1612,52,1232
811,222,1032,109,1642,57,1222
812,222,1000,102,1654,52,1214
813,218,1005,95,1600,48,1152
814,209,946,109,1582,37,1194
815,246,930,120,1631,47,1161
816,208,969,102,1651,48,1183
817,223,969,113,1641,34,1199
818,215,944,146,1589,36,1212
819,248,943,104,1563,39,1219
820,222,910,102,1517,46,1174
821,227,935,106,1507,52,1167
822,241,906,95,1515,52,1197
823,242,888,102,1477,59,1296
824,227,876,123,1481,42,1308
825,232,888,98,1485,48,1283
826,221,874,90,1447,34,1343
827,245,925,90,1480,54,1328
828,227,850,85,1479,38,1388
829,227,895,91,1433,38,1385
830,202,894,73,1472,47,1335
831,230,910,76,1565,31,1409
832,226,913,69,1568,36,1403
833,215,910,69,1544,43,1348
834,250,953,63,1536,30,1356
835,213,971,54,1511,38,1349
836,204,948,87,1528,31,1360
837,218,970,78,1542,39,1356
838,199,1012,69,1557,55,1345
839,202,979,48,1535,38,1292
840,201,958,65,1453,25,1230
841,174,962,68,1502,49,1220
842,190,939,77,1490,41,1208
843,162,917,66,1420,32,1236
844,160,869,85,1489,41,1175
845,166,894,80,1483,34,1202
846,185,881,80,1482,35,1213
847,179,886,76,1576,32,1243
848,199,920,76,1546,32,1198
849,221,949,85,1503,33,1227
850,209,941,74,1579,24,1231
851,207,950,78,1577,28,1169
852,213,927,79,1555,28,1280
853,224,965,60,1463,42,1298
854,240,967,65,1474,39,1243
855,232,989,81,1515,38,1325
856,216,1000,71,1502,39,1245
857,226,1029,70,1562,36,1276
858,232,981,71,1534,33,1305
859,236,1007,76,1513,44,1357
860,243,972,80,1503,35,1334
861,257,968,74,1428,43,1313
862,238,957,83,1506,33,1251
863,249,955,73,1573,37,1307
864,253,966,92,1500,39,1270
865,223,948,68,1486,34,1337
866,262,944,87,1446,35,1348
867,249,983,106,1435,48,1335
868,252,914,84,1501,37,1366
869,250,878,101,1550,41,1359
870,248,906,85,1456,39,1322
871,220,900,102,1521,51,1359
872,224,866,89,1506,45,1301
873,237,897,96,1482,35,1410
874,250,862,107,1517,47,1350
875,242,855,105,1571,37,1370
876,236,901,107,1542,52,1412
877,221,939,97,1504,50,1379
878,257,901,135,1559,51,1350
879,246,924,94,1438,50,1399
880,247,896,109,1537,45,1346
881,222,920,109,1524,48,1437
882,237,971,120,1551,46,1436
883,253,942,145,1526,51,1489
884,241,958,114,1523,43,1435
885,220,901,130,1508,46,1430
886,233,975,125,1575,54,1511
887,245,927,146,1559,47,1458
888,238,919,145,1569,53,1550
889,220,908,113,1545,37,1583
890,213,940,126,1543,51,1629
891,240,971,129,1480,50,1694
892,218,938,107,1527,43,1681
893,233,1014,114,1511,45,1581
894,220,1014,108,1521,38,1626
895,227,1038,122,1595,41,1566
896,222,1019,114,1599,54,1531
897,217,1064,114,1566,30,1563
898,223,1013,105,1590,47,1566
899,227,1069,112,1522,55,1521
900,212,987,110,1573,50,1556
901,221,1053,92,1537,26,1599
902,226,1060,124,1617,29,1562
903,209,1065,109,1521,29,1604
904,205,1030,110,1581,35,1470
905,208,985,108,1407,41,1494
906,177,998,108,1485,29,1497
907,191,1004,99,1436,21,1539
908,185,977,102,1471,24,1587
909,197,978,95,1428,41,1584
910,177,899,111,1441,33,1509
911,195,894,142,1394,31,1559
912,166,904,106,1400,31,1517
913,169,881,119,1339,38,1534
914,177,831,123,1294,34,1508
915,195,912,133,1308,41,1447
916,187,915,128,1330,46,1512
917,193,906,88,1288,36,1532
918,217,909,104,1322,39,1507
919,183,957,72,1340,24,1415
920,190,921,84,1348,27,1403
921,174,909,74,1310,25,1358
922,169,886,86,1333,23,1406
923,168,911,103,1353,31,1360
924,175,891,82,1340,26,1404
925,146,910,80,1387,29,1324
926,161,868,100,1392,22,1340
927,146,873,61,1385,16,1346
928,138,877,60,1304,18,1366
929,156,893,63,1220,32,1304
930,159,909,62,1245,26,1338
931,131,887,48,1261,17,1361
932,169,872,61,1211,22,1333
933,148,888,66,1262,17,1339
934,145,890,75,1276,21,1320
935,124,837,67,1269,14,1310
936,130,831,68,1344,24,1290
937,130,801,59,1337,24,1307
938,118,783,50,1324,27,1314
939,127,805,63,1291,36,1267
940,137,767,67,1280,33,1221
941,130,820,72,1283,42,1210
942,106,759,61,1275,22,1226
943,122,762,71,1290,24,1209
944,126,758,69,1357,32,1246
945,131,819,92,1354,29,1201
946,132,758,72,1292,30,1205
947,136,741,82,1359,31,1158
948,123,720,92,1360,48,1184
949,149,828,91,1370,38,1169
950,132,806,82,1398,41,1218
951,147,879,75,1326,30,1284
952,150,836,94,1414,43,1321
953,170,869,93,1454,39,1314
954,178,887,95,1497,44,1301
955,194,921,107,1525,44,1300
956,174,856,117,1450,55,1292
957,189,895,97,1530,43,1288
958,190,853,109,1539,41,1331
959,198,947,107,1562,49,1326
960,180,920,94,1542,53,1319
961,187,826,102,1509,50,1387
962,188,852,109,1517,39,1320
963,166,850,112,1462,42,1267
964,156,897,87,1500,37,1310
965,175,889,74,1436,29,1261
966,174,898,83,1551,24,1254
967,164,773,110,1583,34,1273
968,149,811,79,1560,28,1249
969,143,810,117,1571,43,1227
970,163,829,114,1582,31,1183
971,153,764,110,1527,47,1202
972,148,793,80,1545,32,1199
973,170,744,114,1533,40,1219
974,157,835,85,1494,38,1270
975,178,787,93,1525,28,1261
976,145,798,96,1533,44,1298
977,178,739,88,1597,44,1306
978,167,747,113,1711,45,1263
979,154,751,73,1580,34,1285
980,170,768,85,1559,39,1343
981,171,760,84,1522,39,1431
982,182,782,108,1511,47,1454
983,192,798,73,1552,35,1457
984,205,832,91,1562,54,1496
985,217,850,100,1495,50,1464
986,211,840,88,1535,58,1490
987,192,790,85,1516,57,1487
988,214,827,89,1557,46,1501
989,185,827,70,1633,36,1473
990,204,795,102,1690,53,1439
991,200,790,91,1721,44,1427
992,175,762,84,1683,41,1422
993,174,760,93,1695,32,1385
994,162,720,85,1611,44,1418
995,177,732,72,1643,37,1433
996,166,712,91,1618,39,1397
997,152,759,73,1626,37,1412
998,141,735,91,1666,33,1334
999,134,693,82,1663,31,1313
1000,159,676,62,1627,32,1249
1001,142,642,72,1603,28,1257
1002,138,655,59,1656,34,1281
1003,157,677,73,1661,45,1320
1004,138,670,60,1743,31,1364
1005,163,651,76,1704,32,1345
1006,139,617,57,1647,23,1307
1007,129,629,68,1676,24,1310
1008,114,634,67,1667,25,1296
1009,132,608,70,1525,35,1314
1010,134,571,69,1575,29,1347
1011,129,548,62,1550,36,1327
1012,128,592,65,1589,47,1393
1013,124,585,54,1567,38,1392
1014,126,622,50,1537,32,1381
1015,133,609,66,1576,23,1331
1016,126,605,50,1591,25,1294
1017,122,594,80,1610,33,1274
1018,120,595,75,1635,22,1334
1019,101,581,61,1566,32,1297
1020,118,563,52,1685,19,1334
1021,102,560,58,1702,23,1337
1022,109,593,48,1604,13,1296
1023,108,598,62,1659,32,1210
1024,121,604,66,1648,33,1273
1025,126,558,49,1662,21,1286
1026,121,620,67,1610,30,1296
1027,118,647,62,1617,42,1288
1028,128,682,51,1618,22,1359
1029,119,639,69,1609,27,1336
1030,116,672,48,1724,35,1261
1031,130,637,42,1665,25,1237
1032,144,658,41,1661,28,1220
1033,140,701,34,1682,26,1154
1034,151,664,50,1690,24,1183
1035,135,627,49,1730,26,1253
1036,116,613,63,1677,39,1176
1037,137,620,47,1622,19,1222
1038,146,630,46,1567,32,1235
1039,139,606,70,1556,29,1198
1040,140,640,56,1538,42,1210
1041,135,591,64,1522,34,1186
1042,144,618,45,1500,35,1184
1043,143,623,49,1545,49,1212
1044,124,599,32,1634,24,1174
1045,133,576,51,1561,46,1170
1046,136,572,42,1593,60,1227
1047,112,617,42,1575,39,1267
1048,135,648,50,1664,39,1244
1049,151,651,47,1621,52,1258
1050,141,619,48,1574,44,1208
1051,151,634,36,1571,36,1243
1052,143,663,41,1584,38,1200
1053,128,682,40,1505,37,1115
1054,136,666,39,1557,27,1162
1055,121,633,48,1507,35,1100
1056,124,676,41,1534,32,1073
1057,139,725,45,1559,26,1055
1058,139,751,44,1518,37,1125
1059,169,707,63,1550,49,1120
1060,157,724,67,1540,49,1079
1061,163,709,59,1523,38,1084
1062,154,700,42,1610,44,1088
1063,161,758,37,1589,59,1098
1064,164,744,65,1557,56,1070
1065,138,697,44,1577,43,1026
1066,166,687,56,1599,73,1094
1067,141,762,83,1648,75,1091
1068,156,775,71,1647,58,1055
1069,176,772,57,1634,69,1110
1070,179,737,68,1647,73,1093
1071,180,744,76,1638,55,1074
1072,163,759,68,1657,54,1086
1073,188,756,68,1675,63,1071
1074,195,704,52,1688,57,1092
1075,200,731,61,1731,59,1048
1076,188,721,43,1785,34,1053
1077,175,730,59,1893,52,1073
1078,210,771,75,1861,52,1098
1079,195,736,52,1951,57,1065
1080,206,751,52,1907,51,1036
1081,198,734,58,2006,54,1049
1082,182,763,51,2046,46,1058
1083,187,774,43,2029,53,1064
1084,186,783,56,1969,52,1059
1085,203,755,53,1899,39,1088
1086,196,775,48,1903,50,1122
1087,209,794,70,1936,46,1111
1088,210,798,47,1931,47,1069
1089,216,825,38,1945,43,1096
1090,194,824,50,1878,46,1080
1091,203,811,51,1796,42,1086
1092,187,838,57,1810,57,1166
1093,180,797,49,1829,56,1121
1094,199,830,54,1817,47,1141
1095,218,794,62,1810,45,1097
1096,196,802,55,1689,46,1054
1097,189,743,44,1763,39,1032
1098,210,797,44,1749,37,1068
1099,183,741,56,1856,37,1053
1100,191,781,55,1831,54,1069
1101,204,760,43,1760,51,1088
1102,204,763,62,1761,49,1053
1103,203,772,46,1813,31,1113
1104,196,810,38,1842,37,1142
1105,189,837,32,1722,35,1137
1106,196,821,36,1782,37,1207
1107,207,816,36,1826,61,1146
1108,204,843,44,1804,66,1146
1109,205,859,38,1820,60,1179
1110,221,849,46,1836,48,1133
1111,226,870,55,1852,58,1164
1112,224,887,47,1764,47,1174
1113,215,872,49,1823,41,1252
1114,219,888,45,1711,44,1259
1115,208,925,47,1746,43,1274
1116,229,950,56,1772,62,1265
1117,247,943,46,1722,45,1258
1118,245,952,47,1739,64,1248
1119,223,930,60,1719,51,1233
1120,247,944,64,1734,71,1279
1121,232,965,65,1730,68,1238
1122,218,926,72,1787,67,1343
1123,244,900,90,1771,64,1336
1124,241,894,94,1747,75,1353
1125,239,902,87,1799,59,1370
1126,228,892,70,1736,64,1327
1127,233,855,76,1688,63,1312
1128,234,827,55,1660,83,1359
1129,211,797,72,1677,68,1331
1130,193,814,55,1719,63,1280
1131,198,781,45,1658,64,1327
1132,178,807,40,1715,59,1340
1133,200,799,43,1703,69,1390
1134,203,813,38,1759,65,1380
1135,213,830,54,1738,56,1394
1136,221,875,47,1775,64,1448
1137,178,816,47,1749,53,1456
1138,201,828,55,1846,69,1497
1139,223,796,67,1819,106,1456
1140,211,870,62,1869,87,1490
1141,217,908,41,1863,71,1518
1142,204,869,53,1884,66,1483
1143,210,890,50,1903,76,1487
1144,235,910,59,1835,64,1468
1145,249,990,80,1861,79,1446
1146,242,1005,68,1832,65,1418
1147,246,922,88,1959,80,1442
1148,257,953,69,1964,67,1382
1149,264,947,77,1952,64,1430
1150,239,992,65,1950,65,1478
1151,235,996,66,1952,49,1461
1152,241,942,60,1979,43,1457
1153,235,999,67,1953,39,1338
1154,216,927,75,1898,49,1277
1155,206,956,77,1962,29,1278
1156,176,949,60,1899,32,1298
1157,203,934,56,1847,36,1228
1158,196,916,41,1824,38,1256
1159,192,873,53,1747,29,1215
1160,183,859,73,1845,41,1290
1161,171,869,59,1871,36,1276
1162,171,801,38,1733,33,1259
1163,199,809,37,1748,27,1284
1164,192,763,54,1623,33,1321
1165,148,804,38,1662,30,1253
1166,175,808,50,1636,28,1281
1167,172,792,45,1605,23,1283
1168,161,776,44,1654,22,1235
1169,154,810,41,1627,26,1239
1170,178,827,52,1660,33,1259
1171,165,835,53,1616,28,1315
1172,172,832,42,1627,29,1281
1173,159,859,50,1672,28,1329
1174,178,827,52,1674,39,1384
1175,161,862,63,1728,40,1339
1176,163,904,52,1721,35,1386
1177,168,891,70,1744,48,1358
1178,190,893,60,1737,45,1387
1179,180,852,53,1788,41,1367
1180,178,869,43,1787,35,1383
1181,171,893,52,1806,43,1405
1182,182,862,50,1828,43,1432
1183,199,886,39,1828,36,1480
1184,163,859,35,1834,47,1528
1185,196,921,40,1829,40,1498
1186,190,960,44,1766,40,1504
1187,195,945,39,1855,38,1511
1188,191,946,58,1897,46,1549
1189,206,963,54,1800,49,1486
1190,170,933,53,1871,50,1538
1191,181,930,46,1907,62,1449
1192,165,926,47,1891,49,1426
1193,186,926,51,1903,43,1387
1194,172,909,64,1888,50,1321
1195,174,958,68,1889,40,1322
1196,191,906,61,1837,37,1348
1197,167,950,75,1773,47,1296
1198,159,881,61,1784,24,1265
1199,123,872,51,1763,22,1225
1200,138,783,52,1673,19,1229
1201,114,805,39,1690,16,1163
1202,103,782,41,1624,16,1190
1203,112,808,42,1616,16,1151
1204,120,850,46,1625,17,1190
1205,114,790,60,1647,24,1134
1206,113,828,77,1715,14,1175
1207,145,876,64,1665,15,1205
1208,133,872,52,1756,17,1203
1209,131,863,43,1696,7,1138
1210,122,868,63,1789,15,1071
1211,133,883,65,1688,10,1052
1212,121,895,67,1698,15,1002
1213,135,905,57,1677,12,1038
1214,142,888,79,1689,14,1083
1215,120,860,59,1645,12,1002
1216,135,830,73,1666,15,1041
1217,128,766,58,1684,23,1085
1218,134,838,62,1666,4,1087
1219,139,825,66,1692,11,1138
1220,155,749,77,1731,11,1126
1221,142,774,85,1676,22,1127
1222,149,771,72,1717,22,1073
1223,143,818,77,1647,18,1057
1224,149,844,75,1749,17,1076
1225,168,855,68,1732,22,1136
1226,164,811,64,1775,15,1063
1227,171,872,69,1785,16,1082
1228,158,878,81,1839,14,1111
1229,149,874,75,1821,11,1072
1230,152,823,65,1763,11,1023
1231,160,848,68,1759,15,1017
1232,161,828,84,1699,15,974
1233,161,833,47,1673,19,1010
1234,168,831,56,1686,17,1013
1235,154,852,64,1642,15,1010
1236,150,821,46,1687,15,996
1237,171,867,53,1621,9,1007
1238,181,852,61,1633,11,978
1239,175,815,66,1603,16,986
1240,186,841,82,1609,18,965
1241,187,778,42,1531,17,919
1242,167,824,62,1532,11,964
1243,187,821,67,1560,13,955
1244,174,828,55,1527,21,951
1245,186,825,61,1590,18,942
1246,176,795,59,1633,12,951
1247,166,835,59,1671,17,938
1248,173,848,59,1691,23,937
1249,193,849,66,1715,24,982
1250,175,841,71,1692,37,988
1251,177,857,64,1708,30,1029
1252,202,873,72,1708,20,1026
1253,203,890,75,1745,21,1051
1254,208,869,84,1692,20,988
1255,191,835,82,1661,34,986
1256,196,849,84,1772,33,1001
1257,223,881,79,1682,34,1024
1258,190,865,84,1774,31,1049
1259,180,878,86,1729,34,1025
1260,182,866,84,1840,33,1015
1261,183,843,72,1776,34,995
1262,195,874,71,1817,23,997
1263,174,847,63,1744,27,905
1264,173,864,59,1783,31,947
1265,181,880,68,1818,36,926
1266,189,914,73,1854,36,937
1267,180,895,75,1874,33,904
1268,193,911,65,1918,15,934
1269,167,890,45,1881,12,948
1270,173,881,46,1844,19,955
1271,178,870,52,1844,21,962
1272,155,834,56,1793,24,959
1273,175,848,55,1783,24,992
1274,148,843,51,1710,17,1068
1275,148,892,53,1808,27,1051
1276,174,866,63,1756,24,1026
1277,192,879,54,1793,15,1006
1278,140,835,30,1745,26,1062
1279,134,883,41,1823,20,1043
1280,147,894,60,1940,26,1054
1281,168,923,49,1858,29,1054
1282,167,898,43,1940,16,1123
1283,168,934,43,1859,16,1116
1284,178,931,43,1916,18,1037
1285,186,960,45,1862,12,1118
1286,180,943,50,1959,20,1026
1287,193,941,54,1898,15,1088
1288,218,987,41,1838,5,997
1289,221,971,48,1884,11,1042
1290,208,1032,37,1751,18,976
1291,193,993,60,1751,10,1002
1292,203,920,55,1784,10,978
1293,180,962,51,1706,9,1013
1294,205,892,57,1689,12,978
1295,180,926,35,1622,8,993
1296,195,895,44,1748,15,1002
1297,165,851,37,1637,24,1028
1298,161,878,24,1786,7,1000
1299,167,897,43,1659,15,958
1300,171,840,34,1608,15,943
1301,170,777,31,1581,19,939
1302,168,852,34,1575,11,864
1303,150,884,28,1573,14,857
1304,161,887,32,1525,16,876
1305,170,833,22,1548,7,834
1306,154,876,33,1564,15,826
1307,166,818,37,1426,15,867
1308,164,819,33,1490,16,808
1309,159,771,28,1440,18,865
1310,150,765,19,1547,11,851
1311,153,727,27,1534,14,771
1312,148,777,33,1366,16,822
1313,158,797,35,1399,19,841
1314,133,807,32,1292,11,873
1315,139,804,31,1332,27,868
1316,143,841,29,1261,12,876
1317,147,799,36,1324,23,908
1318,168,800,31,1198,20,909
1319,153,779,28,1259,22,932
1320,152,775,30,1229,18,905
1321,133,745,42,1270,19,934
1322,135,780,40,1272,23,926
1323,146,803,35,1178,18,920
1324,119,815,34,1227,22,913
1325,125,818,30,1203,17,913
1326,126,815,43,1277,13,878
1327,129,855,33,1260,13,934
1328,141,825,41,1318,15,886
1329,116,856,36,1340,23,855
1330,131,853,23,1333,9,861
1331,121,853,24,1378,14,871
1332,127,842,31,1365,18,850
1333,106,858,33,1352,8,815
1334,109,843,27,1389,19,827
1335,91,835,23,1409,18,836
1336,118,838,38,1399,20,857
1337,102,796,35,1388,17,814
1338,97,785,33,1366,11,835
1339,109,774,45,1363,7,857
1340,98,762,49,1389,18,826
1341,98,756,62,1372,14,834
1342,111,756,35,1385,22,887
1343,96,740,69,1355,21,883
1344,109,747,44,1350,31,846
1345,120,736,49,1351,16,860
1346,111,751,46,1373,21,868
1347,117,756,50,1341,21,860
1348,112,755,43,1382,28,856
1349,98,740,39,1408,26,917
1350,88,714,38,1431,18,924
1351,105,748,41,1437,22,895
1352,101,746,29,1435,19,852
1353,107,749,38,1381,13,894
1354,115,754,29,1312,25,834
1355,132,775,38,1376,15,855
1356,126,775,44,1413,27,876
1357,112,763,40,1381,22,931
1358,123,803,66,1428,15,941
1359,134,803,31,1400,26,898
1360,115,835,47,1442,18,851
1361,112,839,46,1462,22,902
1362,110,845,41,1447,17,858
1363,127,866,41,1438,12,927
1364,115,887,46,1391,28,934
1365,134,884,50,1366,30,934
1366,138,897,45,1455,21,956
1367,136,931,61,1434,25,994
1368,142,942,39,1434,22,994
1369,148,917,44,1409,26,931
1370,128,919,60,1448,31,934
1371,139,913,61,1422,19,981
1372,136,952,45,1420,33,972
1373,145,925,49,1498,26,1028
1374,132,924,43,1463,35,1002
1375,138,901,57,1435,25,945
1376,156,918,48,1506,26,921
1377,153,910,47,1487,18,923
1378,131,899,55,1490,22,871
1379,127,840,36,1453,32,880
1380,117,827,42,1471,11,838
1381,115,840,42,1362,14,823
1382,121,789,30,1308,18,831
1383,94,762,34,1336,16,764
1384,93,727,32,1345,13,790
1385,104,723,47,1199,10,824
1386,103,714,50,1294,20,866
1387,120,759,32,1188,21,863
1388,123,772,46,1270,19,887
1389,125,776,48,1229,24,912
1390,136,785,31,1174,22,907
1391,131,815,44,1234,23,971
1392,132,823,64,1202,15,942
1393,134,845,34,1187,19,1010
1394,148,830,55,1210,24,1062
1395,133,846,39,1154,28,1075
1396,137,897,38,1190,34,1079
1397,145,880,47,1185,20,1043
1398,132,876,43,1155,28,1063
1399,137,864,44,1221,34,1090
1400,139,837,42,1177,25,1086
1401,149,847,38,1201,33,1125
1402,163,891,40,1214,28,1180
1403,160,861,39,1246,27,1216
1404,158,940,42,1208,24,1217
1405,146,882,38,1267,21,1270
1406,151,903,44,1264,21,1306
1407,164,919,40,1304,10,1275
1408,150,891,54,1313,23,1262
1409,155,916,47,1307,25,1284
1410,180,921,52,1260,31,1325
1411,187,936,58,1287,37,1390
1412,186,894,36,1324,30,1367
1413,170,936,48,1352,26,1341
1414,179,925,49,1372,21,1375
1415,194,909,38,1276,27,1353
1416,168,945,47,1310,44,1382
1417,180,898,46,1283,30,1416
1418,154,840,26,1206,21,1343
1419,147,899,36,1247,32,1403
1420,161,874,40,1147,39,1415
1421,152,862,46,1182,27,1393
1422,160,881,39,1157,31,1452
1423,151,823,41,1125,30,1482
1424,167,873,40,1111,36,1512
1425,168,870,46,1121,19,1489
1426,151,835,34,1118,28,1492
1427,147,841,42,1104,23,1450
1428,164,815,37,1005,27,1416
1429,163,789,43,930,31,1356
1430,152,801,51,900,29,1390
1431,155,793,30,865,41,1476
1432,148,843,40,967,29,1505
1433,167,824,34,956,22,1565
1434,156,808,35,963,34,1535
1435,185,831,39,1021,27,1601
1436,192,853,43,992,47,1623
1437,177,892,35,1002,34,1560
1438,190,865,42,1051,37,1627
1439,183,878,43,1036,61,1681
1440,182,882,41,1076,49,1535
1441,186,855,41,1130,32,1594
1442,213,920,33,1178,28,1526
1443,217,898,39,1200,25,1569
1444,213,934,48,1242,30,1465
1445,195,909,34,1327,26,1506
1446,221,901,41,1243,28,1518
1447,223,905,52,1290,30,1508
1448,201,883,63,1337,42,1553
1449,191,844,61,1343,33,1564
1450,182,811,60,1289,45,1472
1451,165,802,60,1368,25,1427
1452,185,763,48,1279,38,1439
1453,153,799,50,1301,29,1341
1454,184,770,48,1255,38,1392
1455,135,735,47,1254,42,1308
1456,136,750,47,1205,44,1321
1457,153,729,44,1224,37,1358
1458,164,735,52,1160,61,1329
1459,183,706,61,1196,55,1349
1460,178,725,67,1142,60,1362
1461,178,717,61,1197,39,1336
1462,177,709,70,1148,60,1334
1463,165,708,79,1263,63,1351
1464,162,722,64,1283,51,1338
1465,176,722,55,1245,41,1243
1466,160,705,59,1232,51,1265
1467,149,712,62,1262,49,1264
1468,162,726,87,1180,51,1276
1469,168,748,59,1197,47,1208
1470,161,726,48,1166,44,1209
1471,148,678,44,1196,40,1186
1472,140,697,37,1105,35,1146
1473,141,721,31,1097,43,1281
1474,150,709,35,1247,31,1240
1475,145,727,42,1314,31,1304
1476,136,705,43,1357,29,1278
1477,147,725,59,1401,31,1341
1478,148,702,56,1419,39,1296
1479,144,745,45,1386,37,1243
1480,198,750,63,1342,32,1344
1481,185,733,71,1383,34,1299
1482,196,767,62,1336,29,1329
1483,216,757,56,1344,42,1240
1484,189,760,60,1314,38,1325
1485,192,722,49,1314,34,1267
1486,190,734,47,1260,43,1353
1487,185,723,59,1289,31,1377
1488,164,719,56,1272,32,1403
1489,175,719,61,1325,45,1375
1490,178,770,57,1332,32,1441
1491,168,759,46,1350,43,1434
1492,173,783,56,1402,48,1475
1493,203,762,43,1363,41,1464
1494,194,757,53,1347,43,1405
1495,221,785,46,1343,30,1518
1496,217,763,61,1394,40,1477
1497,224,756,50,1300,41,1564
1498,221,740,51,1259,35,1511
1499,214,753,47,1312,38,1495
1500,227,768,70,1252,41,1524
1501,255,745,66,1312,47,1460
1502,217,755,59,1218,50,1500
1503,218,775,49,1186,47,1513
1504,199,758,55,1280,53,1600
1505,235,783,54,1247,40,1615
1506,214,732,60,1216,54,1620
1507,217,748,66,1223,55,1669
1508,223,768,42,1224,50,1736
1509,236,752,50,1146,59,1699
1510,221,776,46,1238,58,1704
1511,213,752,51,1235,57,1688
1512,223,758,52,1288,59,1659
1513,198,764,66,1193,69,1556
1514,211,767,49,1233,50,1582
1515,191,726,57,1227,53,1502
1516,204,737,49,1258,54,1572
1517,225,700,63,1235,53,1613
1518,192,714,48,1252,54,1659
1519,189,700,37,1297,48,1638
1520,199,735,46,1257,56,1677
1521,208,735,48,1275,48,1621
1522,199,724,48,1326,42,1568
1523,196,774,39,1356,43,1551
1524,203,766,48,1349,50,1574
1525,224,779,62,1357,52,1520
1526,217,792,48,1392,51,1568
1527,237,801,53,1452,50,1617
1528,233,802,41,1497,41,1678
1529,229,818,55,1429,48,1612
1530,224,809,64,1524,50,1678
1531,223,808,58,1540,47,1677
1532,248,850,61,1553,49,1633
1533,230,841,69,1565,47,1605
1534,234,914,47,1565,47,1608
1535,238,963,48,1585,47,1586
1536,238,961,53,1587,41,1571
1537,252,983,61,1624,56,1598
1538,242,974,66,1648,51,1606
1539,226,972,80,1669,69,1698
1540,262,981,52,1734,52,1711
1541,272,1040,72,1730,41,1744
1542,243,1011,51,1802,45,1748
1543,244,1052,73,1776,57,1740
1544,285,1105,95,1788,53,1761
1545,299,1093,104,1825,53,1731
1546,282,1071,65,1800,51,1776
1547,312,1046,66,1847,56,1728
1548,281,1069,70,1845,62,1746
1549,255,1069,56,1788,45,1712
1550,293,1083,56,1747,51,1821
1551,242,1054,53,1770,53,1725
1552,243,1061,52,1694,52,1774
1553,237,1035,52,1716,51,1792
1554,258,993,60,1715,37,1838
1555,251,1016,70,1721,44,1802
1556,299,1038,62,1682,53,1811
1557,281,1041,61,1572,56,1759
1558,296,1034,79,1628,55,1812
1559,243,992,67,1559,46,1794
1560,251,999,57,1624,58,1851
1561,233,1006,61,1654,72,1893
1562,222,966,67,1580,59,1742
1563,239,918,52,1561,46,1685
1564,223,957,58,1542,47,1718
1565,221,925,66,1574,41,1694
1566,208,895,87,1583,41,1641
1567,216,905,60,1550,37,1617
1568,227,935,70,1548,47,1518
1569,228,920,82,1431,35,1528
1570,202,917,71,1525,31,1517
1571,206,919,67,1451,40,1531
1572,192,906,59,1498,41,1465
1573,179,916,59,1490,28,1537
1574,200,897,68,1455,31,1531
1575,200,900,84,1534,50,1576
1576,202,891,66,1480,41,1590
1577,208,928,56,1432,49,1548
1578,212,938,61,1447,41,1643
1579,195,897,83,1496,45,1610
1580,199,934,87,1560,53,1611
1581,187,883,85,1532,41,1630
1582,188,895,87,1501,44,1602
1583,161,897,75,1492,36,1654
1584,155,897,76,1537,43,1659
1585,179,902,67,1555,45,1527
1586,173,878,69,1565,41,1527
1587,162,838,47,1535,55,1544
1588,198,814,61,1509,39,1471
1589,188,829,61,1466,36,1504
1590,175,799,69,1558,41,1430
1591,167,798,69,1574,34,1430
1592,152,795,58,1510,45,1483
1593,171,789,57,1440,42,1479
1594,140,766,52,1467,47,1478
1595,159,768,47,1470,64,1472
1596,158,802,57,1388,43,1449
1597,175,814,58,1421,54,1424
1598,160,826,56,1465,55,1527
1599,160,837,55,1496,46,1539
1600,183,883,46,1443,57,1534
1601,195,856,56,1459,48,1563
1602,187,886,51,1419,42,1591
1603,187,858,56,1450,68,1577
1604,175,841,57,1431,58,1590
1605,152,847,63,1374,50,1560
1606,171,835,73,1329,47,1580
1607,166,849,63,1319,52,1525
1608,163,857,57,1304,52,1533
1609,167,845,57,1288,51,1448
1610,160,872,62,1223,46,1492
1611,146,820,64,1268,48,1492
1612,140,834,52,1234,43,1410
1613,151,812,52,1227,33,1415
1614,161,849,50,1115,39,1426
1615,187,848,42,1157,33,1371
1616,183,850,48,1129,46,1319
1617,197,859,69,1211,44,1348
1618,174,848,68,1258,45,1337
1619,189,891,69,1244,51,1314
1620,181,883,69,1285,32,1336
1621,187,930,65,1246,36,1349
1622,184,908,66,1322,42,1281
1623,167,891,60,1272,51,1291
1624,190,942,51,1333,49,1250
1625,188,967,58,1321,39,1211
1626,204,931,56,1350,39,1221
1627,175,917,51,1377,36,1264
1628,175,875,64,1330,37,1186
1629,185,894,61,1315,56,1232
1630,180,906,56,1269,75,1246
1631,198,919,63,1262,72,1169
1632,186,940,69,1326,67,1160
1633,176,922,63,1240,77,1096
1634,179,949,60,1234,55,1105
1635,180,948,55,1236,68,1037
1636,208,966,48,1284,67,1084
1637,221,962,70,1199,55,1084
1638,193,982,66,1248,46,1094
1639,178,928,63,1227,52,1079
1640,210,953,62,1338,73,1100
1641,234,977,68,1333,61,1103
1642,211,964,67,1355,51,1044
1643,221,1001,76,1354,68,1054
1644,237,1024,90,1423,73,1063
1645,245,1035,84,1480,43,1026
1646,240,1000,92,1512,47,1034
1647,229,1052,99,1472,41,982
1648,259,1060,97,1547,40,988
1649,245,1047,92,1611,44,1002
1650,249,1062,108,1603,51,926
1651,256,1087,83,1469,43,1004
1652,254,1101,101,1454,48,977
1653,254,1098,88,1437,42,1015
1654,284,1051,107,1470,46,1055
1655,273,1066,122,1491,34,1000
1656,278,1071,81,1460,44,1009
1657,268,1134,107,1494,47,1015
1658,240,1113,98,1501,54,968
1659,256,1150,88,1526,59,995
1660,261,1145,83,1454,55,984
1661,246,1164,75,1541,48,974
1662,261,1164,64,1465,51,1021
1663,272,1174,67,1515,51,985
1664,267,1143,88,1603,70,986
1665,258,1145,84,1642,58,983
1666,246,1125,82,1700,47,978
1667,267,1101,91,1677,37,1001
1668,244,1089,79,1745,51,1024
1669,247,1079,80,1750,47,1019
1670,231,1085,71,1716,44,1071
1671,252,1051,70,1676,33,1035
1672,245,1063,64,1733,44,1071
1673,259,1083,83,1735,54,1050
1674,238,1071,86,1747,51,1076
1675,229,1100,66,1712,52,1068
1676,265,1126,83,1650,53,1144
1677,259,1127,80,1656,57,1192
1678,232,1154,75,1679,41,1114
1679,254,1114,58,1690,32,1053
1680,222,1090,70,1661,44,1044
1681,209,1045,76,1703,37,1024
1682,215,1030,64,1614,40,991
1683,222,1054,65,1657,44,1016
1684,244,1074,55,1670,46,1025
1685,241,1070,74,1699,36,1032
1686,234,1028,82,1704,50,1008
1687,229,1075,64,1727,44,1041
1688,233,1061,63,1731,41,993
1689,230,1096,66,1684,47,1076
1690,238,1063,56,1660,54,1014
1691,231,1067,69,1695,49,1009
1692,224,1076,61,1652,35,989
1693,235,1072,61,1671,36,1018
1694,227,1043,79,1707,39,1014
1695,239,1026,70,1642,35,1047
1696,203,1020,63,1724,37,1013
1697,221,1050,70,1780,35,1050
1698,225,1075,79,1795,49,1015
1699,226,1099,77,1801,41,1060
1700,246,1112,91,1825,45,1085
1701,245,1112,84,1797,57,1093
1702,247,1123,74,1780,40,1047
1703,261,1142,78,1825,52,1054
1704,273,1162,97,1830,57,1049
1705,262,1150,91,1847,63,1050
1706,276,1172,95,1784,61,1041
1707,236,1130,81,1852,63,1017
1708,248,1123,68,1772,54,1051
1709,241,1103,82,1786,42,1044
1710,227,1098,79,1758,33,1046
1711,215,1077,70,1807,42,1028
1712,225,1129,74,1785,49,1028
1713,231,1142,67,1711,45,1053
1714,237,1169,88,1796,43,1035
1715,246,1128,76,1859,61,1083
1716,242,1213,74,1750,62,1097
1717,239,1147,71,1811,70,1065
1718,226,1235,91,1784,63,1108
1719,240,1227,95,1809,66,1120
1720,223,1273,61,1718,44,1124
1721,233,1271,79,1777,56,1141
1722,264,1275,76,1784,46,1123
1723,265,1236,73,1766,67,1191
1724,256,1245,78,1747,69,1212
1725,256,1227,81,1680,79,1187
1726,236,1260,88,1635,85,1177
1727,253,1247,91,1618,71,1164
1728,249,1248,78,1616,65,1146
1729,257,1225,86,1615,70,1159
1730,285,1321,89,1628,90,1131
1731,284,1292,96,1609,89,1169
1732,266,1282,98,1632,74,1160
1733,251,1267,91,1629,78,1186
1734,287,1264,91,1593,72,1078
1735,256,1255,90,1596,68,1067
1736,254,1230,112,1612,69,1022
1737,243,1254,92,1602,56,1095
1738,256,1196,107,1627,60,1113
1739,250,1202,96,1577,52,1076
1740,249,1151,94,1570,48,1113
1741,244,1102,97,1482,65,1096
1742,240,995,106,1544,71,1096
1743,240,1029,89,1530,68,1023
1744,221,982,101,1516,64,1048
1745,194,952,94,1431,70,962
1746,199,949,86,1469,53,999
1747,192,913,73,1438,44,963
1748,182,935,89,1400,52,1000
1749,200,904,88,1396,43,969
1750,201,965,75,1376,53,1019
1751,171,901,58,1396,54,960
1752,192,933,74,1428,83,1014
1753,184,905,80,1467,65,1051
1754,206,927,79,1523,51,1042
1755,196,912,72,1529,61,1019
1756,186,951,80,1501,39,1075
1757,175,955,75,1526,44,1058
1758,199,962,67,1529,39,1076
1759,197,970,81,1546,36,1056
1760,183,956,76,1581,55,1091
1761,215,945,72,1604,50,1081
1762,192,935,81,1624,57,1093
1763,202,932,79,1626,55,1133
1764,217,973,76,1664,56,1085
1765,225,1005,84,1706,54,1137
1766,227,974,99,1742,49,1114
1767,214,955,69,1658,53,1154
1768,195,930,63,1735,42,1109
1769,204,938,64,1746,33,1078
1770,211,945,72,1743,28,1087
1771,203,927,59,1727,46,1077
1772,192,936,66,1736,40,1079
1773,195,915,76,1746,46,1096
1774,200,889,73,1661,54,1132
1775,194,815,105,1743,52,1120
1776,173,810,65,1713,42,1172
1777,159,764,81,1717,46,1142
1778,162,773,59,1698,42,1166
1779,153,732,67,1656,41,1072
1780,143,727,37,1622,31,1074
1781,155,733,34,1642,35,1047
1782,135,703,45,1677,33,1036
1783,146,694,61,1663,46,1102
1784,144,700,52,1641,33,1083
1785,168,714,83,1688,42,1117
1786,169,739,78,1667,25,1121
1787,158,711,69,1685,29,1117
1788,169,736,61,1738,32,1123
1789,169,748,68,1686,32,1141
1790,142,764,61,1702,38,1113
1791,163,741,105,1594,36,1131
1792,194,779,74,1583,29,1103
1793,182,741,76,1626,38,1119
1794,186,768,99,1559,52,1099
1795,148,726,85,1565,38,1102
1796,164,695,50,1457,32,1033
1797,158,666,58,1432,36,1081
1798,156,691,50,1503,39,1107
1799,162,694,65,1490,43,1046
1800,160,752,65,1424,43,1069
1801,151,714,69,1455,50,1107
1802,151,679,61,1424,28,1038
1803,152,676,73,1394,46,1053
1804,127,661,73,1348,40,1074
1805,124,633,67,1303,35,1070
1806,118,650,63,1287,41,1075
1807,129,661,71,1286,31,1033
1808,109,615,62,1283,55,1073
1809,129,633,72,1313,33,1082
1810,121,629,74,1298,35,1130
1811,137,648,78,1265,49,1156
1812,120,641,68,1214,41,1150
1813,124,654,63,1270,42,1108
1814,126,660,72,1356,32,1182
1815,142,670,79,1409,39,1160
1816,139,708,60,1378,39,1108
1817,118,686,63,1378,33,1110
1818,119,677,53,1406,62,1095
1819,115,684,58,1384,38,1153
1820,121,656,68,1352,36,1121
1821,119,672,69,1392,36,1083
1822,125,682,66,1380,44,1063
1823,121,686,57,1392,27,1057
1824,125,685,69,1393,25,1009
1825,114,690,69,1457,25,1057
1826,110,715,77,1442,31,1049
1827,102,716,57,1452,29,1028
1828,137,717,72,1462,30,993
1829,128,717,65,1484,36,1033
1830,143,751,99,1500,51,1045
1831,145,729,76,1527,58,1054
1832,121,743,63,1587,57,1112
1833,139,728,66,1624,43,1109
1834,147,727,79,1563,73,1103
1835,151,717,62,1581,62,1115
1836,145,696,74,1555,58,1068
1837,141,722,90,1598,75,1127
1838,143,756,75,1595,85,1001
1839,134,746,92,1598,89,1045
1840,143,761,63,1536,80,1012
1841,149,794,79,1463,68,1070
1842,162,718,51,1440,52,999
1843,149,717,57,1352,62,1012
1844,128,696,61,1359,27,1027
1845,118,683,43,1271,20,1008
1846,123,674,53,1254,22,1079
1847,118,692,45,1251,20,1112
1848,128,652,45,1264,24,1150
1849,133,640,41,1215,25,1094
1850,125,644,41,1277,19,1056
1851,125,665,30,1240,22,1078
1852,115,686,46,1284,20,1081
1853,114,713,54,1327,30,1142
1854,119,722,36,1292,30,1152
1855,111,705,26,1292,33,1161
1856,114,698,31,1307,30,1212
1857,115,687,35,1349,28,1192
1858,122,706,31,1383,28,1171
1859,112,700,32,1273,22,1182
1860,128,716,36,1295,24,1197
1861,131,707,38,1309,33,1188
1862,136,705,43,1355,25,1161
1863,146,698,62,1407,31,1253
1864,137,682,45,1419,36,1236
1865,135,697,52,1415,23,1225
1866,126,674,47,1419,31,1227
1867,123,638,48,1475,25,1238
1868,125,663,51,1406,32,1210
1869,116,651,45,1455,22,1246
1870,119,643,46,1449,27,1191
1871,119,639,39,1457,26,1214
1872,108,584,32,1438,23,1203
1873,108,594,42,1491,29,1240
1874,114,577,43,1439,35,1180
1875,110,607,48,1496,37,1252
1876,106,601,39,1426,34,1227
1877,106,625,54,1438,31,1324
1878,106,628,42,1308,32,1282
1879,89,623,35,1311,33,1311
1880,104,645,50,1307,38,1294
1881,117,628,54,1305,51,1344
1882,125,635,59,1300,52,1340
1883,110,648,61,1254,35,1344
1884,122,631,51,1337,49,1325
1885,112,629,52,1359,38,1244
1886,106,616,57,1375,34,1189
1887,110,643,57,1373,24,1204
1888,99,672,47,1433,28,1198
1889,90,668,58,1454,31,1144
1890,111,665,51,1478,40,1191
1891,131,683,57,1450,30,1181
1892,121,686,44,1367,43,1222
1893,120,723,45,1378,46,1274
1894,133,693,70,1353,45,1245
1895,128,696,70,1309,37,1274
1896,126,665,72,1285,53,1236
1897,132,648,68,1295,52,1250
1898,119,664,53,1319,61,1237
1899,131,670,67,1295,42,1173
1900,135,674,79,1347,42,1236
1901,120,672,67,1345,52,1239
1902,99,618,49,1226,34,1181
1903,113,632,59,1176,35,1212
1904,101,594,42,1127,35,1234
1905,113,652,45,1094,36,1195
1906,117,625,48,1039,43,1224
1907,119,621,58,1075,51,1243
1908,124,605,61,1070,38,1237
1909,122,606,67,1112,48,1231
1910,128,597,65,1090,40,1179
1911,113,591,56,1095,40,1169
1912,121,609,66,1098,34,1154
1913,113,591,67,1071,39,1149
1914,112,608,76,1104,40,1133
1915,116,615,67,1093,50,1202
1916,128,612,74,1109,50,1159
1917,136,646,64,1099,66,1199
1918,127,638,69,1124,54,1176
1919,120,601,62,1135,56,1211
1920,134,650,65,1131,31,1215
1921,132,641,68,1169,58,1234
1922,139,610,60,1189,50,1109
1923,119,687,52,1238,53,1172
1924,144,657,61,1165,58,1183
1925,154,723,70,1214,61,1191
1926,131,698,58,1243,53,1207
1927,129,658,73,1218,62,1232
1928,129,675,77,1226,53,1209
1929,153,678,63,1260,55,1172
1930,144,692,78,1255,68,1216
1931,150,742,60,1178,61,1237
1932,147,700,69,1243,67,1229
1933,161,723,77,1243,74,1246
1934,151,753,81,1268,68,1330
1935,179,771,78,1241,64,1271
1936,177,766,85,1221,61,1305
1937,186,788,87,1217,72,1275
1938,176,777,66,1200,76,1315
1939,208,781,73,1258,92,1308
1940,203,748,65,1199,77,1332
1941,206,797,50,1261,85,1282
1942,179,806,62,1343,87,1324
1943,161,766,67,1328,76,1294
1944,182,844,64,1343,72,1269
1945,170,853,79,1228,93,1307
1946,200,815,67,1304,77,1298
1947,188,854,75,1253,76,1280
1948,200,905,85,1228,82,1313
1949,196,777,84,1273,98,1318
1950,182,840,69,1249,81,1282
1951,160,808,78,1292,78,1297
1952,179,795,90,1261,88,1266
1953,203,828,79,1235,92,1328
1954,193,835,74,1245,92,1316
1955,211,861,70,1220,97,1376
1956,209,843,80,1173,93,1344
1957,212,845,86,1236,88,1373
1958,218,829,79,1192,107,1382
1959,211,786,95,1236,91,1387
1960,219,798,90,1182,118,1348
1961,208,822,84,1278,94,1337
1962,206,823,73,1243,93,1313
1963,228,842,78,1256,115,1267
1964,216,816,84,1310,100,1309
1965,211,837,95,1339,91,1347
1966,213,831,84,1410,96,1297
1967,229,869,89,1404,113,1375
1968,214,840,89,1416,107,1285
1969,225,869,116,1482,130,1387
1970,232,900,126,1539,125,1385
1971,252,910,115,1532,125,1409
1972,233,889,119,1528,128,1347
1973,227,876,103,1496,130,1434
1974,220,896,118,1502,126,1411
1975,209,839,110,1519,140,1480
1976,188,854,100,1406,110,1460
1977,198,795,76,1414,115,1383
1978,184,815,84,1380,127,1416
1979,198,855,92,1319,132,1433
1980,210,810,78,1289,119,1410
1981,197,841,91,1285,125,1498
1982,199,873,107,1298,125,1477
1983,214,854,98,1288,106,1530
1984,179,848,74,1285,100,1541
1985,204,844,78,1311,116,1445
1986,209,871,88,1310,117,1517
1987,209,872,77,1265,136,1467
1988,176,894,74,1383,94,1504
1989,215,929,91,1444,115,1526
1990,207,907,106,1447,118,1556
1991,237,902,128,1494,129,1557
1992,221,982,101,1508,127,1554
1993,229,947,110,1486,131,1599
1994,228,961,137,1472,127,1522
1995,259,927,131,1538,127,1619
1996,243,968,148,1487,120,1642
1997,258,940,153,1599,138,1615
1998,245,975,153,1580,131,1596
1999,248,959,149,1622,140,1662
2000,222,1009,137,1655,139,1672
2001,243,957,146,1585,127,1641
2002,216,969,149,1655,121,1633
2003,236,955,149,1644,130,1693
2004,208,1023,126,1697,111,1681
2005,204,993,125,1631,119,1700
2006,190,1004,120,1666,106,1601
2007,206,1010,150,1684,98,1685
2008,198,1003,143,1700,110,1734
2009,190,938,124,1718,94,1659
2010,183,940,95,1699,90,1693
2011,174,899,98,1674,93,1715
2012,169,919,109,1761,83,1664
2013,145,956,92,1706,96,1691
2014,144,925,77,1701,87,1634
2015,162,927,101,1576,88,1698
2016,161,885,87,1585,90,1650
2017,162,905,90,1539,95,1691
2018,176,930,94,1578,75,1678
2019,174,960,94,1586,92,1661
2020,178,924,85,1570,84,1705
2021,200,979,94,1569,87,1786
2022,211,968,78,1598,96,1715
2023,212,997,95,1520,103,1787
2024,194,975,96,1548,95,1708
2025,207,1016,108,1566,89,1725
2026,223,986,93,1625,94,1647
2027,225,995,108,1642,95,1702
2028,211,965,90,1776,79,1648
2029,216,1005,83,1772,82,1715
2030,215,1039,92,1804,86,1637
2031,198,973,76,1764,81,1742
2032,190,1006,65,1851,69,1633
2033,186,961,75,1812,81,1727
2034,174,987,81,1832,86,1625
2035,179,977,67,1897,82,1674
2036,197,1017,84,1841,86,1597
2037,211,1060,84,1883,77,1701
2038,214,1084,76,1825,90,1608
2039,226,1050,73,1906,85,1658
2040,238,1094,66,1946,92,1709
2041,231,1053,80,1877,109,1673
2042,217,1075,63,1807,102,1639
2043,222,1058,69,1847,103,1658
2044,219,1072,89,1873,109,1580
2045,203,1043,66,1893,114,1563
2046,240,991,78,1851,105,1502
2047,243,1010,97,1902,121,1447
2048,218,1014,82,1882,133,1463
2049,240,1004,91,1863,113,1457
2050,234,1035,92,1884,113,1417
2051,245,1015,78,1849,104,1453
2052,242,1074,74,1887,119,1445
2053,247,1047,93,1831,114,1380
2054,231,1014,70,1902,116,1454
2055,216,1021,86,1862,111,1421
2056,216,1009,74,1851,99,1430
2057,205,956,67,1839,94,1384
2058,217,962,64,1816,107,1408
2059,212,981,75,1808,114,1434
2060,231,936,45,1770,126,1456
2061,212,992,61,1736,112,1376
2062,219,950,77,1793,104,1341
2063,204,971,52,1746,96,1339
2064,222,994,62,1702,104,1298
2065,225,1020,57,1768,92,1377
2066,219,1045,66,1774,107,1392
2067,234,1076,89,1812,109,1462
2068,236,1038,74,1760,114,1490
2069,228,1036,76,1833,118,1452
2070,231,1031,72,1771,131,1531
2071,237,1014,54,1855,103,1526
2072,231,1077,69,1780,124,1482
2073,246,1024,56,1866,135,1495
2074,220,1106,61,1782,118,1509
2075,229,1079,71,1813,115,1525
2076,239,1106,77,1851,114,1487
2077,242,1082,53,1828,114,1452
2078,233,1029,62,1799,119,1463
2079,237,1074,58,1806,121,1482
2080,227,1054,76,1740,134,1457
2081,234,1011,71,1749,122,1512
2082,212,1027,67,1705,116,1466
2083,244,1047,78,1774,122,1449
2084,210,1046,85,1804,101,1436
2085,247,1035,69,1740,103,1476
2086,219,1077,92,1785,126,1442
2087,230,1089,73,1734,133,1489
2088,220,1058,76,1725,104,1408
2089,206,1062,71,1716,97,1467
2090,198,1053,77,1651,126,1435
2091,211,1065,69,1573,122,1473
2092,176,983,101,1555,120,1417
2093,189,1018,93,1451,109,1466
2094,191,949,69,1446,108,1481
2095,189,974,65,1450,105,1437
2096,169,921,72,1413,89,1437
2097,176,901,75,1318,111,1314
2098,172,918,71,1337,107,1300
2099,180,922,66,1286,98,1334
2100,170,916,71,1350,95,1237
2101,189,958,78,1308,109,1303
2102,194,900,65,1407,104,1330
2103,176,960,101,1374,110,1404
2104,190,967,70,1439,130,1401
2105,180,926,91,1510,119,1446
2106,196,980,85,1513,115,1411
2107,197,982,83,1492,100,1393
2108,179,990,84,1413,106,1400
2109,185,954,94,1447,88,1409
2110,172,976,67,1416,87,1434
2111,172,938,67,1434,95,1360
2112,175,951,54,1465,92,1432
2113,178,941,71,1483,78,1379
2114,185,941,65,1517,96,1390
2115,155,931,64,1410,71,1331
2116,152,902,69,1397,78,1352
2117,138,933,88,1325,73,1367
2118,154,903,65,1285,61,1377
2119,147,876,58,1190,74,1303
2120,156,869,64,1183,78,1377
2121,126,792,64,1137,61,1406
2122,135,793,67,1146,66,1422
2123,114,757,46,1085,63,1354
2124,130,753,55,1186,79,1375
2125,137,726,61,1147,87,1371
2126,127,724,50,1229,64,1361
2127,150,726,56,1241,65,1404
2128,135,751,54,1299,60,1474
2129,136,771,72,1305,67,1521
2130,116,758,82,1324,70,1496
2131,134,825,75,1366,70,1501
2132,124,806,62,1319,77,1549
2133,133,767,63,1344,88,1517
2134,135,778,60,1353,91,1529
2135,123,711,65,1412,94,1474
2136,115,731,67,1413,82,1548
2137,116,745,58,1385,79,1595
2138,127,749,76,1455,95,1621
2139,145,763,74,1450,87,1691
2140,133,758,74,1383,83,1685
2141,132,695,101,1387,77,1621
2142,108,713,70,1371,81,1516
2143,109,709,60,1408,72,1582
2144,117,723,53,1339,82,1624
2145,134,743,65,1345,86,1658
2146,138,749,73,1288,95,1665
2147,131,796,76,1298,91,1640
2148,141,804,78,1279,96,1651
2149,136,805,93,1261,109,1680
2150,144,834,86,1271,94,1719
2151,153,894,80,1238,88,1675
2152,167,880,78,1293,104,1702
2153,168,908,72,1236,95,1594
2154,171,910,62,1243,83,1537
2155,157,936,84,1281,78,1566
2156,146,967,84,1350,66,1568
2157,145,981,96,1361,87,1632
2158,171,985,85,1409,76,1593
2159,155,1006,73,1465,78,1686
2160,136,1034,78,1511,76,1688
2161,167,1076,85,1467,73,1700
2162,174,1069,75,1495,83,1624
2163,147,1077,69,1463,69,1699
2164,158,1057,81,1458,68,1722
2165,157,1046,71,1441,71,1689
2166,162,994,80,1505,77,1646
2167,140,1008,70,1461,77,1662
2168,119,944,70,1446,75,1585
2169,107,912,72,1359,69,1663
2170,103,859,61,1397,77,1605
2171,106,810,60,1281,73,1571
2172,118,797,55,1317,84,1560
2173,127,781,64,1312,82,1629
2174,126,773,43,1165,89,1541
2175,135,863,41,1226,74,1551
2176,151,848,56,1174,68,1586
2177,159,878,77,1121,94,1594
2178,148,898,51,1102,91,1554
2179,149,900,45,1113,80,1629
2180,186,930,62,1178,79,1572
2181,170,957,57,1188,85,1574
2182,147,908,73,1251,93,1564
2183,137,855,57,1216,85,1599
2184,154,882,70,1233,82,1618
2185,174,874,68,1270,77,1627
2186,157,887,70,1287,80,1566
2187,162,872,63,1317,75,1627
2188,160,930,48,1282,70,1671
2189,169,887,73,1299,74,1617
2190,163,955,64,1300,73,1496
2191,153,949,68,1309,72,1555
2192,146,937,67,1298,70,1568
2193,135,976,66,1295,44,1500
2194,163,1032,50,1285,59,1535
2195,160,986,54,1258,59,1462
2196,160,910,59,1255,59,1484
2197,147,887,50,1217,50,1507
2198,135,877,51,1181,77,1518
2199,122,837,56,1098,59,1475
2200,134,859,49,1085,56,1419
2201,143,814,41,1119,55,1325
2202,141,866,44,1116,65,1268
2203,154,867,60,1017,48,1288
2204,136,849,52,1055,40,1294
2205,134,826,63,985,39,1246
2206,144,849,66,1004,49,1181
2207,163,845,66,1030,57,1185
2208,151,844,61,949,47,1137
2209,158,806,73,972,41,1120
2210,143,828,71,975,46,1073
2211,149,823,76,925,48,1040
2212,153,811,58,987,48,949
2213,162,809,59,979,49,952
2214,144,784,61,970,43,920
2215,150,792,57,1030,37,964
2216,148,787,70,1037,39,916
2217,141,788,72,1067,36,935
2218,122,804,73,1087,28,949
2219,151,827,82,1068,47,881
2220,153,842,77,1086,52,856
2221,145,876,74,1069,36,825
2222,145,859,80,1090,45,868
2223,171,873,90,1098,53,875
2224,164,877,83,1121,48,828
2225,149,843,84,1062,43,814
2226,147,880,68,1045,39,835
2227,131,874,77,997,42,784
2228,124,829,60,989,37,771
2229,123,856,69,1005,38,784
2230,121,884,76,945,26,833
2231,123,856,67,1004,22,877
2232,129,855,72,1036,28,880
2233,107,847,60,1062,28,866
2234,119,867,56,1057,39,841
2235,128,872,67,1053,34,867
2236,115,856,66,1012,47,863
2237,101,890,68,1017,35,821
2238,107,900,58,971,31,831
2239,107,906,63,990,34,779
2240,94,942,51,988,28,794
2241,78,903,50,941,23,757
2242,95,885,68,908,19,766
2243,92,885,68,973,17,735
2244,91,890,56,929,23,738
2245,90,888,51,941,16,759
2246,92,898,62,916,25,760
2247,96,865,61,926,15,777
2248,107,880,52,902,19,757
2249,127,881,59,960,19,770
2250,109,880,53,902,22,801
2251,111,913,39,947,20,819
2252,87,874,49,972,17,761
2253,82,873,48,947,10,820
2254,77,870,44,882,15,779
2255,76,818,45,894,13,712
2256,74,837,47,916,10,748
2257,84,866,55,912,8,692
2258,88,826,65,925,12,684
2259,96,799,45,919,11,639
2260,88,780,63,881,13,690
2261,91,734,54,908,13,705
2262,89,762,70,881,14,673
2263,105,737,54,843,15,670
2264,95,729,38,875,16,664
2265,95,719,43,869,13,682
2266,79,648,52,849,14,699
2267,83,649,36,837,16,722
2268,87,623,32,762,13,672
2269,94,652,57,793,15,625
2270,86,650,45,779,18,677
2271,82,615,46,775,9,695
2272,72,642,40,767,22,760
2273,68,610,46,799,18,765
2274,72,592,25,843,18,806
2275,77,599,30,765,14,892
2276,68,610,33,819,14,896
2277,75,644,35,819,23,940
2278,84,608,32,872,18,1034
2279,71,645,17,861,16,1070
2280,77,644,30,903,13,1121
2281,96,662,29,887,17,1212
2282,80,665,24,879,12,1232
2283,87,654,25,913,13,1232
2284,74,710,28,894,23,1290
2285,65,690,20,903,9,1288
2286,64,734,34,899,10,1356
2287,82,724,40,832,14,1244
2288,89,690,30,820,13,1245
2289,94,720,43,789,18,1308
2290,95,660,48,843,23,1341
2291,106,742,39,896,22,1247
2292,92,728,32,935,20,1306
2293,117,776,41,914,16,1261
2294,98,767,47,942,22,1221
2295,102,796,47,958,23,1262
2296,118,819,32,954,9,1227
2297,100,807,39,930,11,1321
2298,91,830,34,977,15,1247
2299,83,854,37,971,15,1266
2300,108,805,47,1031,10,1205
2301,112,903,44,1179,13,1271
2302,124,928,31,1180,14,1244
2303,109,880,41,1219,11,1290
2304,128,960,42,1149,19,1274
2305,99,931,46,1180,19,1196
2306,111,988,44,1184,8,1165
2307,119,1008,46,1221,16,1209
2308,124,1015,53,1238,17,1182
2309,129,1042,49,1203,14,1143
2310,107,1066,45,1333,6,1124
2311,128,1075,53,1367,13,1125
2312,118,1092,44,1425,17,1145
2313,128,1065,61,1474,13,1130
2314,123,1098,56,1556,13,1080
2315,115,1079,55,1567,10,1123
2316,122,1131,47,1487,16,1113
2317,108,1127,66,1493,15,1117
2318,101,1174,53,1521,10,1136
2319,92,1153,47,1530,21,1123
2320,117,1124,68,1531,14,1137
2321,90,1090,55,1488,11,1178
2322,118,1084,39,1437,10,1096
2323,114,944,58,1323,13,1120
2324,124,998,53,1299,12,1125
2325,144,953,68,1293,13,1141
2326,137,922,63,1249,12,1074
2327,115,886,46,1240,6,1021
2328,111,978,50,1294,12,1055
2329,125,925,49,1280,7,1024
2330,128,911,51,1292,9,1024
2331,139,918,46,1251,4,991
2332,142,939,49,1243,15,973
2333,145,889,55,1179,11,967
2334,144,842,54,1174,13,910
2335,147,836,60,1104,16,851
2336,150,867,50,1148,20,832
2337,159,816,62,1099,29,841
2338,146,875,62,1106,15,779
2339,170,804,73,1113,23,820
2340,173,858,71,1081,16,829
2341,161,857,61,1065,26,807
2342,164,845,73,1082,25,822
2343,145,813,65,993,16,793
2344,160,782,62,996,23,840
2345,167,798,48,985,26,783
2346,149,786,58,949,18,830
2347,134,788,59,1004,27,865
2348,143,771,53,977,21,834
2349,136,819,52,1003,12,828
2350,152,854,46,976,13,824
2351,154,851,38,1036,11,805
2352,158,830,44,982,6,804
2353,130,835,52,971,9,792
2354,133,800,57,964,13,780
2355,106,769,65,967,15,836
2356,111,764,39,957,14,779
2357,90,679,40,952,4,759
2358,102,710,50,912,13,763
2359,95,684,31,848,7,741
2360,94,668,49,864,10,698
2361,83,662,45,887,8,687
2362,97,635,35,927,7,673
2363,74,640,36,909,11,679
2364,83,674,43,982,9,681
2365,71,674,37,904,6,667
2366,91,672,38,970,5,685
2367,78,685,44,975,6,693
2368,73,649,39,940,6,696
2369,67,650,30,973,5,685
2370,54,627,40,1021,10,705
2371,54,652,43,955,4,715
2372,56,627,28,924,7,668
2373,61,635,40,901,9,669
2374,61,586,43,833,15,704
2375,68,581,39,808,9,757
2376,63,563,32,880,12,782
2377,65,572,25,814,9,812
2378,51,573,25,802,16,839
2379,54,544,21,729,13,854
2380,60,525,29,767,13,852
2381,60,549,34,738,11,917
2382,50,536,30,807,8,919
2383,56,549,31,820,19,911
2384,61,544,29,833,17,931
2385,66,536,32,810,14,921
2386,63,551,32,807,13,947
2387,60,508,51,846,4,944
2388,56,514,33,848,9,938
2389,54,505,36,829,15,986
2390,49,502,33,852,10,977
2391,58,500,29,834,10,999
2392,58,552,30,862,8,1007
2393,63,582,40,908,6,1011
2394,59,611,30,911,17,1058
2395,63,562,33,965,6,1039
2396,61,572,46,1010,18,1097
2397,54,598,43,1075,17,1046
2398,67,586,37,1087,12,1101
2399,69,600,35,1149,19,1089
2400,76,571,39,1222,13,1154
2401,77,601,24,1209,12,1134
2402,76,615,46,1183,14,1094
2403,82,641,46,1301,14,1162
2404,88,636,39,1250,15,1108
2405,74,647,39,1244,17,1175
2406,89,639,72,1324,10,1158
2407,102,617,59,1349,22,1213
2408,107,656,51,1309,23,1177
2409,82,683,40,1307,21,1242
2410,94,660,46,1226,23,1222
2411,82,574,59,1239,23,1277
2412,86,610,50,1218,36,1263
2413,98,638,50,1199,24,1300
2414,92,623,77,1152,25,1251
2415,92,600,67,1186,20,1301
2416,116,620,56,1211,23,1286
2417,95,597,52,1184,26,1272
2418,106,577,67,1192,26,1292
2419,99,611,49,1190,23,1236
2420,76,582,54,1221,33,1291
2421,98,599,51,1192,29,1235
2422,93,617,39,1266,34,1324
2423,92,582,56,1249,37,1246
2424,73,590,41,1298,32,1303
2425,85,585,51,1273,39,1252
2426,99,614,53,1313,42,1256
2427,96,609,66,1374,40,1306
2428,113,644,76,1367,36,1329
2429,126,610,77,1416,40,1415
2430,108,582,62,1445,32,1418
2431,95,610,68,1389,31,1405
2432,100,626,70,1461,40,1396
2433,108,638,71,1530,33,1355
2434,109,649,59,1446,36,1381
2435,119,632,76,1428,26,1361
2436,97,612,56,1452,22,1381
2437,90,636,63,1439,30,1320
2438,109,648,81,1413,27,1347
2439,94,673,77,1498,21,1291
2440,98,685,59,1467,15,1396
2441,97,719,67,1465,25,1453
2442,103,735,67,1563,25,1483
2443,97,719,59,1532,9,1501
2444,90,761,45,1570,17,1542
2445,112,764,63,1614,17,1595
2446,92,751,48,1590,20,1575
2447,95,791,41,1610,20,1603
2448,123,751,69,1644,25,1654
2449,117,699,55,1610,32,1611
2450,135,765,55,1643,20,1675
2451,131,786,66,1662,35,1630
2452,119,812,64,1678,30,1676
2453,112,770,59,1514,34,1652
2454,112,723,80,1579,29,1663
2455,126,758,59,1641,38,1620
2456,125,779,60,1605,34,1659
2457,142,744,63,1638,40,1668
2458,142,733,89,1685,38,1708
2459,128,670,57,1570,40,1677
2460,134,671,59,1633,37,1730
2461,122,661,58,1644,32,1589
2462,121,671,56,1532,25,1567
2463,112,667,43,1546,28,1588
2464,98,612,40,1444,21,1563
2465,113,657,49,1532,34,1557
2466,99,656,48,1431,28,1526
2467,92,647,41,1420,41,1617
2468,122,656,33,1418,14,1552
2469,119,695,60,1386,20,1636
2470,112,673,51,1442,24,1493
2471,125,679,41,1368,22,1571
2472,98,660,53,1438,20,1589
2473,104,641,45,1448,23,1588
2474,101,656,32,1466,20,1519
2475,103,639,41,1474,16,1555
2476,109,668,40,1466,13,1487
2477,110,676,39,1493,16,1518
2478,101,636,48,1423,20,1566
2479,125,636,54,1480,23,1473
2480,114,667,66,1534,25,1540
2481,109,651,55,1544,35,1576
2482,85,639,56,1524,23,1490
2483,88,612,56,1401,15,1485
2484,74,615,47,1342,26,1447
2485,73,596,52,1304,26,1415
2486,85,551,51,1245,21,1464
2487,84,565,53,1213,18,1413
2488,76,591,40,1070,14,1321
2489,76,581,52,1066,21,1358
2490,91,585,57,968,15,1327
2491,83,591,41,970,22,1376
2492,83,588,40,909,19,1302
2493,116,608,58,933,27,1344
2494,82,572,43,870,26,1301
2495,92,619,46,879,22,1331
2496,89,635,47,939,27,1269
2497,84,621,65,988,29,1296
2498,96,645,48,948,34,1274
2499,120,627,64,989,32,1325
2500,90,625,60,986,42,1270
2501,104,641,63,1019,45,1314
2502,110,663,61,1043,38,1222
2503,119,685,60,1062,28,1334
2504,104,673,51,1085,35,1286
2505,122,711,71,1095,28,1327
2506,147,732,89,1132,20,1350
2507,152,736,89,1074,50,1341
2508,165,745,77,1119,34,1391
2509,149,746,77,1133,45,1346
2510,130,788,65,1138,47,1476
2511,140,783,84,1163,43,1404
2512,167,788,77,1190,49,1428
2513,151,759,69,1091,49,1502
2514,163,798,91,1153,45,1457
2515,144,827,94,1163,61,1451
2516,153,821,92,1179,43,1430
2517,157,836,101,1186,47,1453
2518,169,852,73,1233,62,1473
2519,140,882,73,1231,52,1472
2520,145,871,91,1277,53,1448
2521,146,878,105,1277,50,1525
2522,143,866,96,1301,71,1478
2523,141,902,96,1291,72,1526
2524,135,886,103,1317,65,1459
2525,144,891,118,1229,73,1514
2526,161,970,125,1281,69,1472
2527,173,974,104,1233,46,1593
2528,151,922,102,1226,56,1624
2529,183,951,79,1271,61,1708
2530,168,932,99,1277,64,1641
2531,176,966,101,1269,90,1753
2532,156,944,99,1160,74,1792
2533,148,934,104,1083,68,1693
2534,136,942,111,986,71,1710
2535,158,970,86,942,61,1585
2536,152,1025,98,967,93,1661
2537,145,1065,84,981,55,1690
2538,157,1052,84,945,75,1794
2539,158,1034,109,999,64,1684
2540,160,1043,119,1022,73,1738
2541,174,1108,118,987,79,1629
2542,157,1034,115,972,64,1741
2543,142,1032,94,987,68,1702
2544,171,973,125,1010,68,1795
2545,159,980,107,952,59,1709
2546,165,967,115,968,70,1837
2547,136,887,116,993,76,1818
2548,145,882,117,974,77,1946
2549,138,866,105,918,64,1903
2550,158,872,116,981,62,1892
2551,161,873,97,917,54,1788
2552,164,839,111,934,57,1848
2553,163,865,127,940,64,1873
2554,154,837,125,878,66,1934
2555,121,773,114,857,62,1913
2556,138,800,132,808,70,1853
2557,129,814,100,786,59,1711
2558,135,858,121,798,74,1756
2559,123,832,89,825,71,1712
2560,126,784,102,839,63,1631
2561,136,813,91,858,71,1585
2562,118,772,81,831,32,1588
2563,117,846,83,858,45,1602
2564,135,857,80,870,49,1470
2565,124,832,61,873,34,1452
2566,119,921,71,953,30,1465
2567,128,900,68,931,41,1496
2568,137,955,80,1013,48,1511
2569,149,936,77,1097,49,1557
2570,172,1031,110,1110,41,1585
2571,157,1018,82,1111,31,1536
2572,152,1046,101,1240,36,1633
2573,147,978,99,1236,35,1636
2574,160,1056,85,1289,33,1756
2575,174,1027,86,1271,35,1775
2576,193,1116,83,1320,36,1828
2577,169,1057,75,1273,33,1906
2578,181,961,87,1249,55,1900
2579,184,981,103,1262,40,1949
2580,181,1002,83,1225,35,1859
2581,170,917,102,1197,49,2047
2582,180,946,92,1242,57,1960
2583,138,903,74,1192,60,1927
2584,185,892,86,1217,62,1972
2585,171,822,85,1160,44,1832
2586,167,845,73,1134,67,1945
2587,141,822,80,1123,85,1841
2588,148,845,62,1111,45,1896
2589,152,858,93,1119,49,1794
2590,152,838,93,1061,51,1857
2591,137,808,79,1024,45,1853
2592,145,766,75,1001,56,1914
2593,142,805,75,999,42,1852
2594,123,711,65,972,65,1677
2595,105,697,67,945,53,1699
2596,127,705,78,937,62,1645
2597,100,686,81,863,57,1660
2598,112,713,82,915,44,1640
2599,128,746,67,904,58,1801
2600,123,725,93,967,61,1737
2601,130,729,79,918,65,1801
2602,117,733,75,996,40,1650
2603,132,704,98,1013,67,1652
2604,123,719,81,983,50,1632
2605,127,722,83,972,55,1730
2606,117,767,96,968,59,1816
2607,133,788,88,1048,74,1799
2608,155,848,105,978,86,1709
2609,121,838,70,1012,63,1791
2610,165,819,75,1005,63,1686
2611,146,815,95,973,87,1727
2612,145,824,92,1007,66,1691
2613,163,831,118,1010,79,1637
2614,154,845,81,958,47,1755
2615,158,824,95,972,65,1755
2616,152,848,81,998,66,1738
2617,141,836,65,1053,62,1643
2618,157,894,81,1092,70,1659
2619,161,878,91,1064,72,1650
2620,169,846,105,1056,62,1588
2621,179,900,133,1065,76,1649
2622,166,891,76,1055,77,1555
2623,160,948,92,1116,71,1596
2624,162,888,82,1119,80,1596
2625,154,956,77,1091,77,1559
2626,156,891,88,1121,64,1514
2627,165,933,84,1025,77,1463
2628,141,883,77,1103,68,1495
2629,144,908,74,1053,77,1402
2630,146,852,73,1164,72,1430
2631,132,924,74,1113,71,1470
2632,142,940,82,1154,77,1422
2633,144,970,82,1132,74,1395
2634,156,906,104,1216,94,1359
2635,156,967,92,1146,89,1395
2636,121,940,56,1174,97,1375
2637,155,954,98,1156,89,1405
2638,148,905,92,1134,65,1345
2639,144,906,70,1043,73,1359
2640,127,873,86,1077,56,1329
2641,124,890,64,1059,66,1248
2642,131,858,53,1047,58,1312
2643,136,881,70,1049,56,1317
2644,141,898,69,1072,59,1299
2645,139,857,74,1024,75,1357
2646,125,899,61,988,66,1289
2647,126,854,71,959,73,1223
2648,113,828,57,946,45,1254
2649,107,878,62,939,57,1168
2650,107,835,66,914,57,1187
2651,102,803,65,898,61,1171
2652,104,716,48,862,58,1149
2653,121,785,85,881,59,1141
2654,118,730,59,834,65,1143
2655,110,694,51,848,73,1031
2656,118,717,54,883,66,1058
2657,104,747,54,871,65,1063
2658,131,758,44,865,67,1034
2659,118,754,55,922,85,1068
2660,130,679,60,894,78,991
2661,143,732,68,930,75,1000
2662,118,705,56,901,89,1019
2663,116,692,44,955,77,997
2664,141,705,67,924,83,1008
2665,115,723,54,911,72,980
2666,129,716,65,895,78,933
2667,109,718,45,878,77,868
2668,118,712,53,883,81,901
2669,112,693,43,862,71,868
2670,125,704,55,866,78,874
2671,120,720,41,894,68,891
2672,117,710,49,895,69,866
2673,119,725,59,898,74,973
2674,138,728,49,870,89,945
2675,148,733,55,883,86,942
2676,125,729,53,868,100,1011
2677,120,743,44,905,85,993
2678,138,783,62,869,93,1033
2679,139,737,52,934,83,982
2680,149,775,55,977,91,1018
2681,154,753,58,982,90,1053
2682,151,786,54,1002,79,1078
2683,145,781,49,970,87,1022
2684,149,787,54,1035,89,1041
2685,162,787,63,1030,81,1011
2686,156,797,50,1085,81,1034
2687,162,743,50,1044,93,1045
2688,144,793,61,1079,79,1057
2689,151,795,57,1035,93,1028
2690,148,801,55,1049,84,1010
2691,140,754,53,1083,93,988
2692,140,797,55,1053,89,1027
2693,160,814,64,1079,75,1004
2694,140,760,50,1092,67,1015
2695,159,839,62,1074,92,975
2696,147,793,49,1072,82,1045
2697,147,805,38,1014,81,975
2698,168,814,69,1019,83,1033
2699,140,801,51,986,83,997
2700,146,822,50,999,87,1017
2701,152,854,68,1067,73,1072
2702,139,863,48,1051,84,1051
2703,149,819,49,985,105,1042
2704,141,796,72,1018,95,1017
2705,146,781,46,1056,83,1016
2706,121,782,55,1026,85,1032
2707,152,779,70,1031,79,1040
2708,147,752,69,1024,94,1038
2709,144,761,72,1013,90,1065
2710,144,785,53,1026,91,1027
2711,128,782,64,1032,98,1052
2712,129,801,82,1072,89,1055
2713,125,786,70,1001,99,1038
2714,132,746,70,1047,87,1060
2715,126,793,64,1012,92,1023
2716,145,795,69,985,103,1017
2717,142,778,60,961,79,999
2718,132,746,79,1009,84,1009
2719,130,811,51,993,83,1044
2720,124,830,43,992,79,1048
2721,137,774,65,981,102,1067
2722,149,751,72,985,97,1005
2723,146,783,58,967,84,1058
2724,143,750,63,937,83,1046
2725,139,723,49,970,84,1067
2726,145,787,70,941,88,981
2727,151,778,60,945,100,1015
2728,159,750,64,934,81,999
2729,161,755,84,976,74,993
2730,165,719,49,963,84,997
2731,153,723,56,936,72,1022
2732,153,744,49,966,81,1049
2733,151,749,57,962,65,1054
2734,155,761,68,920,73,1026
2735,172,747,75,939,68,1055
2736,166,730,70,957,73,1047
2737,172,768,57,981,67,1039
2738,152,726,36,956,77,1110
2739,176,771,59,970,92,1135
2740,174,823,40,928,72,1186
2741,186,790,71,973,73,1132
2742,171,794,42,980,54,1167
2743,203,811,73,985,91,1267
2744,191,831,70,959,71,1214
2745,186,807,57,1012,71,1232
2746,165,841,43,1047,83,1261
2747,165,825,44,1042,84,1236
2748,171,870,54,1067,72,1315
2749,203,869,64,1065,82,1245
2750,206,869,67,1041,78,1277
2751,187,845,52,1069,88,1312
2752,188,844,55,1032,81,1225
2753,222,813,65,1051,97,1251
2754,202,830,60,1069,90,1262
2755,190,862,55,1077,93,1355
2756,196,859,63,1131,83,1271
2757,218,888,65,1135,87,1334
2758,224,866,63,1151,96,1361
2759,241,876,86,1155,100,1406
2760,222,876,72,1156,111,1349
2761,242,884,64,1081,90,1277
2762,237,876,71,1124,96,1351
2763,234,891,61,1098,104,1331
2764,238,860,63,1167,94,1274
2765,244,884,68,1122,89,1366
2766,253,918,62,1182,98,1342
2767,249,927,69,1148,95,1386
2768,256,893,53,1170,102,1352
2769,226,943,48,1142,81,1368
2770,239,924,56,1107,97,1385
2771,247,947,61,1168,89,1425
2772,219,950,57,1106,105,1371
2773,225,967,60,1161,115,1432
2774,255,951,71,1166,111,1437
2775,227,998,49,1191,97,1423
2776,237,984,61,1144,90,1438
2777,244,990,72,1133,100,1421
2778,252,1013,59,1195,84,1501
2779,246,991,66,1140,89,1443
2780,230,971,48,1160,76,1463
2781,213,998,65,1172,70,1451
2782,236,1005,72,1190,52,1440
2783,220,1055,58,1139,77,1411
2784,218,1029,80,1160,78,1376
2785,229,1087,59,1162,84,1383
2786,225,1033,72,1113,97,1480
2787,255,1123,74,1149,80,1438
2788,243,1163,65,1141,102,1507
2789,220,1191,66,1176,87,1477
2790,220,1131,63,1173,84,1400
2791,201,1094,74,1140,79,1466
2792,212,1133,61,1049,99,1377
2793,192,1107,59,1060,82,1427
2794,189,1086,102,1063,81,1351
2795,196,1054,83,1068,86,1373
2796,211,1091,99,1000,71,1451
2797,206,1103,61,991,88,1384
2798,191,1053,85,1005,77,1457
2799,191,1015,54,1013,79,1451
2800,215,978,80,1034,68,1347
2801,166,944,75,1075,80,1329
2802,165,950,61,1011,75,1347
2803,177,946,69,1055,82,1363
2804,181,953,76,1089,84,1424
2805,210,998,76,1064,83,1456
2806,209,1043,87,1154,90,1451
2807,227,1052,106,1139,77,1471
2808,211,1021,79,1149,88,1526
2809,205,1037,88,1133,77,1451
2810,205,1045,78,1162,98,1519
2811,213,1073,94,1198,79,1552
2812,202,1050,111,1227,82,1601
2813,210,1048,61,1212,106,1625
2814,188,1057,68,1196,84,1512
2815,190,1061,67,1251,92,1575
2816,171,1048,56,1217,105,1573
2817,204,1028,114,1264,83,1421
2818,187,1052,79,1287,91,1478
2819,195,1060,67,1262,82,1398
2820,207,1064,89,1221,90,1455
2821,197,1070,87,1208,80,1431
2822,203,1042,80,1199,81,1429
2823,182,1019,89,1162,87,1420
2824,178,1022,95,1162,85,1361
2825,188,1038,90,1136,102,1370
2826,179,1024,89,1180,84,1339
2827,164,998,87,1145,84,1396
2828,180,1050,82,1199,101,1409
2829,188,1039,90,1157,74,1392
2830,179,1012,91,1170,95,1427
2831,191,1044,79,1135,97,1431
2832,183,1023,106,1167,100,1425
2833,205,1035,105,1107,91,1398
2834,177,1052,98,1127,90,1400
2835,177,1014,97,1143,85,1319
2836,189,982,91,1110,76,1319
2837,168,972,91,1163,68,1320
2838,208,954,112,1167,81,1268
2839,195,959,95,1165,72,1213
2840,189,979,84,1133,66,1144
2841,199,1001,104,1172,70,1192
2842,195,970,77,1143,54,1134
2843,201,928,78,1171,58,1141
2844,190,965,102,1195,57,1092
2845,198,980,85,1256,59,1140
2846,196,991,83,1236,60,1135
2847,205,936,84,1260,75,1237
2848,196,909,90,1214,68,1211
2849,168,909,97,1211,65,1248
2850,222,891,94,1129,66,1233
2851,198,904,78,1064,67,1227
2852,225,909,85,1122,58,1255
2853,217,941,75,1066,50,1298
2854,203,917,73,1109,55,1255
2855,201,872,88,1064,64,1326
2856,177,792,80,1035,62,1315
2857,173,845,68,1004,71,1343
2858,181,842,86,1040,50,1341
2859,159,801,116,1038,49,1320
2860,170,807,83,995,49,1362
2861,162,784,88,1024,60,1345
2862,172,791,79,1042,53,1311
2863,163,809,88,990,44,1321
2864,174,835,85,1031,39,1228
2865,159,845,84,1070,51,1300
2866,167,845,74,1065,39,1313
2867,174,838,75,1078,42,1299
2868,174,833,81,1040,42,1298
2869,171,806,81,978,42,1234
2870,190,819,79,1038,37,1258
2871,181,812,81,1046,37,1276
2872,184,836,86,1081,40,1269
2873,177,822,67,1065,40,1268
2874,182,833,91,1037,28,1240
2875,183,833,78,1016,42,1210
2876,163,863,80,993,35,1129
2877,172,823,90,994,40,1137
2878,174,848,69,969,36,1112
2879,187,865,81,981,34,1065
2880,167,836,92,974,38,1081
2881,150,840,88,976,33,1018
2882,164,831,80,1020,48,1048
2883,147,832,93,1025,37,983
2884,140,854,64,987,27,1004
2885,120,851,74,973,34,915
2886,142,816,83,1004,39,912
2887,140,833,71,1025,36,857
2888,146,838,89,1030,28,861
2889,123,805,77,1021,30,798
2890,117,799,91,1049,35,797
2891,114,799,68,1027,26,797
2892,118,803,76,1026,27,804
2893,129,814,69,1021,29,820
2894,127,816,67,1003,29,763
2895,124,837,52,1049,36,783
2896,115,832,67,1018,41,763
2897,122,844,61,1090,23,737
2898,118,840,71,1085,20,705
2899,133,848,74,1122,23,724
2900,132,844,66,1167,24,701
2901,148,837,78,1081,17,733
2902,127,831,72,1099,26,721
2903,122,845,90,1112,29,769
2904,128,839,74,1068,29,759
2905,129,833,73,1099,23,799
2906,128,812,78,1060,31,723
2907,107,804,55,1117,29,743
2908,125,772,62,1072,23,716
2909,124,757,62,1077,21,720
2910,118,734,90,983,18,705
2911,101,714,63,1009,19,723
2912,104,722,63,948,18,717
2913,121,728,67,962,15,689
2914,115,743,76,936,21,682
2915,126,755,62,956,21,650
2916,121,777,64,1000,34,692
2917,102,763,42,948,28,691
2918,104,762,59,954,14,699
2919,106,747,59,960,13,634
2920,130,740,57,952,20,672
2921,121,717,58,969,13,677
2922,114,682,69,937,16,671
2923,126,736,78,978,17,634
2924,100,736,60,936,13,616
2925,94,746,69,937,17,572
2926,113,732,72,950,18,600
2927,96,756,56,1002,17,596
2928,94,764,62,1022,22,615
2929,95,727,84,1031,22,639
2930,85,681,65,1047,24,654
2931,86,703,63,1042,22,647
2932,77,657,74,1004,19,684
2933,64,644,59,1054,21,680
2934,80,648,75,1029,18,677
2935,103,699,62,1078,19,702
2936,89,698,93,1064,21,665
2937,84,710,102,1091,17,670
2938,103,678,95,1055,18,646
2939,92,743,94,1111,24,648
2940,91,770,72,1109,20,655
2941,96,801,90,1116,25,690
2942,92,806,89,1165,13,680
2943,102,827,101,1107,18,707
2944,94,831,67,1108,19,688
2945,94,781,89,1144,15,721
2946,119,791,99,1108,19,708
2947,90,819,95,1196,18,747
2948,75,791,94,1143,15,728
2949,89,779,101,1191,20,736
2950,82,739,85,1236,14,702
