/Users/lukas/PycharmProjects/Dissertation/experiments/exp_train/data/_4_WINTER.mov
/Users/lukas/PycharmProjects/Dissertation/experiments/exp_train/data/_2_SUMMER.mov
/Users/lukas/PycharmProjects/Dissertation/experiments/exp_train/data/_3_FALL.mov
/Users/lukas/PycharmProjects/Dissertation/experiments/exp_train/data/_1_SPRING.mov
mode: AKAZE
video_frame,good_matches_1in0,all_matches_1in0,good_matches_2in0,all_matches_2in0,good_matches_3in0,all_matches_3in0
0,9,635,10,624,5,935
1,7,613,7,639,5,904
2,10,622,13,620,9,943
3,9,584,7,613,10,939
4,8,593,8,605,9,934
5,5,585,8,584,10,925
6,5,576,10,572,8,948
7,5,592,11,552,7,950
8,5,594,11,578,7,994
9,9,606,11,584,9,939
10,3,608,9,564,10,978
11,6,603,12,544,15,961
12,9,587,10,572,14,965
13,2,584,9,564,13,946
14,3,584,12,565,13,973
15,2,589,9,555,11,955
16,5,585,19,562,18,1003
17,6,578,16,546,14,1000
18,5,577,14,526,12,1053
19,4,562,10,519,13,1000
20,6,570,16,535,18,1095
21,6,553,10,545,15,1071
22,7,577,11,537,8,1160
23,9,580,9,538,9,1168
24,4,583,10,565,13,1160
25,3,576,12,565,13,1182
26,8,583,10,557,24,1154
27,8,581,17,556,15,1172
28,8,591,9,567,21,1189
29,5,580,11,558,11,1175
30,8,588,17,563,18,1198
31,11,584,16,550,17,1202
32,4,570,16,548,18,1142
33,10,569,14,555,21,1184
34,9,585,13,569,16,1135
35,5,580,18,560,23,1217
36,10,589,10,580,15,1205
37,11,562,13,583,15,1203
38,7,566,19,581,19,1199
39,8,562,16,573,20,1190
40,11,570,15,574,20,1232
41,13,561,16,582,20,1196
42,8,577,17,578,17,1208
43,12,567,19,580,24,1154
44,10,570,18,603,23,1160
45,12,586,16,595,20,1146
46,12,587,17,599,29,1150
47,12,583,16,602,33,1127
48,12,588,15,608,29,1100
49,6,592,10,604,26,1103
50,3,589,12,605,22,1111
51,7,597,11,605,23,1077
52,8,590,13,643,21,1049
53,9,573,13,654,16,961
54,7,587,13,627,19,977
55,8,572,17,648,21,963
56,12,555,12,639,22,943
57,9,543,16,651,11,898
58,13,568,14,642,15,893
59,4,553,10,629,14,889
60,10,548,6,626,11,897
61,10,560,6,656,11,892
62,4,564,8,656,10,871
63,8,582,6,661,12,877
64,4,569,12,661,12,858
65,8,574,10,647,13,837
66,7,596,13,626,15,861
67,10,596,11,634,16,835
68,10,582,12,644,20,822
69,14,555,14,653,19,863
70,13,557,17,641,17,872
71,11,546,16,626,21,858
72,14,536,14,649,23,837
73,12,531,13,625,22,758
74,11,505,14,606,21,815
75,15,494,16,564,24,826
76,19,481,23,563,25,829
77,17,487,17,557,18,859
78,12,482,19,548,19,854
79,21,454,18,545,15,806
80,25,479,21,530,16,831
81,19,465,28,533,22,819
82,16,447,19,526,26,843
83,16,436,24,529,19,845
84,19,450,19,514,17,853
85,14,450,13,509,15,852
86,15,444,19,503,23,879
87,13,427,14,519,18,867
88,10,433,14,499,17,887
89,13,425,18,501,16,883
90,14,432,15,494,9,908
91,9,441,13,496,16,889
92,8,440,11,491,19,942
93,12,440,12,505,17,914
94,11,457,12,504,16,878
95,10,457,12,497,15,885
96,8,463,14,504,15,912
97,9,447,18,527,19,918
98,9,462,18,528,19,949
99,7,466,13,512,24,903
100,6,463,14,494,21,923
101,9,468,16,508,26,923
102,11,491,17,519,23,937
103,10,474,16,508,18,915
104,13,478,16,506,26,913
105,17,461,24,495,21,877
106,14,467,14,492,15,891
107,19,486,17,481,17,893
108,20,484,17,480,15,887
109,16,488,12,473,21,889
110,17,452,17,480,13,871
111,12,446,14,473,12,902
112,11,453,16,475,14,878
113,11,458,16,482,13,868
114,10,458,10,472,10,884
115,16,451,12,478,13,873
116,10,462,9,481,12,855
117,20,449,13,510,15,903
118,18,447,13,500,15,929
119,15,460,14,498,16,869
120,12,463,12,499,15,862
121,8,466,9,488,12,846
122,10,456,6,493,14,861
123,6,455,9,508,21,874
124,6,472,5,502,7,918
125,16,455,12,505,19,881
126,13,466,10,511,12,876
127,15,448,18,497,16,846
128,14,454,12,510,9,881
129,12,454,10,519,12,853
130,9,457,11,499,12,906
131,15,462,15,515,11,889
132,10,479,14,520,13,899
133,11,479,9,537,9,894
134,9,481,14,544,17,894
135,10,484,4,550,16,904
136,8,496,10,557,16,933
137,13,482,16,570,23,952
138,9,497,12,549,18,904
139,8,499,10,550,7,920
140,13,498,15,546,19,927
141,13,500,12,550,16,941
142,15,506,16,539,14,985
143,8,501,13,555,17,967
144,13,502,14,563,17,987
145,13,498,13,557,16,961
146,16,520,16,570,13,1007
147,9,503,11,554,19,1006
148,14,513,13,592,19,1074
149,12,500,10,591,17,1069
150,8,491,13,588,21,1021
151,8,512,18,577,20,1025
152,16,522,16,579,11,1043
153,5,528,13,585,16,1053
154,9,525,12,588,11,997
155,5,536,11,621,10,1005
156,6,530,12,614,16,1031
157,7,526,15,595,19,1028
158,14,545,13,574,16,1031
159,11,538,16,581,14,959
160,10,541,14,598,17,1016
161,11,557,14,611,16,1038
162,11,535,15,605,16,1045
163,6,548,11,627,15,1001
164,5,548,11,610,20,1022
165,7,550,10,615,20,999
166,12,548,14,612,20,1044
167,10,547,19,614,22,1044
168,8,537,10,595,26,1022
169,13,547,14,590,26,1063
170,9,536,18,599,19,1041
171,13,532,12,606,24,1043
172,10,540,19,612,22,1061
173,16,566,16,600,20,1048
174,14,562,20,598,26,1091
175,8,564,12,631,23,1078
176,12,594,15,668,21,1067
177,5,580,16,673,19,1061
178,10,577,14,652,23,1072
179,7,571,10,656,16,1060
180,8,573,10,678,27,1081
181,4,587,16,663,13,1086
182,11,567,11,643,20,1066
183,8,564,11,634,15,1043
184,6,526,7,626,12,1098
185,5,551,11,631,13,1060
186,10,537,12,619,21,1106
187,4,526,10,591,14,1036
188,2,508,7,575,12,1049
189,5,532,12,583,15,1018
190,3,525,12,577,16,1055
191,6,529,11,583,12,1017
192,7,519,9,562,17,992
193,8,522,10,588,17,1007
194,5,513,14,587,16,994
195,7,519,10,596,15,1033
196,12,498,8,611,18,1054
197,8,506,7,628,15,1033
198,2,478,11,633,16,1044
199,1,496,9,624,22,1077
200,2,492,10,601,24,1073
201,4,489,14,599,17,1099
202,5,482,16,598,25,1135
203,6,485,11,614,17,1083
204,10,491,9,622,17,1112
205,8,522,9,609,19,1134
206,6,512,15,641,25,1150
207,7,537,7,632,21,1114
208,9,521,11,617,21,1106
209,8,546,13,635,27,1120
210,6,527,10,653,21,1109
211,6,524,11,620,24,1158
212,7,500,16,630,32,1159
213,5,487,10,629,31,1093
214,3,469,9,632,33,1125
215,5,457,13,636,30,1144
216,4,470,13,634,18,1107
217,6,462,11,613,26,1097
218,6,449,11,592,25,1123
219,5,448,12,574,25,1093
220,8,444,8,573,31,1149
221,6,461,10,571,23,1141
222,10,453,13,550,31,1189
223,11,450,11,556,31,1178
224,9,456,13,571,24,1172
225,2,446,12,553,30,1250
226,5,437,13,568,30,1162
227,9,433,5,564,23,1182
228,4,429,12,579,26,1189
229,5,428,7,578,24,1188
230,3,413,11,592,24,1217
231,7,422,15,575,29,1129
232,5,418,14,556,25,1160
233,4,423,13,532,20,1192
234,6,402,12,546,29,1197
235,10,405,18,576,30,1147
236,7,400,12,579,25,1077
237,10,428,16,562,23,1069
238,6,400,10,556,23,1067
239,4,412,15,564,21,1081
240,6,415,20,569,23,1022
241,6,417,15,569,21,1028
242,7,421,14,583,24,1035
243,5,432,16,570,21,1068
244,2,418,16,558,22,1016
245,9,429,18,561,27,964
246,6,419,19,579,31,916
247,3,431,22,568,22,929
248,7,431,17,559,24,905
249,6,464,16,555,23,905
250,5,479,13,575,13,916
251,4,477,16,567,24,919
252,2,467,16,571,25,905
253,10,462,16,603,27,927
254,3,442,14,600,20,930
255,7,459,19,614,23,901
256,8,454,17,618,23,890
257,8,459,20,650,21,859
258,5,449,24,681,23,869
259,6,438,19,687,21,905
260,8,423,18,722,24,892
261,11,426,17,710,20,933
262,9,428,19,737,28,976
263,9,434,21,691,33,948
264,8,423,14,704,28,944
265,12,426,15,667,29,970
266,12,414,12,625,22,959
267,12,406,13,619,26,1030
268,12,417,16,612,20,1031
269,6,436,13,623,24,990
270,6,430,15,624,30,954
271,4,445,13,624,20,1009
272,12,450,18,597,25,1008
273,6,445,14,603,36,1007
274,6,450,16,567,30,975
275,5,443,19,586,26,944
276,6,456,22,588,25,968
277,9,458,22,602,32,993
278,8,450,19,631,25,1045
279,12,457,22,650,26,1065
280,16,458,26,641,35,1090
281,11,459,21,635,31,1071
282,15,484,20,650,29,1129
283,15,464,23,667,33,1102
284,16,483,20,666,29,1153
285,16,483,24,658,33,1169
286,17,499,18,676,38,1187
287,15,497,22,677,33,1144
288,11,521,16,636,27,1252
289,15,511,15,663,31,1213
290,14,545,17,670,26,1245
291,16,507,27,643,38,1216
292,17,519,21,641,35,1248
293,12,512,21,622,44,1226
294,20,524,22,628,43,1288
295,20,490,24,636,41,1229
296,19,502,25,645,45,1271
297,13,481,20,642,43,1237
298,16,502,14,654,56,1262
299,17,472,15,659,60,1223
300,17,503,20,630,50,1185
301,18,501,17,646,55,1148
302,16,497,21,660,52,1117
303,18,484,24,658,52,1108
304,14,495,18,650,56,1075
305,19,513,23,660,59,1105
306,18,500,26,664,57,1123
307,20,484,20,657,62,1126
308,23,504,21,680,59,1103
309,16,502,21,662,61,1113
310,12,497,24,669,59,1115
311,18,510,21,663,69,1121
312,19,507,19,662,66,1115
313,17,517,17,682,67,1114
314,19,526,24,669,75,1129
315,20,538,26,680,72,1139
316,20,531,23,672,75,1161
317,20,521,27,712,73,1159
318,20,524,29,698,78,1178
319,23,537,25,669,81,1199
320,16,520,29,677,83,1198
321,15,518,24,689,69,1232
322,18,518,20,700,70,1237
323,16,505,26,692,65,1218
324,16,521,25,695,64,1234
325,17,513,24,701,74,1246
326,23,517,29,722,66,1266
327,19,507,31,711,71,1269
328,24,532,30,706,85,1251
329,22,539,43,690,85,1262
330,22,542,45,704,76,1265
331,29,512,37,700,71,1296
332,28,525,50,708,76,1291
333,28,518,35,690,72,1214
334,18,520,39,682,71,1256
335,26,528,39,665,65,1264
336,29,541,42,666,73,1261
337,26,534,32,670,71,1316
338,26,560,41,699,77,1392
339,23,542,36,731,68,1292
340,23,582,42,743,63,1357
341,27,582,43,751,68,1294
342,28,590,47,768,71,1316
343,32,607,47,773,82,1308
344,30,602,45,799,83,1316
345,34,611,51,795,73,1333
346,36,618,49,819,78,1376
347,33,616,56,820,91,1340
348,39,647,48,831,79,1352
349,35,654,59,853,86,1347
350,41,628,53,839,70,1387
351,46,654,65,811,76,1376
352,39,660,58,804,79,1404
353,45,637,64,808,73,1338
354,46,630,64,806,84,1396
355,40,636,55,820,75,1385
356,40,651,53,813,78,1447
357,38,664,58,844,86,1411
358,33,681,53,853,93,1392
359,37,680,58,892,91,1386
360,41,681,61,866,87,1448
361,35,685,57,906,91,1422
362,36,694,56,895,95,1398
363,34,702,61,934,102,1415
364,32,712,63,898,103,1394
365,32,667,69,869,109,1440
366,29,663,64,856,92,1356
367,31,660,86,803,95,1360
368,33,655,71,780,95,1381
369,33,642,70,786,110,1434
370,38,612,67,730,106,1424
371,37,609,75,737,102,1425
372,38,614,78,734,107,1448
373,37,613,82,713,115,1455
374,40,630,77,717,114,1495
375,42,612,74,736,116,1475
376,42,621,75,736,123,1526
377,46,637,92,728,118,1530
378,51,661,96,752,119,1569
379,63,644,103,744,134,1565
380,59,654,101,783,128,1565
381,59,671,101,773,136,1597
382,67,687,118,790,139,1560
383,82,674,116,783,129,1568
384,62,678,104,791,121,1574
385,67,668,98,779,138,1584
386,54,685,96,786,127,1594
387,55,672,91,775,117,1635
388,48,682,87,800,124,1568
389,59,704,100,784,110,1568
390,46,696,82,780,134,1589
391,45,701,84,778,109,1573
392,41,703,72,782,112,1624
393,40,691,75,800,105,1633
394,33,684,64,806,94,1576
395,41,675,76,842,96,1616
396,26,681,74,827,88,1644
397,33,688,85,835,100,1609
398,32,691,74,858,97,1582
399,31,698,77,862,86,1554
400,30,727,81,849,91,1577
401,30,724,72,815,79,1529
402,35,719,86,878,86,1534
403,38,702,70,855,88,1439
404,34,701,72,892,91,1442
405,28,707,61,878,80,1399
406,28,694,72,866,91,1386
407,25,674,73,852,83,1341
408,27,679,71,824,81,1365
409,34,689,62,806,76,1371
410,30,682,62,798,94,1406
411,35,667,66,759,85,1373
412,29,672,60,778,89,1394
413,31,667,65,787,91,1388
414,34,666,70,806,90,1372
415,29,663,69,796,85,1378
416,30,662,57,819,68,1337
417,27,665,60,788,73,1364
418,27,677,51,832,85,1371
419,31,674,52,837,68,1362
420,28,688,60,833,75,1398
421,30,705,54,849,67,1370
422,31,706,59,842,81,1385
423,27,695,56,809,77,1399
424,34,693,66,828,93,1367
425,37,705,61,890,84,1354
426,39,707,65,909,85,1317
427,43,728,71,919,88,1336
428,40,702,60,900,92,1309
429,42,697,69,911,98,1327
430,31,701,61,908,91,1266
431,32,725,68,919,88,1280
432,36,705,64,859,89,1268
433,34,682,71,896,89,1332
434,33,682,57,895,102,1272
435,34,675,65,903,90,1290
436,34,686,72,900,94,1263
437,33,687,66,903,73,1269
438,27,702,72,884,83,1278
439,21,704,72,883,64,1266
440,22,690,77,886,74,1251
441,37,700,75,857,84,1275
442,29,689,63,858,85,1254
443,23,686,63,874,87,1267
444,38,670,68,868,79,1214
445,35,652,68,862,83,1250
446,28,644,55,853,56,1245
447,34,649,71,860,76,1234
448,42,646,71,843,67,1261
449,37,638,64,860,64,1219
450,36,641,61,840,72,1244
451,39,654,54,879,66,1234
452,37,637,60,890,84,1277
453,33,627,60,874,76,1230
454,33,635,55,868,59,1277
455,22,624,53,867,49,1273
456,27,638,59,838,70,1303
457,31,650,57,813,71,1238
458,35,662,52,804,77,1226
459,27,652,50,805,65,1213
460,30,645,46,806,58,1192
461,32,643,52,874,62,1207
462,30,648,49,846,63,1202
463,28,652,48,872,71,1199
464,24,648,51,887,67,1172
465,24,650,45,883,73,1222
466,20,664,47,874,63,1204
467,20,677,40,886,49,1188
468,22,678,45,932,65,1203
469,15,681,51,919,53,1182
470,15,679,39,911,61,1239
471,22,665,52,937,56,1196
472,24,667,39,919,60,1226
473,16,681,57,935,56,1195
474,22,665,54,929,64,1231
475,16,674,57,910,61,1230
476,25,651,42,897,59,1197
477,22,649,47,882,51,1179
478,22,658,41,894,51,1211
479,26,665,41,904,57,1124
480,18,666,39,871,49,1121
481,20,672,34,883,61,1073
482,14,679,27,887,44,1086
483,16,663,15,904,36,1045
484,15,684,22,897,45,1094
485,17,667,18,909,27,1048
486,11,636,28,887,32,1033
487,12,651,24,859,33,1002
488,12,629,20,832,31,1032
489,14,611,17,827,25,981
490,7,589,12,757,24,914
491,10,568,14,755,22,885
492,15,569,11,724,29,902
493,14,552,16,699,27,886
494,20,542,15,649,30,879
495,19,522,15,651,23,851
496,16,475,16,596,28,861
497,13,481,17,586,27,869
498,10,453,24,585,29,899
499,9,468,22,574,26,847
500,14,477,18,558,24,855
501,17,439,14,562,17,853
502,13,442,17,583,18,893
503,22,438,20,574,25,880
504,12,447,22,565,30,885
505,13,456,20,582,30,910
506,12,458,24,587,30,891
507,21,499,23,619,33,930
508,20,483,22,620,34,922
509,18,490,29,609,33,911
510,19,488,26,597,37,927
511,14,491,22,594,28,934
512,10,474,20,612,30,924
513,11,486,26,590,27,882
514,11,489,21,566,26,861
515,16,475,24,581,26,771
516,12,470,31,561,31,725
517,8,450,25,537,32,713
518,17,440,24,542,26,732
519,16,442,23,489,28,700
520,15,399,21,492,29,694
521,13,404,18,481,30,741
522,11,380,18,484,28,715
523,15,381,19,466,36,725
524,12,393,23,470,41,727
525,12,411,22,480,39,711
526,16,408,21,472,31,718
527,13,415,22,463,32,729
528,10,429,23,465,23,744
529,12,414,25,460,33,728
530,14,413,24,461,28,738
531,15,422,24,464,39,751
532,8,420,25,449,34,790
533,16,408,28,460,50,766
534,11,424,25,460,46,778
535,17,432,23,461,39,808
536,11,430,23,462,45,796
537,11,434,30,468,40,790
538,11,445,28,481,45,812
539,17,440,27,481,49,798
540,12,439,26,485,50,813
541,16,460,29,482,48,804
542,13,454,33,483,46,828
543,9,455,28,490,49,820
544,10,463,34,505,55,893
545,11,454,35,478,44,860
546,13,476,37,494,45,913
547,15,470,35,493,58,892
548,14,464,37,513,46,927
549,22,477,35,530,56,940
550,19,483,42,511,50,951
551,15,495,28,521,51,957
552,15,462,32,525,55,931
553,16,481,39,507,52,969
554,23,466,33,526,57,1017
555,23,468,39,541,54,1017
556,18,466,27,542,50,993
557,20,469,37,552,51,1046
558,22,466,36,593,40,1055
559,25,456,37,580,62,1084
560,23,465,33,603,54,1114
561,14,473,35,606,50,1117
562,26,512,31,582,47,1115
563,22,506,37,578,50,1161
564,22,516,31,563,55,1145
565,22,504,32,561,45,1188
566,22,536,40,561,44,1160
567,20,537,36,569,43,1235
568,21,543,40,586,49,1238
569,21,549,36,605,39,1207
570,22,552,32,609,37,1253
571,17,569,29,600,39,1233
572,24,573,29,599,38,1322
573,18,583,42,606,53,1328
574,22,553,35,623,44,1290
575,13,556,38,655,46,1298
576,13,581,31,664,47,1315
577,14,560,45,686,54,1337
578,12,581,34,656,60,1306
579,13,591,31,643,52,1296
580,23,593,33,668,55,1317
581,17,604,38,692,60,1352
582,18,647,40,709,72,1313
583,21,651,39,689,67,1365
584,19,644,42,705,62,1345
585,20,654,35,704,65,1401
586,17,669,35,705,56,1389
587,19,632,39,694,59,1408
588,16,639,35,684,52,1349
589,21,650,36,695,52,1347
590,16,637,34,690,61,1376
591,15,622,31,703,45,1364
592,17,642,28,704,58,1402
593,17,618,33,689,55,1351
594,14,637,27,641,58,1417
595,15,620,30,605,57,1412
596,17,620,22,604,49,1332
597,15,601,26,578,47,1292
598,17,594,25,544,56,1310
599,13,579,32,545,53,1247
600,17,557,30,555,50,1255
601,15,543,29,567,59,1307
602,10,559,29,569,55,1360
603,12,580,30,576,63,1331
604,17,587,31,571,58,1342
605,16,581,36,563,74,1352
606,14,590,32,580,63,1351
607,15,596,34,565,64,1372
608,16,598,28,590,75,1377
609,14,589,37,588,74,1368
610,18,570,34,616,82,1357
611,21,580,34,609,83,1406
612,15,594,36,598,87,1415
613,17,586,41,605,80,1345
614,19,573,33,623,84,1410
615,23,558,32,637,80,1403
616,18,571,43,645,85,1434
617,15,577,39,658,72,1389
618,20,558,42,654,74,1425
619,14,587,43,665,86,1439
620,14,587,37,674,82,1432
621,8,594,42,681,84,1428
622,16,611,41,697,77,1453
623,23,600,45,722,71,1473
624,24,618,43,730,85,1474
625,24,654,50,756,91,1508
626,20,650,45,767,73,1500
627,24,679,45,793,85,1479
628,32,694,54,788,86,1519
629,19,697,49,791,93,1571
630,26,702,39,808,78,1550
631,25,698,47,817,100,1569
632,25,719,45,807,89,1587
633,25,750,50,801,90,1600
634,29,773,47,805,83,1587
635,19,759,40,833,88,1624
636,21,765,35,812,98,1659
637,22,756,45,806,96,1631
638,27,777,37,795,97,1666
639,32,776,42,801,95,1659
640,27,765,50,783,103,1722
641,25,745,46,804,105,1697
642,32,756,40,780,102,1708
643,21,746,43,767,96,1710
644,31,747,40,782,103,1694
645,35,730,46,787,101,1708
646,31,753,44,781,93,1729
647,33,759,43,798,90,1706
648,33,790,39,810,95,1670
649,21,786,36,822,90,1652
650,24,782,32,838,80,1672
651,26,781,41,847,82,1692
652,24,800,31,841,69,1682
653,23,784,36,827,89,1722
654,23,784,35,823,80,1710
655,24,762,56,811,78,1682
656,29,777,44,791,74,1748
657,25,754,56,835,87,1711
658,34,743,47,842,78,1661
659,29,749,56,829,97,1685
660,33,753,61,821,84,1716
661,33,773,47,822,84,1732
662,29,751,64,828,89,1720
663,32,761,63,862,91,1682
664,31,750,71,862,94,1732
665,20,733,59,857,104,1718
666,29,755,61,850,97,1767
667,28,748,52,878,92,1787
668,15,766,45,881,85,1863
669,20,788,55,854,94,1890
670,34,758,51,828,98,1933
671,41,778,53,817,88,1889
672,31,739,50,784,93,1932
673,26,748,53,779,79,1913
674,28,722,50,770,85,1953
675,27,684,55,753,94,1979
676,34,695,47,742,92,1929
677,35,690,54,729,88,1954
678,29,733,50,716,87,1927
679,28,723,42,715,89,1996
680,32,682,46,707,93,1968
681,34,715,40,722,84,1884
682,22,719,53,702,95,1887
683,28,734,53,776,85,1878
684,30,697,41,784,87,1948
685,28,722,43,781,89,1921
686,21,737,39,824,91,1921
687,21,776,33,817,75,1928
688,23,761,38,790,81,1953
689,26,767,44,782,86,1895
690,28,749,46,782,76,1891
691,30,746,51,806,86,1854
692,26,760,44,825,82,1821
693,39,785,48,805,85,1794
694,32,758,45,806,98,1818
695,30,707,48,823,90,1739
696,35,737,58,805,90,1741
697,29,768,55,810,84,1704
698,34,759,64,808,92,1696
699,23,778,65,776,86,1712
700,31,722,55,770,90,1671
701,35,725,59,776,83,1619
702,30,746,55,778,71,1588
703,34,745,50,775,86,1598
704,36,695,51,735,95,1609
705,38,678,51,704,91,1608
706,35,678,53,690,84,1612
707,30,692,54,708,96,1565
708,31,693,46,708,84,1545
709,32,693,43,687,109,1525
710,28,699,55,712,107,1571
711,39,696,57,711,116,1549
712,25,706,40,725,110,1591
713,30,732,59,722,114,1602
714,27,717,51,729,108,1577
715,35,659,63,749,106,1626
716,43,685,66,752,117,1636
717,39,765,62,745,95,1620
718,26,751,63,780,97,1700
719,29,775,72,769,105,1701
720,40,736,69,801,86,1656
721,36,776,62,792,107,1662
722,39,752,55,800,91,1714
723,28,800,53,834,101,1740
724,28,761,54,834,108,1717
725,30,759,60,853,96,1690
726,31,789,51,859,104,1705
727,28,797,50,852,86,1688
728,36,847,51,875,92,1726
729,33,851,48,855,94,1741
730,35,835,47,859,91,1714
731,38,842,55,889,93,1701
732,32,857,61,896,93,1686
733,34,917,66,862,93,1761
734,27,867,61,876,94,1802
735,31,834,59,857,95,1751
736,30,810,56,907,97,1734
737,37,844,64,918,92,1727
738,30,900,62,939,97,1692
739,36,938,62,963,111,1792
740,40,887,63,950,110,1831
741,36,910,58,923,102,1788
742,37,865,62,920,114,1862
743,29,855,56,944,115,1865
744,32,858,56,946,105,1922
745,35,889,59,918,95,1862
746,37,890,57,892,96,1839
747,36,831,57,880,110,1879
748,40,853,58,876,105,1874
749,33,857,55,864,110,1845
750,41,836,63,860,105,1876
751,43,825,57,839,97,1807
752,49,799,62,828,102,1739
753,41,821,57,825,98,1747
754,44,780,65,830,94,1721
755,37,766,65,804,100,1742
756,44,733,61,826,97,1735
757,41,763,59,811,88,1638
758,44,791,64,785,106,1632
759,43,767,66,785,107,1625
760,40,748,62,789,107,1554
761,37,775,50,763,102,1552
762,40,770,64,754,115,1572
763,32,781,62,765,102,1537
764,33,763,62,773,97,1441
765,34,771,63,765,97,1455
766,44,780,60,778,93,1428
767,38,774,56,800,90,1504
768,23,795,47,804,89,1519
769,29,804,54,790,80,1507
770,36,800,62,758,77,1514
771,31,827,67,768,86,1522
772,28,829,48,743,69,1504
773,26,808,54,764,75,1544
774,21,797,55,742,82,1603
775,17,803,58,739,73,1569
776,27,779,62,733,83,1581
777,20,820,57,725,84,1544
778,21,785,48,718,68,1525
779,21,746,50,695,68,1531
780,19,759,57,695,72,1535
781,14,765,54,685,66,1494
782,19,723,59,690,72,1454
783,24,692,62,659,79,1445
784,26,647,47,676,91,1378
785,22,670,52,687,78,1397
786,23,657,48,691,88,1393
787,31,680,65,688,84,1383
788,28,635,62,686,89,1341
789,30,661,65,690,99,1356
790,27,658,67,734,98,1353
791,36,678,52,721,83,1395
792,24,702,56,752,87,1438
793,35,712,72,746,88,1428
794,27,738,66,713,100,1393
795,38,740,57,703,107,1413
796,40,763,71,728,111,1419
797,47,744,78,764,114,1452
798,34,742,61,754,105,1485
799,34,747,60,765,116,1417
800,43,781,67,837,129,1455
801,37,817,62,812,121,1490
802,26,832,64,827,100,1488
803,24,790,55,817,102,1475
804,27,790,52,846,90,1514
805,16,795,47,831,97,1466
806,15,816,43,804,83,1529
807,13,831,33,800,92,1524
808,16,823,36,809,96,1515
809,17,826,38,800,117,1509
810,20,807,39,793,102,1516
811,21,842,32,766,76,1528
812,23,853,38,817,97,1518
813,24,832,38,800,85,1502
814,28,813,41,755,92,1494
815,20,798,35,746,101,1495
816,19,818,25,744,96,1501
817,27,793,22,771,99,1521
818,18,754,27,760,89,1499
819,20,769,33,724,98,1483
820,26,751,34,733,95,1438
821,14,776,31,751,83,1438
822,18,728,28,725,93,1485
823,14,733,27,715,94,1434
824,19,741,21,753,94,1484
825,19,742,26,720,90,1485
826,15,760,32,709,97,1476
827,18,752,30,702,101,1478
828,14,737,28,720,99,1510
829,22,787,39,725,94,1468
830,19,802,34,735,94,1526
831,14,817,36,725,80,1549
832,16,822,31,733,78,1522
833,15,800,28,716,84,1494
834,15,806,29,750,81,1489
835,18,816,25,736,85,1510
836,13,835,21,771,79,1529
837,19,828,24,741,85,1568
838,16,839,24,748,67,1536
839,11,811,27,696,71,1549
840,12,801,23,690,64,1502
841,10,787,17,675,53,1486
842,11,745,16,625,62,1495
843,11,729,23,617,51,1450
844,16,754,28,629,73,1487
845,17,772,29,675,65,1467
846,18,780,31,696,74,1436
847,14,770,33,689,61,1488
848,18,822,27,710,60,1482
849,24,822,29,700,62,1453
850,23,822,33,704,73,1496
851,25,817,31,706,65,1533
852,22,812,29,720,60,1496
853,20,816,40,710,60,1434
854,17,835,36,719,76,1473
855,17,853,25,718,68,1494
856,19,834,29,733,65,1507
857,26,830,24,709,67,1517
858,22,835,30,681,59,1515
859,24,859,29,661,70,1475
860,20,822,24,662,49,1456
861,24,805,30,681,63,1421
862,20,790,35,670,60,1440
863,27,808,31,655,64,1460
864,18,784,28,663,57,1400
865,20,783,32,657,59,1415
866,12,750,27,664,58,1412
867,23,757,26,662,47,1386
868,14,730,23,644,41,1429
869,20,725,20,647,54,1448
870,20,713,27,617,49,1367
871,22,718,20,608,47,1406
872,21,706,23,643,47,1444
873,15,732,24,641,50,1434
874,21,744,27,636,46,1434
875,23,726,28,623,48,1440
876,20,748,28,687,57,1456
877,24,758,32,663,59,1441
878,19,754,34,672,67,1501
879,24,769,38,682,59,1435
880,21,732,30,692,66,1484
881,21,743,36,699,53,1469
882,22,747,30,696,51,1490
883,22,716,24,681,64,1443
884,26,737,28,682,52,1463
885,18,704,24,717,52,1460
886,13,722,19,702,49,1551
887,19,746,24,698,46,1567
888,11,752,20,719,40,1568
889,14,781,15,747,38,1559
890,15,775,20,739,38,1606
891,11,802,18,763,41,1534
892,12,798,21,771,42,1553
893,11,830,16,750,37,1572
894,15,826,17,745,32,1574
895,12,845,9,733,29,1591
896,16,823,17,722,30,1620
897,17,840,20,709,36,1562
898,9,836,19,723,27,1547
899,16,834,22,704,31,1500
900,13,807,18,680,31,1522
901,12,794,15,670,25,1483
902,17,793,18,706,28,1474
903,11,786,15,686,25,1425
904,10,805,12,653,27,1437
905,14,766,9,645,20,1366
906,9,765,18,658,22,1368
907,9,762,10,644,26,1332
908,8,768,8,615,20,1347
909,6,766,10,625,14,1385
910,11,716,11,634,20,1383
911,9,715,11,623,20,1392
912,7,717,11,627,19,1407
913,6,700,9,631,18,1382
914,8,668,14,634,27,1364
915,5,690,8,624,29,1384
916,7,692,12,654,15,1387
917,4,738,13,659,17,1351
918,6,732,7,660,30,1360
919,2,741,12,672,17,1377
920,5,706,16,662,24,1392
921,4,704,11,626,21,1361
922,1,676,6,601,17,1367
923,6,681,8,583,18,1375
924,1,632,11,576,25,1353
925,5,629,10,573,24,1325
926,2,634,3,578,11,1308
927,4,673,4,556,17,1262
928,1,681,7,587,17,1256
929,1,677,5,581,18,1200
930,3,651,6,577,5,1191
931,3,646,5,550,17,1199
932,3,636,8,539,16,1211
933,6,651,6,516,15,1214
934,3,611,2,483,11,1206
935,4,561,3,476,13,1247
936,2,533,6,457,8,1198
937,5,544,5,455,8,1209
938,6,537,10,465,12,1212
939,5,515,8,464,15,1175
940,4,499,7,472,10,1155
941,7,516,9,490,13,1159
942,6,487,10,513,15,1172
943,13,520,14,489,20,1231
944,8,518,21,528,34,1241
945,17,508,22,550,31,1247
946,12,521,21,547,30,1196
947,12,511,19,558,38,1236
948,17,513,30,587,43,1274
949,16,537,25,592,37,1305
950,18,532,34,573,42,1315
951,17,561,29,575,43,1310
952,19,539,33,593,43,1342
953,22,588,27,619,49,1366
954,27,608,37,600,42,1369
955,24,621,36,626,50,1402
956,23,613,32,664,43,1432
957,18,616,42,661,41,1480
958,16,610,36,624,35,1505
959,13,632,34,642,35,1489
960,11,646,28,662,46,1504
961,10,602,33,653,34,1480
962,11,607,25,635,33,1478
963,9,578,21,615,36,1462
964,14,566,25,558,41,1421
965,10,551,32,549,51,1425
966,14,540,35,553,40,1479
967,10,529,30,572,42,1512
968,14,544,31,572,48,1524
969,9,548,28,561,40,1518
970,13,559,23,589,36,1494
971,19,552,33,647,44,1418
972,16,577,35,668,40,1483
973,14,560,42,661,42,1487
974,15,573,37,664,38,1515
975,19,566,36,646,45,1522
976,22,597,45,623,49,1526
977,18,569,39,618,49,1573
978,17,582,38,612,48,1600
979,23,558,31,593,56,1578
980,16,571,24,589,50,1556
981,19,586,30,643,54,1565
982,15,642,29,661,51,1535
983,14,667,25,687,51,1558
984,22,649,34,717,50,1516
985,26,667,30,709,54,1523
986,17,685,30,706,49,1558
987,16,643,26,686,47,1576
988,15,636,30,664,35,1630
989,14,604,33,639,42,1656
990,12,608,30,626,39,1669
991,12,592,29,599,44,1670
992,12,597,21,573,54,1626
993,14,585,16,585,55,1638
994,15,577,15,603,48,1624
995,8,589,17,577,32,1624
996,10,571,21,575,40,1659
997,8,580,17,557,45,1667
998,10,573,18,566,47,1673
999,10,568,14,569,30,1691
1000,6,569,19,540,37,1652
1001,12,527,20,519,30,1617
1002,19,550,17,531,40,1691
1003,5,541,20,513,24,1714
1004,10,528,8,505,26,1711
1005,9,544,11,515,30,1694
1006,4,483,12,505,22,1651
1007,10,467,6,466,35,1660
1008,5,443,13,466,27,1663
1009,3,423,13,433,24,1570
1010,7,432,15,448,27,1570
1011,8,441,19,460,24,1575
1012,6,438,16,476,22,1556
1013,9,460,16,461,29,1530
1014,13,469,17,482,24,1496
1015,14,470,14,460,25,1518
1016,13,456,16,463,26,1570
1017,10,449,14,454,29,1610
1018,13,451,19,459,25,1584
1019,9,436,19,442,31,1573
1020,7,450,14,465,31,1630
1021,8,439,11,438,28,1656
1022,7,469,17,437,31,1596
1023,5,486,17,465,39,1610
1024,12,488,15,476,33,1659
1025,10,496,17,499,37,1648
1026,4,509,17,477,38,1620
1027,14,499,19,487,41,1652
1028,8,491,18,508,30,1663
1029,8,500,24,509,40,1660
1030,11,513,18,500,41,1683
1031,16,525,25,517,36,1668
1032,16,520,22,503,38,1671
1033,21,498,28,509,42,1651
1034,15,492,34,483,49,1625
1035,16,493,26,475,43,1621
1036,16,477,26,476,42,1599
1037,20,461,27,469,44,1511
1038,28,473,37,489,47,1522
1039,25,483,31,483,49,1496
1040,25,496,25,504,54,1551
1041,25,481,31,495,51,1538
1042,21,472,30,511,52,1511
1043,16,487,34,517,50,1571
1044,24,486,32,530,43,1543
1045,19,489,43,522,48,1515
1046,23,475,33,522,48,1547
1047,22,495,38,532,52,1549
1048,24,515,43,521,53,1580
1049,31,507,37,500,57,1559
1050,27,497,42,503,50,1559
1051,34,503,44,493,61,1561
1052,29,506,51,505,65,1566
1053,28,496,43,503,48,1549
1054,28,513,34,518,44,1575
1055,35,524,44,506,59,1506
1056,31,510,41,487,57,1533
1057,28,506,34,485,57,1510
1058,26,516,49,487,64,1487
1059,36,535,52,507,69,1525
1060,39,555,47,512,72,1553
1061,34,556,43,514,60,1527
1062,25,552,49,554,74,1563
1063,24,567,47,561,81,1559
1064,22,586,45,556,71,1569
1065,31,594,45,562,72,1589
1066,20,588,48,574,77,1608
1067,32,598,57,580,86,1647
1068,37,607,52,584,101,1670
1069,34,622,54,585,100,1679
1070,39,611,62,559,95,1715
1071,39,607,66,559,98,1745
1072,42,577,65,565,94,1773
1073,50,591,70,580,98,1807
1074,57,596,70,583,88,1836
1075,49,628,69,583,95,1863
1076,40,635,72,593,92,1908
1077,43,630,67,619,106,1993
1078,45,639,69,615,90,1993
1079,40,605,70,589,82,2099
1080,46,625,69,550,93,2003
1081,47,606,64,544,89,2032
1082,47,597,65,550,88,2043
1083,50,622,66,569,87,2021
1084,51,644,71,578,97,1998
1085,47,651,69,552,105,2004
1086,47,641,75,545,96,1953
1087,45,644,65,566,100,1908
1088,43,651,62,579,97,1901
1089,43,619,67,596,89,1864
1090,47,647,74,604,94,1815
1091,47,636,66,583,96,1813
1092,51,622,72,570,96,1834
1093,50,632,66,574,89,1797
1094,38,643,61,567,92,1814
1095,37,646,60,597,88,1829
1096,39,656,67,582,87,1754
1097,35,639,56,582,88,1743
1098,27,615,42,550,85,1712
1099,26,659,57,563,94,1745
1100,30,676,46,579,85,1703
1101,32,677,52,592,79,1737
1102,26,696,47,611,83,1718
1103,31,693,40,622,87,1777
1104,38,711,54,630,94,1777
1105,36,721,56,636,91,1721
1106,38,715,46,634,102,1756
1107,55,740,53,650,91,1775
1108,45,769,43,635,80,1794
1109,51,756,48,661,82,1775
1110,48,762,43,668,80,1780
1111,53,739,44,680,88,1809
1112,56,775,40,686,86,1718
1113,46,776,52,678,94,1789
1114,44,800,50,694,91,1750
1115,55,795,49,712,83,1775
1116,49,796,53,691,94,1744
1117,56,775,50,680,84,1732
1118,40,774,45,682,89,1753
1119,53,747,44,696,81,1721
1120,48,746,52,707,83,1704
1121,47,733,58,707,76,1693
1122,43,706,54,682,79,1705
1123,52,714,58,668,85,1638
1124,55,701,58,654,79,1618
1125,50,684,66,658,86,1593
1126,65,709,69,650,85,1590
1127,54,684,73,620,79,1589
1128,55,700,75,607,73,1607
1129,56,650,66,611,78,1590
1130,59,665,74,602,80,1634
1131,62,666,77,628,77,1586
1132,71,698,95,626,87,1655
1133,74,690,86,644,96,1649
1134,61,695,91,657,90,1699
1135,80,693,94,629,103,1674
1136,73,719,78,616,91,1710
1137,65,716,74,625,92,1669
1138,65,744,74,658,93,1755
1139,73,734,79,659,101,1768
1140,61,747,65,677,95,1824
1141,71,764,66,666,74,1832
1142,77,774,67,681,79,1778
1143,72,803,79,679,91,1815
1144,68,796,77,691,98,1837
1145,59,801,65,709,89,1861
1146,73,816,74,721,86,1791
1147,75,822,70,723,89,1841
1148,49,843,67,731,85,1886
1149,41,839,56,710,72,1849
1150,49,787,54,712,61,1851
1151,39,788,38,698,64,1815
1152,34,782,34,691,47,1804
1153,21,789,28,652,51,1754
1154,28,732,26,653,41,1698
1155,27,696,23,615,39,1676
1156,22,675,33,607,37,1679
1157,26,701,24,613,43,1649
1158,16,691,14,623,44,1645
1159,15,669,19,597,42,1558
1160,19,633,24,614,46,1559
1161,14,649,22,617,53,1549
1162,15,645,19,601,57,1519
1163,20,664,19,591,56,1518
1164,11,626,16,593,53,1494
1165,9,609,21,589,46,1490
1166,12,599,23,597,48,1441
1167,15,614,18,579,59,1409
1168,16,628,21,593,48,1426
1169,17,626,16,579,47,1439
1170,15,621,25,590,62,1441
1171,18,649,25,590,70,1467
1172,20,641,28,578,83,1472
1173,25,669,31,584,80,1481
1174,21,646,30,586,76,1532
1175,29,662,27,621,72,1549
1176,21,672,32,606,83,1538
1177,23,679,32,618,80,1519
1178,24,686,38,601,77,1540
1179,21,670,26,595,84,1595
1180,33,661,27,596,66,1656
1181,29,689,32,594,70,1663
1182,21,679,32,581,72,1652
1183,29,701,29,580,70,1637
1184,28,688,21,582,65,1650
1185,29,689,28,588,61,1625
1186,30,713,31,592,61,1598
1187,26,694,21,583,56,1635
1188,26,707,18,574,45,1666
1189,24,680,29,582,45,1667
1190,26,696,25,575,51,1721
1191,32,686,31,578,31,1693
1192,25,670,30,567,33,1679
1193,20,650,19,554,27,1652
1194,17,656,12,546,32,1677
1195,15,629,12,531,28,1618
1196,9,586,4,502,19,1573
1197,5,573,9,459,23,1505
1198,5,544,7,443,26,1474
1199,3,513,3,423,25,1425
1200,3,495,2,389,14,1330
1201,2,509,2,386,14,1318
1202,1,519,3,377,18,1275
1203,3,532,3,392,20,1279
1204,7,541,4,400,14,1261
1205,3,528,5,407,13,1258
1206,5,552,7,403,15,1240
1207,5,562,4,408,20,1222
1208,8,551,5,407,14,1221
1209,3,552,8,416,14,1172
1210,6,552,8,403,23,1181
1211,2,565,2,401,20,1145
1212,3,568,6,412,17,1134
1213,3,581,4,407,21,1124
1214,2,584,1,417,18,1122
1215,2,571,4,408,14,1160
1216,3,562,5,413,26,1166
1217,1,556,1,401,21,1169
1218,1,566,2,407,20,1181
1219,4,559,0,436,16,1165
1220,4,566,0,438,18,1198
1221,4,581,4,461,11,1176
1222,3,590,7,458,19,1212
1223,4,612,2,450,15,1203
1224,2,627,5,472,10,1225
1225,4,645,3,476,18,1193
1226,3,602,0,477,13,1249
1227,1,612,7,458,11,1224
1228,2,616,4,475,15,1250
1229,3,613,5,472,16,1237
1230,3,583,1,465,27,1228
1231,4,576,1,469,26,1183
1232,5,572,3,474,28,1155
1233,4,584,1,452,24,1150
1234,4,564,6,462,21,1165
1235,3,560,3,482,17,1184
1236,4,567,0,483,18,1213
1237,7,580,6,488,18,1188
1238,6,577,0,482,23,1151
1239,4,586,1,484,19,1153
1240,3,586,3,501,25,1186
1241,3,587,7,520,18,1162
1242,9,602,5,541,25,1215
1243,9,616,5,547,22,1229
1244,5,602,1,537,18,1249
1245,5,619,5,543,23,1255
1246,7,639,6,534,14,1285
1247,8,638,3,552,23,1347
1248,8,637,7,550,33,1365
1249,7,653,5,561,27,1382
1250,9,667,11,579,25,1380
1251,11,671,8,590,33,1422
1252,6,672,9,581,32,1415
1253,6,696,7,601,37,1455
1254,7,691,7,609,36,1448
1255,7,670,6,629,32,1417
1256,12,694,10,607,39,1493
1257,15,704,12,601,29,1457
1258,13,695,8,605,29,1518
1259,13,699,10,622,33,1503
1260,12,707,11,619,32,1582
1261,10,668,9,607,35,1550
1262,8,675,11,621,32,1613
1263,4,686,9,609,29,1548
1264,9,684,8,617,30,1610
1265,2,699,3,638,25,1695
1266,6,693,5,622,36,1733
1267,3,679,8,606,29,1744
1268,9,677,4,591,29,1753
1269,2,700,6,587,33,1669
1270,1,676,6,625,36,1667
1271,2,701,3,613,25,1670
1272,5,670,2,618,28,1644
1273,3,687,1,595,26,1659
1274,9,660,5,592,23,1635
1275,5,671,4,606,21,1672
1276,1,684,3,598,26,1624
1277,6,693,6,622,25,1646
1278,6,688,3,606,27,1617
1279,2,721,3,632,18,1614
1280,3,712,8,618,26,1674
1281,5,732,6,626,26,1626
1282,2,718,5,637,21,1669
1283,5,727,1,640,14,1591
1284,3,724,4,654,13,1611
1285,3,686,5,634,10,1543
1286,3,693,1,607,9,1564
1287,2,702,1,578,18,1543
1288,3,710,4,603,15,1474
1289,2,714,2,596,16,1441
1290,1,719,4,609,22,1385
1291,3,694,2,581,25,1374
1292,3,660,1,554,17,1351
1293,1,645,6,574,24,1253
1294,3,612,4,575,16,1307
1295,2,600,2,559,21,1267
1296,5,623,4,555,18,1324
1297,2,615,0,532,18,1249
1298,8,633,4,526,14,1297
1299,5,581,6,531,14,1218
1300,0,591,3,536,14,1179
1301,5,595,7,528,12,1131
1302,6,563,7,547,17,1123
1303,10,607,5,534,10,1108
1304,2,579,2,526,17,1129
1305,5,563,4,514,15,1186
1306,7,575,3,515,20,1192
1307,3,573,4,504,16,1128
1308,5,561,4,492,14,1158
1309,4,545,2,503,22,1148
1310,2,538,10,493,22,1133
1311,5,565,4,492,17,1103
1312,4,582,4,484,12,1019
1313,5,601,5,508,14,1062
1314,3,623,5,537,10,1029
1315,4,618,1,525,11,1060
1316,2,624,1,532,13,1007
1317,2,635,3,539,16,1036
1318,5,604,7,534,13,1024
1319,4,588,4,511,16,1047
1320,4,590,5,506,18,1079
1321,5,582,3,472,14,1117
1322,1,572,6,454,19,1112
1323,1,603,4,454,15,1116
1324,7,618,2,475,15,1121
1325,2,627,4,470,22,1145
1326,5,636,4,468,17,1137
1327,6,626,5,468,25,1146
1328,1,630,6,516,20,1164
1329,3,630,2,506,17,1163
1330,4,606,5,534,23,1128
1331,5,618,5,522,20,1141
1332,6,609,5,515,18,1144
1333,4,597,7,518,21,1149
1334,4,602,8,497,16,1200
1335,3,598,2,490,25,1207
1336,4,573,4,479,24,1246
1337,1,553,1,450,30,1226
1338,2,532,3,469,17,1214
1339,1,518,5,466,23,1232
1340,4,514,3,455,21,1236
1341,5,529,6,462,18,1228
1342,4,518,7,456,16,1194
1343,4,495,8,461,23,1225
1344,7,507,4,460,22,1210
1345,5,516,3,464,19,1221
1346,6,514,8,487,18,1213
1347,2,513,8,480,22,1212
1348,3,519,4,471,16,1221
1349,7,505,9,462,16,1243
1350,7,498,6,429,25,1228
1351,5,510,3,422,24,1264
1352,4,539,7,447,17,1258
1353,8,535,8,470,28,1255
1354,8,563,7,513,33,1267
1355,8,570,6,549,34,1283
1356,10,577,13,558,34,1286
1357,10,581,14,550,36,1286
1358,6,576,10,542,40,1368
1359,7,607,10,523,35,1343
1360,9,609,10,512,29,1353
1361,6,613,7,520,27,1359
1362,8,605,14,544,40,1341
1363,7,600,11,535,32,1316
1364,14,604,13,529,23,1317
1365,11,644,16,571,23,1273
1366,13,654,18,597,30,1395
1367,15,668,15,586,37,1367
1368,9,662,14,596,36,1359
1369,10,635,14,597,35,1337
1370,9,621,13,583,35,1322
1371,11,656,8,585,42,1316
1372,7,674,12,579,41,1387
1373,11,683,21,574,35,1393
1374,15,682,16,553,42,1410
1375,10,679,6,578,41,1362
1376,6,666,10,553,38,1373
1377,6,683,8,546,29,1348
1378,3,647,9,551,23,1302
1379,6,626,10,528,31,1258
1380,8,614,9,510,26,1262
1381,8,595,7,501,22,1214
1382,11,582,12,473,23,1170
1383,11,558,13,475,22,1207
1384,9,586,6,466,28,1142
1385,10,591,10,474,27,1080
1386,8,594,8,487,26,1143
1387,11,599,8,487,23,1092
1388,8,611,10,523,35,1130
1389,12,624,12,543,30,1106
1390,10,652,8,580,29,1123
1391,6,652,15,603,37,1154
1392,11,683,12,593,32,1123
1393,8,689,8,595,30,1101
1394,11,697,15,589,36,1129
1395,12,691,19,592,44,1127
1396,13,684,19,567,46,1119
1397,8,692,20,587,31,1152
1398,7,722,17,593,37,1145
1399,10,724,15,625,38,1195
1400,11,723,14,632,47,1150
1401,12,746,13,641,49,1198
1402,12,755,16,671,51,1186
1403,11,741,14,666,59,1216
1404,11,762,16,675,50,1249
1405,15,731,21,668,41,1268
1406,15,751,15,667,47,1247
1407,13,749,24,668,46,1241
1408,10,729,22,671,37,1252
1409,7,783,22,638,40,1227
1410,17,774,17,677,27,1215
1411,6,764,14,658,31,1217
1412,8,768,11,640,26,1225
1413,6,768,12,638,21,1224
1414,9,777,12,637,24,1211
1415,9,782,13,623,24,1171
1416,8,775,14,631,28,1190
1417,14,748,17,646,21,1182
1418,12,721,14,632,37,1088
1419,14,736,15,615,31,1135
1420,11,733,17,603,29,1103
1421,11,737,13,606,13,1101
1422,12,745,16,619,23,1057
1423,13,719,15,613,21,1079
1424,8,708,15,617,31,1031
1425,17,700,17,632,37,1030
1426,11,697,13,643,27,1017
1427,20,676,17,619,27,998
1428,11,688,16,626,18,957
1429,14,673,24,621,33,891
1430,18,692,20,636,37,912
1431,13,685,25,628,38,873
1432,12,726,22,659,46,937
1433,11,725,12,666,39,961
1434,13,725,10,672,42,996
1435,12,746,19,713,53,1021
1436,14,772,23,724,46,1012
1437,9,776,18,734,48,1063
1438,13,753,25,719,62,1093
1439,11,785,16,714,44,1106
1440,11,780,14,721,39,1167
1441,7,744,13,699,52,1181
1442,7,763,14,687,48,1212
1443,8,739,19,705,57,1203
1444,6,713,11,653,57,1217
1445,18,699,10,651,47,1234
1446,7,706,10,634,40,1187
1447,10,673,11,608,32,1184
1448,12,652,10,593,37,1184
1449,8,650,5,578,42,1229
1450,7,641,9,568,46,1217
1451,7,659,9,549,38,1257
1452,3,656,7,538,27,1203
1453,6,611,10,527,35,1222
1454,6,602,12,532,32,1208
1455,10,586,6,520,22,1143
1456,5,585,8,529,23,1109
1457,10,559,9,485,11,1135
1458,8,540,18,479,19,1081
1459,9,569,13,496,28,1129
1460,9,563,14,504,27,1088
1461,10,562,17,504,36,1126
1462,11,572,17,502,34,1140
1463,20,576,18,502,26,1155
1464,27,587,26,501,36,1161
1465,26,586,28,515,30,1190
1466,29,584,26,481,31,1206
1467,17,569,21,491,35,1222
1468,16,576,16,481,31,1169
1469,15,567,23,486,33,1178
1470,16,569,19,460,31,1170
1471,9,557,11,460,32,1167
1472,9,553,5,444,38,1122
1473,6,559,6,446,40,1168
1474,9,564,9,472,41,1296
1475,14,575,9,492,28,1368
1476,8,561,14,481,37,1400
1477,11,567,10,473,39,1372
1478,14,571,10,482,31,1415
1479,13,599,15,499,37,1343
1480,12,606,18,512,51,1350
1481,16,602,14,512,40,1405
1482,18,603,17,528,38,1345
1483,17,619,17,526,43,1301
1484,16,606,13,535,46,1289
1485,19,589,15,529,38,1287
1486,21,600,21,549,48,1283
1487,17,616,18,561,43,1300
1488,11,630,17,567,33,1320
1489,14,642,26,578,39,1301
1490,22,667,27,587,58,1314
1491,16,668,22,588,54,1293
1492,20,680,26,600,46,1301
1493,20,657,27,620,68,1286
1494,25,675,33,637,60,1287
1495,29,665,34,657,56,1271
1496,32,663,28,647,54,1291
1497,27,667,28,637,52,1248
1498,24,662,36,645,59,1248
1499,21,682,32,665,54,1257
1500,21,704,30,641,59,1233
1501,29,664,31,655,61,1266
1502,24,663,29,638,78,1233
1503,26,661,31,650,74,1214
1504,27,626,20,635,71,1199
1505,22,632,21,643,78,1226
1506,29,615,29,663,75,1257
1507,28,627,37,629,79,1238
1508,27,614,35,634,81,1240
1509,32,613,42,639,91,1238
1510,28,637,38,650,83,1272
1511,21,610,24,655,89,1262
1512,23,636,34,640,87,1319
1513,22,625,32,628,71,1276
1514,24,629,41,641,96,1312
1515,28,603,41,648,86,1272
1516,32,628,39,661,78,1288
1517,31,641,42,675,81,1271
1518,34,663,36,681,85,1299
1519,32,662,39,684,89,1337
1520,34,669,45,680,92,1340
1521,43,678,49,661,86,1325
1522,30,665,51,682,79,1411
1523,32,675,44,695,89,1446
1524,42,689,52,693,80,1443
1525,35,676,52,705,91,1475
1526,44,704,57,725,82,1483
1527,43,705,62,721,90,1538
1528,44,717,59,698,86,1550
1529,41,726,55,702,101,1507
1530,41,747,58,705,96,1538
1531,44,736,51,690,87,1542
1532,37,752,52,705,96,1578
1533,41,749,39,707,84,1561
1534,35,779,45,705,90,1586
1535,38,775,37,694,92,1580
1536,31,765,34,717,105,1609
1537,31,778,38,711,89,1630
1538,37,779,41,708,97,1658
1539,35,807,39,697,77,1619
1540,38,793,57,742,87,1642
1541,35,806,42,731,82,1607
1542,45,776,48,747,91,1664
1543,46,796,60,773,100,1670
1544,46,805,62,796,96,1697
1545,37,836,47,796,108,1717
1546,49,838,53,799,96,1660
1547,48,826,46,803,93,1678
1548,36,838,60,809,100,1702
1549,54,834,46,800,96,1699
1550,37,841,54,798,104,1694
1551,42,795,46,778,76,1661
1552,34,796,43,768,83,1603
1553,42,795,48,760,95,1619
1554,40,803,46,759,86,1546
1555,37,812,47,746,86,1510
1556,30,835,44,753,94,1506
1557,30,827,48,739,104,1456
1558,27,817,42,770,95,1453
1559,27,813,28,751,95,1481
1560,27,850,29,738,94,1548
1561,26,821,26,711,91,1617
1562,20,828,26,713,81,1548
1563,29,765,33,709,79,1545
1564,26,805,30,695,76,1448
1565,23,783,31,693,108,1541
1566,22,793,29,701,88,1519
1567,21,798,29,716,80,1436
1568,21,800,30,747,59,1395
1569,24,767,36,716,55,1342
1570,28,774,36,724,59,1366
1571,22,786,32,709,70,1308
1572,28,761,39,698,83,1347
1573,27,760,45,706,87,1354
1574,24,734,41,711,83,1364
1575,30,747,39,712,76,1323
1576,33,750,30,699,82,1348
1577,29,779,38,683,96,1297
1578,24,744,32,706,103,1335
1579,24,765,33,675,85,1311
1580,29,745,46,691,84,1384
1581,25,750,43,695,84,1349
1582,34,728,33,655,88,1369
1583,25,750,31,642,83,1324
1584,30,753,40,665,92,1381
1585,24,739,35,646,96,1381
1586,31,721,34,632,77,1339
1587,35,678,39,618,72,1334
1588,30,680,34,616,68,1331
1589,31,667,42,616,72,1291
1590,28,646,33,612,61,1310
1591,26,611,27,592,71,1277
1592,27,624,40,610,71,1284
1593,18,627,31,603,52,1277
1594,20,635,30,621,59,1298
1595,23,643,32,620,66,1307
1596,24,645,28,642,75,1218
1597,30,654,35,625,79,1243
1598,26,655,42,631,63,1288
1599,30,654,43,647,75,1291
1600,22,702,45,645,65,1264
1601,31,685,49,642,63,1266
1602,38,698,46,616,67,1266
1603,28,677,49,617,69,1260
1604,35,696,47,616,72,1249
1605,34,699,46,641,67,1204
1606,31,679,40,656,82,1167
1607,26,658,46,625,80,1179
1608,30,670,32,634,72,1176
1609,28,641,44,613,63,1146
1610,27,611,36,579,67,1087
1611,30,597,39,601,65,1129
1612,27,596,38,595,72,1094
1613,23,601,32,581,60,1073
1614,33,636,37,594,63,1057
1615,29,644,33,586,60,1074
1616,26,649,32,589,62,1085
1617,22,654,34,608,56,1059
1618,25,670,38,585,49,1122
1619,21,662,41,579,46,1105
1620,27,690,35,582,63,1138
1621,21,677,39,598,56,1076
1622,22,683,35,616,55,1115
1623,28,711,28,610,47,1076
1624,33,699,37,583,52,1126
1625,30,691,34,618,47,1108
1626,33,694,46,643,36,1128
1627,28,677,37,636,61,1073
1628,26,676,38,639,55,1082
1629,24,665,41,642,53,1078
1630,30,694,45,666,62,1092
1631,37,723,45,678,58,1061
1632,41,759,50,685,57,1113
1633,35,768,49,687,56,1083
1634,39,757,47,695,57,1081
1635,36,771,46,725,63,1104
1636,30,785,46,754,63,1131
1637,34,779,58,760,75,1162
1638,37,796,49,770,78,1213
1639,36,792,47,786,81,1247
1640,29,795,44,820,81,1298
1641,23,821,35,825,89,1328
1642,30,845,33,832,72,1386
1643,32,867,46,846,69,1406
1644,26,888,40,844,64,1415
1645,21,888,35,845,78,1493
1646,21,862,44,837,78,1474
1647,16,890,39,832,67,1462
1648,19,894,35,834,68,1487
1649,17,882,30,840,61,1503
1650,9,880,19,848,61,1431
1651,17,901,26,879,69,1380
1652,12,912,27,870,56,1335
1653,16,947,33,880,66,1336
1654,17,908,36,885,75,1346
1655,18,950,32,908,60,1362
1656,20,929,41,902,74,1397
1657,22,945,41,891,86,1358
1658,12,964,33,896,62,1349
1659,13,961,29,909,60,1417
1660,20,953,34,946,67,1490
1661,22,973,29,931,62,1502
1662,22,953,31,931,76,1492
1663,30,948,44,907,75,1534
1664,25,948,37,895,72,1624
1665,29,894,36,871,69,1660
1666,25,913,38,871,68,1685
1667,17,870,41,835,77,1641
1668,23,904,32,827,64,1669
1669,22,938,27,827,67,1626
1670,18,936,27,856,72,1637
1671,31,947,30,850,70,1640
1672,23,933,30,822,85,1661
1673,23,915,41,806,75,1606
1674,24,906,47,822,78,1623
1675,28,896,40,781,85,1571
1676,32,899,33,822,80,1559
1677,34,923,34,821,87,1566
1678,22,921,39,790,72,1585
1679,18,884,31,808,66,1592
1680,22,858,22,803,67,1562
1681,18,876,35,839,59,1585
1682,24,891,29,834,59,1572
1683,16,914,27,835,71,1582
1684,21,916,27,850,63,1592
1685,16,934,31,871,59,1636
1686,18,945,38,872,78,1648
1687,24,958,37,873,67,1648
1688,14,949,37,870,72,1638
1689,27,946,27,880,83,1584
1690,23,947,35,883,73,1559
1691,17,960,29,881,64,1564
1692,24,943,25,872,71,1578
1693,15,937,26,845,67,1614
1694,25,928,31,840,63,1655
1695,31,891,35,862,67,1595
1696,23,900,27,850,58,1659
1697,19,895,28,843,67,1680
1698,29,918,28,831,65,1684
1699,22,917,27,849,63,1697
1700,20,927,25,860,64,1708
1701,22,953,35,852,61,1720
1702,20,957,42,880,72,1722
1703,28,968,54,882,58,1716
1704,26,960,53,877,74,1697
1705,33,975,42,886,63,1676
1706,33,973,36,890,77,1657
1707,34,969,42,881,76,1689
1708,27,961,38,885,78,1700
1709,32,979,39,897,82,1699
1710,28,985,37,928,73,1702
1711,26,963,30,916,75,1698
1712,30,972,37,942,74,1712
1713,33,974,35,936,59,1659
1714,27,996,32,959,62,1699
1715,31,970,36,935,54,1679
1716,22,990,31,983,67,1678
1717,23,1003,34,965,64,1704
1718,21,1016,44,979,66,1700
1719,28,1022,55,998,63,1688
1720,38,1087,48,980,65,1644
1721,38,1071,54,963,86,1621
1722,29,1086,52,968,72,1593
1723,35,1076,45,983,58,1584
1724,40,1084,40,969,76,1601
1725,44,1074,42,943,76,1576
1726,37,1118,51,944,84,1525
1727,42,1085,54,945,76,1530
1728,40,1088,54,940,86,1573
1729,36,1040,53,961,75,1538
1730,30,1072,49,934,81,1561
1731,42,1066,50,918,75,1549
1732,34,1070,43,970,71,1541
1733,28,1055,35,948,79,1546
1734,17,1066,25,965,64,1564
1735,18,1032,28,935,47,1559
1736,15,1001,36,924,55,1560
1737,18,955,30,900,46,1529
1738,14,930,32,874,51,1525
1739,19,918,36,892,57,1501
1740,21,897,42,886,59,1461
1741,17,878,35,877,54,1420
1742,23,851,45,861,62,1417
1743,22,850,43,815,59,1390
1744,22,801,36,807,60,1373
1745,18,766,40,775,66,1300
1746,23,753,41,772,53,1323
1747,23,726,38,757,57,1321
1748,20,728,27,765,53,1348
1749,16,742,32,767,56,1326
1750,21,774,37,779,53,1332
1751,30,754,48,774,61,1384
1752,28,775,40,788,47,1383
1753,23,761,49,779,46,1430
1754,18,781,39,771,45,1440
1755,16,779,43,783,42,1478
1756,17,798,49,774,46,1513
1757,24,787,49,782,62,1540
1758,23,803,42,782,54,1567
1759,18,812,30,782,52,1586
1760,23,812,31,788,43,1622
1761,23,810,38,779,47,1637
1762,17,820,38,739,47,1668
1763,19,830,37,709,50,1701
1764,19,790,37,709,43,1716
1765,23,795,43,696,47,1746
1766,23,756,35,658,44,1749
1767,16,742,30,662,45,1706
1768,19,743,34,657,43,1749
1769,17,739,25,664,53,1731
1770,19,738,17,636,45,1754
1771,22,709,26,632,50,1780
1772,21,728,32,623,52,1791
1773,12,724,36,609,58,1815
1774,13,680,37,602,45,1786
1775,16,662,32,578,58,1821
1776,20,660,28,572,58,1813
1777,14,626,33,556,65,1801
1778,16,601,30,545,62,1786
1779,22,582,25,541,65,1788
1780,18,549,31,543,70,1794
1781,19,571,37,558,63,1819
1782,26,565,32,549,66,1819
1783,20,575,28,563,59,1849
1784,17,586,27,565,65,1892
1785,26,598,28,556,57,1887
1786,18,599,21,553,51,1846
1787,23,584,26,565,43,1850
1788,26,611,24,577,63,1822
1789,23,597,20,578,62,1795
1790,15,590,15,567,60,1810
1791,20,618,17,567,62,1734
1792,22,627,14,549,53,1745
1793,11,588,13,517,62,1693
1794,12,585,15,548,54,1616
1795,18,564,13,527,51,1573
1796,23,534,13,511,57,1534
1797,20,543,18,510,55,1490
1798,23,540,16,507,50,1513
1799,19,524,12,494,40,1469
1800,23,535,15,485,50,1443
1801,18,503,19,476,55,1435
1802,12,502,21,460,54,1406
1803,9,497,18,464,60,1387
1804,11,494,13,486,65,1381
1805,11,520,14,475,53,1396
1806,10,493,11,476,45,1353
1807,8,494,9,479,43,1358
1808,9,503,11,487,38,1352
1809,6,507,11,474,32,1373
1810,9,508,12,495,34,1385
1811,9,518,14,484,41,1362
1812,7,511,17,493,29,1338
1813,9,522,20,483,46,1408
1814,15,513,22,496,48,1452
1815,15,504,24,518,52,1467
1816,11,518,17,523,56,1501
1817,12,526,17,516,50,1477
1818,7,529,11,507,57,1498
1819,8,527,16,505,59,1547
1820,5,527,16,486,49,1537
1821,7,506,19,489,60,1615
1822,6,491,17,474,52,1622
1823,8,517,16,485,52,1584
1824,4,504,13,495,55,1567
1825,6,509,14,504,64,1566
1826,8,522,11,530,71,1589
1827,5,549,14,526,66,1566
1828,3,551,15,533,65,1594
1829,9,552,15,530,65,1654
1830,5,563,16,516,63,1632
1831,7,578,15,507,64,1673
1832,4,574,22,507,56,1723
1833,10,591,22,534,60,1722
1834,12,576,23,500,54,1718
1835,9,582,23,534,52,1689
1836,16,567,30,533,54,1722
1837,11,565,32,531,54,1728
1838,13,548,24,527,36,1698
1839,11,556,22,538,41,1648
1840,8,552,17,520,33,1596
1841,10,534,16,529,40,1551
1842,8,528,9,502,37,1513
1843,8,546,7,481,27,1439
1844,8,532,8,477,21,1385
1845,5,521,6,479,20,1358
1846,6,521,8,472,18,1343
1847,3,501,9,471,19,1349
1848,3,512,8,456,32,1343
1849,3,485,10,442,24,1341
1850,6,494,9,441,22,1385
1851,5,498,8,432,26,1383
1852,8,501,9,448,27,1411
1853,8,512,7,453,37,1411
1854,2,509,9,467,40,1383
1855,6,524,7,459,32,1421
1856,7,523,10,442,35,1413
1857,6,507,11,431,38,1438
1858,6,539,9,461,32,1410
1859,7,531,6,475,35,1382
1860,4,548,6,462,28,1425
1861,3,556,12,480,32,1464
1862,13,544,13,495,42,1513
1863,9,538,11,478,35,1508
1864,5,520,10,463,38,1507
1865,10,498,8,462,36,1543
1866,6,502,17,444,37,1528
1867,6,482,9,448,38,1538
1868,6,462,12,442,36,1496
1869,6,466,10,441,38,1508
1870,5,482,14,439,46,1504
1871,7,485,12,441,47,1534
1872,5,472,14,443,37,1496
1873,6,473,16,437,42,1479
1874,7,473,13,425,34,1469
1875,4,489,13,451,39,1475
1876,6,494,16,460,40,1442
1877,5,488,17,472,42,1409
1878,6,496,15,495,50,1365
1879,6,499,16,485,43,1348
1880,5,492,17,501,51,1356
1881,4,513,14,494,52,1376
1882,4,514,17,503,48,1380
1883,6,521,16,512,51,1343
1884,4,535,23,504,41,1393
1885,4,541,22,501,48,1368
1886,5,542,18,511,44,1409
1887,9,555,21,531,45,1404
1888,6,580,15,496,45,1454
1889,10,557,17,489,26,1449
1890,7,537,20,487,27,1426
1891,6,548,13,457,36,1435
1892,10,552,19,463,33,1369
1893,4,555,22,456,43,1366
1894,11,545,18,458,40,1334
1895,10,545,15,438,42,1296
1896,8,545,20,446,45,1283
1897,7,533,23,437,41,1287
1898,13,528,20,422,37,1298
1899,5,521,20,417,46,1268
1900,7,484,18,427,41,1278
1901,6,471,9,397,28,1187
1902,5,458,16,396,38,1147
1903,12,469,14,402,34,1137
1904,7,438,11,395,36,1151
1905,8,464,10,396,36,1123
1906,5,467,20,397,36,1101
1907,12,484,15,414,39,1112
1908,9,467,11,409,46,1075
1909,13,459,16,407,38,1094
1910,11,438,17,411,35,1102
1911,15,446,16,422,38,1133
1912,20,435,24,420,41,1115
1913,17,444,14,425,35,1137
1914,27,431,17,425,43,1113
1915,24,433,22,418,43,1104
1916,26,444,25,411,50,1127
1917,26,465,25,406,41,1137
1918,32,467,27,427,43,1173
1919,26,459,24,427,36,1196
1920,28,478,23,437,51,1201
1921,32,487,33,439,45,1212
1922,28,474,33,455,54,1223
1923,30,506,41,465,42,1238
1924,32,528,40,465,48,1150
1925,38,536,43,468,48,1194
1926,47,542,48,479,63,1206
1927,41,530,50,484,64,1208
1928,48,552,51,505,66,1205
1929,46,549,48,526,63,1218
1930,49,572,51,551,65,1260
1931,47,577,51,579,86,1236
1932,57,586,55,575,65,1239
1933,60,609,63,598,76,1210
1934,47,622,65,622,73,1209
1935,65,619,66,609,71,1192
1936,63,648,56,600,83,1203
1937,55,679,58,611,75,1254
1938,60,665,54,622,82,1201
1939,58,665,63,615,93,1238
1940,48,635,58,622,81,1172
1941,56,632,56,628,84,1227
1942,51,639,61,613,85,1260
1943,62,636,63,635,72,1217
1944,62,672,58,642,75,1232
1945,56,668,58,630,77,1212
1946,52,642,61,643,76,1197
1947,49,652,58,645,73,1204
1948,59,650,62,659,74,1208
1949,37,616,47,675,74,1230
1950,52,632,50,699,73,1249
1951,49,637,62,703,87,1305
1952,54,621,66,703,97,1282
1953,62,637,69,717,93,1255
1954,73,647,79,712,105,1253
1955,75,648,76,719,132,1224
1956,84,664,71,722,114,1206
1957,71,660,84,736,131,1276
1958,78,665,75,746,129,1323
1959,81,642,80,758,133,1356
1960,74,668,88,765,127,1344
1961,80,681,78,760,117,1380
1962,82,691,91,768,131,1368
1963,78,702,85,781,119,1365
1964,89,658,93,736,125,1420
1965,94,677,93,750,122,1425
1966,89,694,94,753,121,1445
1967,78,709,101,767,136,1507
1968,87,708,100,773,147,1502
1969,82,734,95,783,149,1554
1970,83,736,86,759,141,1573
1971,96,723,95,758,146,1588
1972,73,728,98,746,135,1575
1973,86,703,98,749,153,1521
1974,81,713,104,756,145,1565
1975,94,691,100,746,161,1539
1976,87,734,104,758,164,1410
1977,103,723,116,786,169,1393
1978,104,752,116,766,164,1387
1979,92,751,113,764,159,1372
1980,98,728,115,756,169,1403
1981,112,742,125,783,164,1417
1982,91,751,118,806,155,1437
1983,94,751,119,794,164,1421
1984,94,752,117,817,152,1433
1985,106,771,117,827,153,1448
1986,106,758,110,816,162,1436
1987,115,781,110,827,149,1400
1988,99,778,125,851,153,1512
1989,100,789,122,840,142,1507
1990,109,808,130,859,162,1551
1991,113,817,132,847,167,1599
1992,106,822,122,858,158,1593
1993,103,798,118,853,158,1587
1994,110,808,127,832,160,1543
1995,92,802,111,834,164,1604
1996,106,827,118,855,155,1604
1997,114,804,104,871,147,1658
1998,92,818,109,870,162,1700
1999,104,805,117,875,174,1761
2000,94,834,121,883,161,1767
2001,80,809,121,899,159,1709
2002,92,819,97,919,165,1747
2003,79,791,106,915,157,1729
2004,76,842,102,923,144,1758
2005,75,794,108,882,157,1740
2006,65,816,103,857,149,1748
2007,63,801,102,842,159,1761
2008,72,816,97,810,143,1790
2009,70,769,83,757,161,1825
2010,61,753,93,792,137,1804
2011,61,748,82,798,150,1785
2012,58,759,77,772,153,1823
2013,59,784,86,743,152,1782
2014,56,778,75,757,157,1755
2015,53,773,78,774,168,1689
2016,73,768,74,801,158,1667
2017,66,802,95,818,170,1675
2018,55,832,75,813,156,1671
2019,57,855,83,831,157,1677
2020,53,857,88,832,154,1664
2021,68,883,97,855,152,1687
2022,66,835,84,849,143,1725
2023,75,893,101,874,154,1691
2024,78,879,95,888,153,1752
2025,77,900,92,890,153,1728
2026,80,890,104,852,154,1738
2027,82,916,94,868,128,1776
2028,96,866,77,863,124,1824
2029,88,900,88,841,142,1809
2030,81,879,91,853,152,1834
2031,85,868,89,844,139,1805
2032,81,868,90,850,138,1851
2033,88,868,85,827,143,1861
2034,83,877,84,837,134,1901
2035,95,874,96,852,131,1941
2036,84,905,95,841,134,1933
2037,97,903,105,864,133,1952
2038,90,902,99,873,132,1937
2039,103,878,91,888,124,1974
2040,98,894,108,913,136,2008
2041,107,896,116,916,127,1975
2042,105,918,109,908,128,1957
2043,113,904,127,898,137,2075
2044,101,916,125,928,129,2096
2045,106,941,132,914,114,2051
2046,113,910,137,936,118,1993
2047,103,912,136,919,125,2087
2048,97,937,141,910,118,2058
2049,111,922,147,912,126,1979
2050,119,937,145,897,131,2008
2051,112,893,135,893,128,1945
2052,105,926,122,886,129,1901
2053,108,914,115,872,124,1880
2054,93,898,127,868,135,1903
2055,83,893,105,839,113,1897
2056,77,895,104,852,120,1898
2057,77,874,108,877,88,1887
2058,84,901,113,893,109,1882
2059,83,905,108,898,115,1836
2060,88,889,94,905,125,1892
2061,78,906,100,927,120,1877
2062,72,910,86,923,122,1975
2063,56,935,93,926,112,1994
2064,62,957,107,932,109,1921
2065,82,957,92,927,117,2001
2066,65,944,104,917,109,2029
2067,64,952,120,921,118,2052
2068,82,955,103,927,131,2037
2069,79,971,107,916,134,2083
2070,79,957,113,904,135,2099
2071,76,930,121,913,133,2110
2072,76,955,124,874,136,2069
2073,85,912,117,866,139,2075
2074,89,958,119,891,148,2031
2075,84,957,115,880,138,2091
2076,81,947,111,867,153,2071
2077,70,955,113,870,149,2007
2078,59,913,93,861,149,2003
2079,63,942,88,883,144,2011
2080,59,942,96,890,156,1970
2081,61,925,90,899,146,1981
2082,61,946,95,930,154,1945
2083,73,935,107,947,136,1951
2084,76,952,93,952,146,1955
2085,77,959,108,936,137,1898
2086,74,984,107,932,131,1880
2087,70,972,100,919,125,1864
2088,71,980,95,905,124,1869
2089,62,972,93,884,126,1835
2090,61,911,101,885,121,1733
2091,66,919,99,847,127,1664
2092,58,872,78,824,113,1644
2093,47,870,75,795,103,1601
2094,52,839,64,779,112,1591
2095,59,826,64,778,117,1574
2096,59,814,87,778,116,1542
2097,61,820,67,788,118,1473
2098,52,821,69,820,115,1508
2099,58,838,71,810,114,1477
2100,56,826,72,816,113,1514
2101,50,871,68,816,127,1494
2102,51,832,67,859,121,1552
2103,56,885,70,841,145,1565
2104,61,887,66,844,151,1644
2105,67,865,90,836,151,1653
2106,65,883,83,834,155,1633
2107,75,866,97,820,152,1607
2108,61,857,87,825,154,1588
2109,63,854,90,846,155,1641
2110,55,841,93,834,143,1636
2111,50,869,103,858,148,1696
2112,57,856,90,871,120,1691
2113,43,867,85,885,134,1670
2114,41,842,88,871,132,1657
2115,47,848,72,853,133,1579
2116,43,793,72,803,115,1547
2117,41,757,60,804,105,1421
2118,43,741,64,795,108,1420
2119,46,710,65,773,111,1339
2120,49,714,58,742,107,1326
2121,41,679,61,731,99,1281
2122,41,657,53,719,99,1291
2123,52,647,52,705,90,1298
2124,39,635,60,718,95,1374
2125,33,627,49,726,107,1367
2126,37,632,60,733,104,1427
2127,43,630,59,718,109,1453
2128,29,647,55,745,108,1453
2129,34,649,58,742,108,1505
2130,26,640,64,743,100,1498
2131,29,664,76,704,100,1528
2132,32,660,60,696,112,1526
2133,29,639,49,674,119,1567
2134,32,660,54,678,123,1527
2135,35,629,55,680,106,1577
2136,31,634,68,714,105,1602
2137,26,629,59,710,108,1553
2138,24,637,68,709,101,1603
2139,33,637,66,715,115,1622
2140,26,643,62,710,103,1607
2141,29,621,67,717,95,1608
2142,22,633,59,726,102,1590
2143,25,649,63,707,106,1581
2144,36,636,73,728,117,1524
2145,32,647,71,740,113,1530
2146,38,676,76,746,116,1489
2147,37,704,84,804,123,1489
2148,30,729,92,818,103,1480
2149,41,734,86,812,113,1466
2150,29,761,80,830,118,1496
2151,33,783,65,815,102,1490
2152,45,776,80,834,116,1504
2153,38,806,84,846,114,1468
2154,29,841,59,879,95,1475
2155,35,841,94,888,106,1478
2156,36,881,84,908,94,1522
2157,35,909,76,907,109,1570
2158,32,922,65,879,91,1538
2159,26,920,70,868,92,1593
2160,22,919,54,864,74,1578
2161,18,909,56,876,94,1595
2162,28,927,53,932,85,1618
2163,18,925,56,902,87,1577
2164,25,901,71,887,91,1580
2165,29,890,53,841,83,1566
2166,35,858,67,779,99,1517
2167,36,791,50,743,97,1555
2168,34,791,53,712,87,1517
2169,28,756,61,679,77,1479
2170,28,673,59,669,96,1482
2171,38,652,71,653,87,1391
2172,34,641,64,699,84,1370
2173,39,641,77,741,92,1371
2174,37,676,78,762,96,1304
2175,34,694,88,791,104,1310
2176,37,705,82,803,86,1284
2177,33,735,77,813,88,1248
2178,52,741,68,850,88,1249
2179,51,778,70,858,81,1286
2180,48,792,84,826,75,1268
2181,45,782,79,825,75,1281
2182,51,750,76,834,74,1350
2183,57,724,89,828,93,1313
2184,59,741,100,850,94,1276
2185,72,730,97,866,110,1339
2186,65,734,103,856,111,1317
2187,54,737,85,842,116,1352
2188,53,724,80,840,106,1320
2189,57,721,80,832,102,1369
2190,42,755,73,820,83,1349
2191,40,756,68,810,82,1373
2192,48,772,63,811,79,1342
2193,35,763,53,787,78,1284
2194,43,757,65,762,59,1249
2195,37,731,63,751,66,1200
2196,44,703,53,744,72,1225
2197,27,667,52,712,67,1155
2198,35,640,47,680,69,1129
2199,24,597,45,705,81,1075
2200,22,584,46,670,69,1020
2201,17,564,51,700,59,1022
2202,20,596,48,700,61,1017
2203,21,590,43,685,68,998
2204,20,589,38,691,62,953
2205,17,602,39,652,71,910
2206,19,607,42,642,51,939
2207,29,613,40,609,54,969
2208,21,587,41,615,61,907
2209,31,578,46,634,73,908
2210,24,595,54,626,56,938
2211,26,598,39,627,62,930
2212,22,575,40,629,61,952
2213,25,577,37,630,65,962
2214,23,573,29,657,56,999
2215,21,601,33,654,55,979
2216,26,596,28,662,69,1034
2217,21,601,35,665,47,1031
2218,22,609,29,687,64,1068
2219,19,612,40,685,60,1067
2220,22,632,25,688,51,1071
2221,22,646,34,701,49,1067
2222,19,662,41,702,47,1085
2223,23,659,47,721,48,1098
2224,21,652,38,685,48,1086
2225,20,690,47,659,48,1029
2226,22,673,34,649,50,975
2227,22,663,39,644,58,934
2228,22,638,43,635,45,922
2229,27,689,38,654,44,946
2230,34,657,43,670,51,962
2231,29,628,39,681,52,997
2232,25,638,37,679,50,1013
2233,29,632,25,702,68,1047
2234,21,651,27,714,73,1093
2235,20,662,29,742,76,1078
2236,24,649,34,767,68,1029
2237,28,715,29,788,60,1053
2238,29,722,31,780,72,993
2239,35,728,31,772,76,1028
2240,19,736,26,712,62,1031
2241,30,684,22,708,55,1006
2242,30,629,26,677,53,923
2243,22,613,19,699,58,905
2244,20,651,11,685,57,898
2245,12,643,19,677,60,886
2246,19,608,12,660,52,882
2247,27,625,14,685,62,879
2248,23,573,15,723,54,834
2249,29,607,19,690,44,881
2250,28,611,21,662,47,875
2251,20,616,18,665,50,894
2252,24,620,18,636,26,912
2253,13,577,12,565,39,850
2254,9,523,8,571,26,779
2255,12,537,7,551,24,756
2256,8,547,5,570,24,784
2257,5,559,5,566,17,749
2258,5,537,1,547,18,735
2259,6,536,7,544,17,733
2260,5,524,7,496,24,718
2261,6,494,4,498,10,688
2262,5,469,3,489,9,704
2263,10,430,3,489,11,684
2264,6,450,6,480,16,695
2265,7,439,7,479,10,709
2266,8,398,5,470,12,672
2267,5,389,6,488,16,666
2268,7,398,9,484,19,682
2269,7,391,5,487,7,691
2270,7,383,4,459,9,654
2271,2,391,10,467,24,658
2272,7,374,8,468,8,667
2273,5,384,2,457,5,673
2274,5,368,8,449,13,727
2275,5,358,3,463,13,705
2276,7,392,7,455,13,742
2277,6,398,5,473,15,700
2278,5,399,1,464,17,748
2279,7,417,4,482,16,720
2280,11,408,4,463,23,766
2281,4,418,4,474,21,755
2282,7,403,7,452,31,747
2283,6,400,8,474,21,780
2284,6,395,5,464,27,727
2285,5,405,2,480,24,722
2286,9,404,1,439,27,669
2287,6,387,4,422,41,634
2288,2,386,3,416,33,665
2289,2,386,7,420,39,657
2290,5,386,5,436,33,703
2291,3,418,6,472,42,708
2292,3,429,4,487,41,769
2293,5,458,7,526,34,761
2294,6,483,10,530,51,795
2295,3,491,12,564,41,881
2296,4,493,11,566,62,871
2297,4,500,7,573,37,850
2298,6,511,9,589,49,913
2299,12,513,6,578,32,876
2300,6,514,3,621,39,906
2301,6,557,8,683,29,1042
2302,8,584,14,703,40,1085
2303,9,539,9,718,27,1038
2304,9,574,13,702,48,1062
2305,8,546,15,713,38,1060
2306,5,565,12,688,29,1066
2307,7,546,13,662,39,1060
2308,13,547,19,672,36,1090
2309,14,532,17,719,40,1120
2310,8,563,18,708,40,1175
2311,12,565,19,731,34,1190
2312,7,533,11,737,33,1207
2313,8,586,15,766,36,1281
2314,6,559,11,801,32,1311
2315,6,580,10,780,28,1395
2316,11,578,13,840,29,1307
2317,12,635,15,854,22,1338
2318,7,673,15,888,22,1294
2319,8,608,7,878,21,1321
2320,2,580,5,801,19,1300
2321,6,601,10,806,17,1248
2322,4,550,9,749,13,1193
2323,8,508,4,728,27,1152
2324,5,552,4,707,15,1157
2325,5,523,5,702,16,1117
2326,6,522,6,650,8,1131
2327,4,518,4,657,14,1150
2328,4,513,2,631,6,1200
2329,1,511,1,646,5,1185
2330,2,522,3,671,8,1213
2331,10,560,5,643,10,1229
2332,9,528,6,635,7,1161
2333,7,465,8,540,9,1077
2334,3,476,12,488,13,1005
2335,6,474,6,501,15,1011
2336,5,491,7,511,9,977
2337,8,499,8,525,9,995
2338,7,503,14,574,11,988
2339,7,510,19,546,18,1019
2340,5,508,18,560,15,1021
2341,13,495,18,532,14,995
2342,2,473,15,499,12,972
2343,9,470,17,502,16,915
2344,10,461,18,479,16,915
2345,8,472,7,483,22,911
2346,10,462,14,499,19,884
2347,8,453,12,511,17,906
2348,13,459,14,489,23,895
2349,9,463,6,499,20,899
2350,9,470,10,474,23,907
2351,10,465,9,481,16,904
2352,3,433,4,473,15,883
2353,9,422,10,473,16,882
2354,4,414,7,434,16,857
2355,3,410,9,424,19,787
2356,4,374,5,383,12,804
2357,2,356,2,347,5,793
2358,3,344,2,317,7,777
2359,4,347,1,297,11,750
2360,5,340,2,274,6,767
2361,1,322,3,266,9,790
2362,2,321,1,258,3,801
2363,2,331,0,253,3,798
2364,3,325,0,254,3,852
2365,1,326,2,258,6,841
2366,1,307,3,245,5,881
2367,3,316,3,271,12,893
2368,0,309,0,253,12,876
2369,1,307,2,261,11,885
2370,0,299,0,252,9,879
2371,0,299,0,251,18,822
2372,5,308,1,257,11,774
2373,3,295,2,250,6,739
2374,3,304,1,260,7,725
2375,4,285,1,254,10,676
2376,1,288,3,249,12,688
2377,3,296,1,253,5,655
2378,2,284,1,247,5,658
2379,2,277,0,239,10,661
2380,5,282,1,240,15,690
2381,1,283,1,237,12,706
2382,2,278,1,226,19,728
2383,2,271,3,228,20,742
2384,2,271,4,229,18,746
2385,0,285,2,228,15,737
2386,0,289,2,232,21,736
2387,0,273,3,228,17,730
2388,3,278,1,238,15,748
2389,3,290,2,235,20,774
2390,3,293,1,239,22,812
2391,2,278,2,240,12,874
2392,1,291,4,237,16,871
2393,3,311,5,265,20,881
2394,5,324,5,260,14,935
2395,3,316,2,272,18,978
2396,0,305,5,270,16,1030
2397,1,309,6,275,13,1097
2398,5,293,9,288,27,1146
2399,2,293,8,258,23,1211
2400,3,298,3,256,22,1238
2401,5,298,11,246,17,1326
2402,5,315,6,230,16,1322
2403,4,339,7,243,28,1402
2404,5,354,11,257,29,1426
2405,8,380,11,289,28,1444
2406,9,392,11,282,33,1484
2407,7,384,12,303,39,1502
2408,10,371,18,322,33,1467
2409,10,367,15,306,36,1455
2410,8,367,15,311,47,1346
2411,14,372,16,320,58,1315
2412,7,382,17,324,65,1325
2413,10,368,28,329,73,1321
2414,7,378,22,311,61,1312
2415,10,391,23,326,64,1313
2416,10,382,22,321,73,1357
2417,12,367,23,315,52,1382
2418,15,354,22,315,56,1383
2419,18,363,29,315,64,1350
2420,11,367,25,305,75,1365
2421,26,386,30,310,71,1300
2422,16,387,26,308,82,1386
2423,17,386,40,314,77,1391
2424,22,395,47,328,86,1413
2425,20,390,41,345,81,1412
2426,23,405,47,352,86,1475
2427,22,418,41,352,95,1466
2428,21,398,42,376,78,1464
2429,16,407,42,371,80,1505
2430,20,392,35,378,84,1498
2431,21,401,32,381,86,1528
2432,15,422,37,392,75,1563
2433,12,425,45,389,64,1559
2434,22,439,34,393,73,1515
2435,17,429,31,418,79,1493
2436,17,421,33,419,80,1499
2437,15,419,30,407,77,1512
2438,16,421,33,418,87,1497
2439,18,410,30,419,73,1504
2440,11,424,20,414,72,1490
2441,9,430,26,425,81,1485
2442,13,433,18,409,67,1544
2443,5,457,18,410,74,1531
2444,6,448,16,380,68,1588
2445,11,432,16,390,62,1637
2446,16,421,20,394,69,1594
2447,20,436,23,421,58,1596
2448,14,431,23,438,68,1664
2449,17,430,17,421,82,1551
2450,15,444,25,413,83,1593
2451,15,452,23,433,85,1609
2452,18,455,21,440,91,1609
2453,27,487,23,422,82,1558
2454,25,468,28,426,101,1629
2455,19,478,28,434,92,1677
2456,17,472,26,471,79,1688
2457,14,444,27,479,79,1715
2458,11,412,17,447,81,1718
2459,12,396,20,433,80,1647
2460,12,386,21,415,75,1640
2461,11,379,12,411,75,1640
2462,8,378,19,412,62,1588
2463,8,383,15,407,60,1531
2464,4,368,16,399,54,1411
2465,7,399,10,390,54,1393
2466,8,385,11,397,50,1378
2467,12,393,13,399,49,1381
2468,6,391,12,387,47,1387
2469,6,381,15,396,51,1347
2470,8,371,15,404,56,1418
2471,8,376,15,400,58,1356
2472,5,368,18,399,62,1366
2473,4,348,11,400,57,1410
2474,2,355,12,400,51,1452
2475,3,360,8,390,47,1435
2476,5,345,9,388,52,1436
2477,2,340,11,374,48,1414
2478,2,338,13,362,29,1415
2479,4,308,7,337,32,1444
2480,7,333,9,332,33,1461
2481,9,315,16,330,34,1421
2482,9,314,11,322,31,1406
2483,8,314,13,328,28,1306
2484,10,312,15,328,45,1248
2485,9,308,9,311,42,1247
2486,11,310,13,299,42,1182
2487,12,341,9,307,40,1085
2488,15,347,18,303,46,979
2489,20,359,14,314,47,957
2490,15,360,20,308,47,925
2491,21,361,16,331,52,933
2492,23,367,18,318,45,871
2493,22,375,17,325,37,918
2494,20,374,14,336,43,911
2495,26,393,17,351,46,922
2496,26,408,19,362,46,934
2497,30,434,20,387,58,969
2498,28,442,22,397,56,944
2499,28,453,18,406,64,961
2500,37,469,24,399,66,954
2501,30,480,31,434,62,985
2502,29,498,28,428,65,1030
2503,25,522,33,452,78,1043
2504,24,537,31,467,78,1052
2505,29,549,29,465,79,1081
2506,23,569,26,475,72,1056
2507,27,585,36,491,79,1034
2508,24,589,37,513,76,1064
2509,25,581,39,526,81,1088
2510,18,615,43,547,78,1119
2511,25,625,36,591,75,1141
2512,23,651,33,606,83,1119
2513,30,645,52,630,85,1140
2514,25,674,45,643,77,1150
2515,30,668,63,678,92,1152
2516,22,702,61,692,105,1201
2517,40,720,65,719,107,1222
2518,26,682,72,740,121,1253
2519,24,676,58,737,114,1209
2520,37,670,60,755,115,1198
2521,29,633,64,759,119,1181
2522,29,591,63,743,112,1207
2523,16,593,60,729,110,1143
2524,21,620,44,690,94,1132
2525,26,627,45,692,90,1104
2526,23,679,55,686,116,1113
2527,17,684,40,675,96,1118
2528,25,667,47,679,108,1160
2529,30,693,57,681,101,1170
2530,23,695,49,662,96,1108
2531,35,692,56,685,120,1069
2532,27,693,49,662,104,1026
2533,22,709,48,651,105,928
2534,21,694,56,659,91,912
2535,17,676,55,679,90,867
2536,26,685,56,690,88,894
2537,25,688,69,702,84,910
2538,32,672,54,696,98,881
2539,30,694,53,684,94,904
2540,28,694,48,641,91,890
2541,31,697,48,670,83,871
2542,41,696,55,652,88,907
2543,25,668,44,648,93,913
2544,30,604,50,633,102,925
2545,29,625,57,615,99,883
2546,39,591,61,608,102,920
2547,39,578,69,589,88,861
2548,34,552,66,574,97,908
2549,32,566,57,571,86,862
2550,26,551,61,576,83,867
2551,27,551,41,594,83,833
2552,38,528,58,563,76,824
2553,38,526,55,551,84,809
2554,36,512,53,564,78,757
2555,29,496,50,556,74,713
2556,22,502,45,528,69,685
2557,21,491,33,512,60,686
2558,22,491,29,504,43,690
2559,10,479,25,498,39,692
2560,12,475,29,492,40,724
2561,9,480,11,484,33,733
2562,4,470,15,465,30,699
2563,9,509,9,447,23,723
2564,8,526,17,441,23,724
2565,6,538,18,432,32,766
2566,9,566,16,451,19,809
2567,12,558,16,456,26,825
2568,10,578,19,467,25,841
2569,9,546,13,481,22,913
2570,13,604,22,495,28,926
2571,10,597,19,490,33,960
2572,7,610,16,494,27,984
2573,10,572,20,479,29,997
2574,5,595,22,496,27,1074
2575,12,596,15,493,28,1092
2576,16,623,17,485,29,1114
2577,11,587,12,487,22,1051
2578,15,593,12,508,31,1020
2579,11,586,21,500,33,1036
2580,16,585,26,510,39,1050
2581,13,554,17,503,32,1031
2582,18,584,21,494,34,1077
2583,15,604,25,510,35,1022
2584,14,547,17,496,34,1040
2585,17,539,19,520,42,1036
2586,13,559,15,518,39,1042
2587,19,545,22,514,37,1033
2588,26,560,31,501,40,944
2589,19,545,22,510,43,970
2590,23,563,29,530,38,939
2591,21,545,24,514,45,917
2592,15,504,33,506,39,911
2593,19,487,17,513,32,910
2594,13,464,29,471,41,866
2595,12,455,26,481,41,849
2596,16,458,22,468,44,832
2597,24,452,35,458,44,830
2598,22,456,30,456,54,834
2599,15,478,35,465,54,845
2600,22,473,38,470,61,869
2601,28,490,37,469,60,832
2602,25,477,40,470,57,849
2603,11,449,28,465,58,877
2604,14,471,24,451,51,865
2605,16,461,21,469,38,883
2606,19,491,20,482,49,853
2607,14,489,21,477,46,870
2608,16,513,23,491,50,848
2609,25,537,36,495,49,860
2610,17,513,31,493,54,839
2611,17,505,38,474,47,823
2612,20,515,30,473,52,813
2613,13,517,34,483,58,838
2614,14,536,27,462,55,806
2615,22,515,25,480,54,828
2616,18,539,35,485,52,843
2617,19,545,31,484,45,894
2618,11,546,25,477,55,890
2619,15,564,22,475,49,867
2620,20,550,37,475,46,863
2621,22,591,27,489,52,890
2622,23,592,23,490,41,889
2623,14,605,28,500,46,881
2624,14,561,30,503,58,888
2625,15,580,35,509,43,852
2626,17,561,35,499,39,873
2627,25,560,35,519,44,844
2628,24,554,40,498,35,849
2629,25,578,32,506,38,823
2630,31,564,45,510,43,888
2631,26,597,45,505,28,882
2632,30,593,50,511,36,901
2633,41,601,49,518,40,902
2634,39,589,60,508,23,918
2635,33,612,53,517,28,927
2636,25,579,49,510,39,920
2637,32,581,41,501,39,861
2638,33,566,49,508,39,849
2639,24,565,37,510,25,822
2640,19,578,43,518,33,836
2641,18,561,41,514,32,853
2642,23,569,36,519,34,825
2643,26,566,40,501,43,831
2644,28,570,39,506,35,794
2645,25,546,36,498,38,787
2646,21,562,26,508,42,773
2647,19,524,27,489,38,787
2648,15,518,14,473,33,766
2649,24,539,20,448,36,788
2650,14,518,23,459,31,769
2651,20,532,33,457,36,739
2652,28,513,29,460,43,713
2653,20,525,33,457,44,743
2654,19,512,32,467,48,722
2655,29,512,36,477,49,747
2656,29,508,41,476,60,751
2657,32,519,46,492,56,767
2658,33,524,36,497,64,755
2659,40,535,50,492,58,792
2660,41,516,46,517,58,768
2661,35,516,45,506,56,793
2662,33,518,47,500,53,796
2663,43,516,48,502,56,836
2664,37,495,51,488,58,811
2665,48,508,60,485,64,837
2666,41,498,62,502,73,839
2667,47,514,59,489,62,835
2668,48,510,65,473,74,830
2669,43,518,56,477,63,827
2670,48,505,53,485,67,878
2671,49,526,51,490,66,875
2672,33,528,70,504,74,915
2673,32,520,53,532,70,904
2674,35,525,51,523,65,878
2675,30,530,50,521,75,884
2676,38,544,46,531,71,874
2677,32,519,55,548,84,913
2678,32,527,52,555,70,901
2679,31,516,60,552,76,934
2680,33,542,56,558,72,943
2681,32,547,58,552,87,954
2682,52,568,55,569,89,984
2683,36,586,54,570,78,973
2684,44,593,59,571,78,1050
2685,41,580,50,559,82,1042
2686,38,578,66,553,89,1076
2687,39,560,59,567,74,1038
2688,41,572,61,583,74,1042
2689,43,596,53,600,79,1038
2690,42,600,58,597,73,1037
2691,49,577,60,605,81,1030
2692,43,596,63,595,77,981
2693,28,616,64,613,66,996
2694,41,599,55,603,77,1016
2695,40,626,55,607,60,972
2696,41,597,62,618,76,995
2697,48,601,55,633,72,975
2698,43,617,57,629,70,952
2699,46,618,61,651,75,999
2700,60,620,64,644,71,995
2701,44,626,67,639,59,1007
2702,39,610,60,626,71,1013
2703,49,622,67,617,53,936
2704,36,623,62,626,62,990
2705,55,626,67,630,70,968
2706,47,622,63,610,68,979
2707,45,630,68,601,72,970
2708,38,640,68,596,93,987
2709,47,621,67,599,76,972
2710,41,630,65,602,88,975
2711,55,631,70,606,92,975
2712,46,651,76,606,101,991
2713,50,657,79,617,102,975
2714,47,635,75,618,102,993
2715,54,651,66,635,103,991
2716,53,660,64,620,96,1006
2717,57,656,81,634,104,980
2718,52,624,83,652,92,980
2719,47,624,83,667,101,969
2720,52,638,83,659,104,989
2721,41,637,76,680,109,1001
2722,53,614,69,672,110,970
2723,52,631,71,668,111,993
2724,47,632,79,680,110,949
2725,49,618,81,693,105,982
2726,50,633,73,671,107,972
2727,56,642,83,686,104,982
2728,49,597,77,696,102,980
2729,51,588,86,693,106,975
2730,55,576,82,680,113,980
2731,53,592,71,675,105,961
2732,48,594,79,671,90,984
2733,50,592,65,662,98,978
2734,45,616,66,675,102,966
2735,56,606,66,668,102,981
2736,51,597,64,686,96,955
2737,47,594,71,653,104,981
2738,50,592,73,663,90,962
2739,56,601,61,672,101,975
2740,61,624,73,668,103,957
2741,57,629,62,647,86,964
2742,47,623,67,642,97,985
2743,58,641,79,662,91,1000
2744,67,661,75,677,105,1006
2745,61,675,75,675,99,1035
2746,68,686,77,678,87,1057
2747,64,698,85,683,88,1062
2748,63,701,81,697,94,1085
2749,64,703,89,710,95,1088
2750,64,736,87,707,101,1031
2751,67,722,81,716,87,1051
2752,61,727,72,711,86,1034
2753,56,721,88,706,100,1072
2754,70,747,93,698,96,1093
2755,72,751,90,714,93,1115
2756,63,758,91,739,107,1160
2757,67,784,101,753,109,1163
2758,64,796,101,782,107,1153
2759,63,802,94,787,121,1127
2760,61,796,101,797,102,1135
2761,66,786,109,799,109,1079
2762,68,801,106,796,120,1123
2763,64,800,104,817,130,1112
2764,74,795,103,842,117,1133
2765,77,810,111,845,124,1136
2766,70,820,105,857,123,1159
2767,72,814,119,872,118,1158
2768,78,821,121,863,111,1142
2769,78,827,128,869,114,1154
2770,85,820,122,866,125,1129
2771,98,818,128,880,134,1151
2772,97,812,121,884,131,1131
2773,97,812,131,902,127,1158
2774,98,811,126,880,120,1137
2775,101,821,127,867,126,1126
2776,105,821,126,857,122,1130
2777,81,835,111,887,130,1098
2778,61,833,120,872,129,1129
2779,70,820,103,851,117,1097
2780,71,762,103,847,128,1078
2781,77,782,102,831,115,1045
2782,80,778,99,825,125,1070
2783,80,776,112,799,124,1027
2784,86,782,111,804,126,1041
2785,86,808,114,815,138,1034
2786,76,789,98,818,120,1017
2787,87,814,90,796,133,1047
2788,81,811,110,797,138,1045
2789,84,821,108,789,117,1020
2790,69,818,96,791,128,1003
2791,72,774,112,836,116,973
2792,78,786,103,808,131,915
2793,75,747,109,786,150,957
2794,71,744,120,793,158,940
2795,72,745,109,818,149,958
2796,77,768,112,809,146,941
2797,72,759,123,812,154,941
2798,87,783,114,796,149,950
2799,71,781,118,819,147,938
2800,77,782,104,835,146,972
2801,75,779,97,827,131,975
2802,82,796,105,822,135,933
2803,77,791,104,815,143,1003
2804,87,821,106,825,149,1009
2805,81,847,98,842,140,1005
2806,77,857,110,856,135,1007
2807,68,851,108,840,150,1040
2808,69,835,108,847,149,1033
2809,64,851,122,861,157,1033
2810,67,842,117,858,148,1077
2811,66,840,119,886,156,1083
2812,58,828,120,870,151,1079
2813,66,803,108,886,148,1084
2814,55,795,101,881,141,1063
2815,59,787,125,876,141,1110
2816,64,776,117,868,127,1093
2817,68,785,108,862,118,1089
2818,69,794,94,844,112,1091
2819,68,779,99,851,112,1096
2820,58,800,98,868,109,1021
2821,59,792,96,862,116,1011
2822,65,783,105,863,119,982
2823,62,795,103,841,111,976
2824,58,792,99,865,103,923
2825,68,806,111,847,120,946
2826,57,809,90,854,101,956
2827,55,780,93,828,100,912
2828,59,772,90,823,95,932
2829,61,795,87,850,112,915
2830,63,769,95,840,97,953
2831,63,794,85,842,98,913
2832,64,756,89,845,111,929
2833,65,750,103,825,104,905
2834,49,732,88,842,113,903
2835,51,768,98,810,111,891
2836,59,737,85,791,96,885
2837,44,735,76,756,92,890
2838,34,733,82,725,92,917
2839,42,736,62,702,79,907
2840,34,738,59,682,76,893
2841,35,724,63,690,72,905
2842,33,709,71,667,71,876
2843,24,674,60,676,68,877
2844,28,690,49,646,59,924
2845,28,655,56,627,59,889
2846,21,648,42,617,55,873
2847,25,618,45,611,63,849
2848,28,587,40,600,53,826
2849,22,605,46,585,50,777
2850,22,623,47,577,50,749
2851,20,598,50,583,51,725
2852,24,587,54,591,59,755
2853,20,604,47,582,58,739
2854,19,589,43,596,55,770
2855,17,599,45,580,60,777
2856,22,565,52,584,59,765
2857,17,580,36,570,55,723
2858,13,568,35,588,55,759
2859,23,544,37,568,53,766
2860,22,564,33,553,46,737
2861,18,576,37,546,43,757
2862,16,548,45,554,43,763
2863,15,567,34,555,44,727
2864,15,578,29,555,58,751
2865,12,558,37,553,48,761
2866,18,548,30,537,55,767
2867,14,565,29,523,62,753
2868,12,550,33,534,50,750
2869,21,536,30,548,49,744
2870,17,546,31,549,46,712
2871,21,537,28,547,47,714
2872,14,556,31,563,41,716
2873,12,557,19,574,36,716
2874,12,564,18,575,40,711
2875,20,571,25,561,46,711
2876,13,578,23,548,42,703
2877,20,579,20,561,51,708
2878,15,577,25,553,53,712
2879,11,557,26,563,40,717
2880,13,547,21,553,39,705
2881,9,550,16,546,36,693
2882,7,542,12,534,33,693
2883,9,533,19,509,32,706
2884,11,530,19,505,29,691
2885,16,530,25,520,32,695
2886,15,511,15,514,33,693
2887,17,513,17,497,33,679
2888,14,514,16,465,34,667
2889,13,497,19,482,33,673
2890,11,496,19,498,28,690
2891,13,500,19,497,30,684
2892,12,485,19,488,20,697
2893,12,477,21,497,27,696
2894,15,456,23,467,21,666
2895,17,465,20,493,27,711
2896,12,480,19,489,29,696
2897,19,457,22,476,28,716
2898,17,459,15,487,26,729
2899,17,473,17,490,24,741
2900,13,482,15,471,21,746
2901,11,465,17,463,17,734
2902,13,456,14,474,20,774
2903,16,440,14,457,11,720
2904,16,447,19,456,23,684
2905,14,426,17,459,19,703
2906,14,422,18,446,15,676
2907,15,434,23,413,21,690
2908,15,444,19,439,22,638
2909,12,419,17,441,17,649
2910,13,407,15,449,17,582
2911,19,410,19,445,23,617
2912,14,415,21,430,18,586
2913,18,430,20,436,23,626
2914,13,442,22,443,19,623
2915,11,429,14,433,21,642
2916,11,442,12,432,22,629
2917,10,455,15,456,19,632
2918,4,453,8,439,13,629
2919,8,461,11,433,12,647
2920,4,454,9,442,12,653
2921,7,435,11,444,25,650
2922,6,414,8,457,14,625
2923,6,435,12,438,20,632
2924,4,431,11,451,15,669
2925,4,467,7,447,9,647
2926,4,453,11,460,10,658
2927,5,440,13,467,8,700
2928,5,443,12,471,6,738
2929,5,410,9,454,9,750
2930,2,368,9,452,17,765
2931,3,401,10,471,18,776
2932,3,373,8,455,13,781
2933,1,360,9,433,13,801
2934,5,377,12,428,10,755
2935,6,409,11,416,11,759
2936,8,407,11,402,12,771
2937,3,399,3,425,14,784
2938,4,410,8,417,9,785
2939,6,421,10,416,7,802
2940,4,436,5,422,15,822
2941,3,445,6,418,10,848
2942,5,453,6,427,19,863
2943,6,462,5,430,14,899
2944,7,464,2,441,18,854
2945,4,472,12,455,17,870
2946,4,471,10,492,10,874
2947,5,500,13,486,16,893
2948,4,502,9,493,10,885
2949,4,489,10,501,7,879
2950,4,463,6,499,12,925
