/Users/lukas/PycharmProjects/Dissertation/experiments/exp_train/data/_3_FALL.mov
/Users/lukas/PycharmProjects/Dissertation/experiments/exp_train/data/_2_SUMMER.mov
/Users/lukas/PycharmProjects/Dissertation/experiments/exp_train/data/_1_SPRING.mov
/Users/lukas/PycharmProjects/Dissertation/experiments/exp_train/data/_4_WINTER.mov
mode: ORB
video_frame,good_matches_1in0,all_matches_1in0,good_matches_2in0,all_matches_2in0,good_matches_3in0,all_matches_3in0
0,27,277,23,239,18,184
1,28,287,24,243,19,194
2,29,291,24,243,19,193
3,28,281,23,233,18,185
4,28,288,23,234,19,190
5,28,283,24,242,19,193
6,28,282,24,240,19,191
7,27,271,22,221,20,204
8,26,264,22,229,17,175
9,26,266,23,230,17,179
10,27,272,22,221,18,181
11,25,259,21,218,19,192
12,26,262,21,218,19,199
13,28,287,22,224,18,180
14,27,273,21,216,18,185
15,27,271,22,226,20,201
16,26,267,22,226,19,199
17,25,253,21,218,18,187
18,26,266,21,217,19,191
19,27,271,23,235,18,187
20,27,274,22,228,18,182
21,26,260,23,233,17,177
22,27,279,22,227,17,178
23,26,266,23,230,17,172
24,26,263,22,229,18,182
25,26,266,21,216,18,183
26,27,271,21,219,18,185
27,27,272,21,216,18,183
28,28,284,22,224,19,196
29,27,278,22,226,18,183
30,28,283,23,230,16,168
31,26,268,22,229,18,187
32,27,273,24,241,20,201
33,26,262,23,230,19,199
34,26,268,23,236,19,192
35,26,269,22,223,20,206
36,25,255,23,230,17,174
37,25,258,23,230,19,195
38,27,270,21,214,20,201
39,27,271,24,249,19,193
40,27,272,23,233,19,194
41,25,258,23,232,19,199
42,26,266,24,247,17,178
43,25,255,24,242,19,196
44,26,261,23,239,18,189
45,26,266,23,237,19,190
46,25,257,23,232,18,189
47,26,266,23,236,18,181
48,27,278,24,241,19,196
49,26,264,23,232,20,201
50,26,260,25,253,19,199
51,27,273,23,233,20,202
52,27,274,24,242,20,200
53,26,266,23,230,20,203
54,28,281,24,241,19,195
55,27,271,23,236,20,204
56,25,258,24,243,21,214
57,27,277,23,239,21,210
58,28,286,24,240,19,199
59,29,298,23,232,19,198
60,28,288,23,239,19,191
61,28,283,23,236,20,202
62,27,275,23,239,19,196
63,28,280,21,210,20,203
64,26,267,23,236,20,206
65,27,270,22,223,19,196
66,27,279,22,227,19,196
67,27,279,23,231,17,172
68,27,274,22,223,17,178
69,27,272,22,229,20,201
70,27,274,22,229,20,202
71,26,269,23,238,18,188
72,30,301,22,223,19,190
73,28,284,23,230,19,190
74,27,277,23,232,18,189
75,30,301,23,235,20,203
76,30,303,23,238,19,196
77,30,305,23,232,21,210
78,30,307,24,244,20,206
79,30,300,22,228,20,203
80,30,307,24,245,20,201
81,30,303,24,245,21,214
82,31,315,24,249,20,201
83,30,308,24,243,20,203
84,30,307,24,241,19,195
85,31,315,25,258,19,194
86,31,316,23,237,19,190
87,31,318,23,233,19,197
88,31,313,24,240,19,190
89,31,310,23,234,18,189
90,30,305,24,247,19,199
91,32,321,23,235,18,189
92,33,330,24,247,20,201
93,32,326,24,240,19,195
94,33,330,24,240,17,179
95,31,316,22,227,19,191
96,31,311,22,227,17,178
97,31,311,22,229,19,194
98,30,305,22,225,17,179
99,29,297,22,226,18,188
100,29,296,22,228,19,193
101,29,290,20,209,17,178
102,30,305,22,227,17,175
103,29,298,21,216,18,182
104,29,296,23,232,19,194
105,28,289,23,231,18,183
106,29,295,23,230,18,188
107,30,303,22,223,17,179
108,30,304,24,249,19,199
109,30,306,24,246,20,202
110,29,295,24,242,20,200
111,29,297,25,257,17,176
112,29,296,25,254,18,185
113,29,298,23,233,20,208
114,29,292,23,234,19,191
115,28,284,22,223,18,183
116,28,289,24,242,19,190
117,27,272,24,242,19,192
118,28,282,23,234,19,193
119,29,290,25,251,20,202
120,29,290,23,232,18,183
121,28,282,21,219,18,188
122,29,295,22,225,20,201
123,29,291,24,240,20,202
124,28,283,23,235,17,173
125,28,281,24,248,18,184
126,27,277,24,240,18,189
127,29,291,24,249,18,186
128,28,288,23,230,19,191
129,28,285,24,242,20,204
130,29,296,23,236,18,189
131,28,280,24,249,20,208
132,29,290,24,248,20,206
133,27,279,24,246,20,203
134,28,282,24,244,19,197
135,28,287,24,248,20,200
136,27,275,25,257,19,193
137,28,285,23,232,19,193
138,27,272,25,250,19,193
139,28,287,24,245,20,202
140,27,270,24,245,19,194
141,25,258,25,253,20,203
142,28,285,24,242,19,190
143,26,264,25,255,19,193
144,26,261,25,253,20,202
145,27,272,25,256,19,191
146,28,283,24,243,18,189
147,29,291,25,252,17,176
148,29,292,24,248,19,192
149,27,277,25,259,19,193
150,28,285,26,262,20,205
151,27,274,25,251,19,193
152,28,286,26,261,19,198
153,29,296,25,258,19,196
154,29,294,26,266,19,192
155,31,317,26,269,20,206
156,30,306,26,263,18,180
157,31,312,25,259,19,194
158,30,303,25,252,18,185
159,30,300,26,262,18,182
160,31,310,26,263,19,190
161,31,312,26,266,19,192
162,31,312,25,255,20,201
163,32,324,26,260,19,196
164,31,318,27,273,19,198
165,32,324,27,270,19,192
166,33,334,26,264,20,201
167,32,325,27,270,18,183
168,31,319,26,266,18,181
169,32,324,25,254,18,183
170,32,327,26,261,20,206
171,31,312,27,273,20,208
172,31,318,26,261,22,226
173,30,307,26,261,21,215
174,30,309,26,260,21,214
175,29,298,26,268,20,208
176,29,292,25,257,19,198
177,28,283,25,255,20,202
178,29,293,26,260,20,208
179,27,271,24,248,20,200
180,27,277,25,251,19,195
181,27,279,24,242,20,206
182,27,279,25,253,21,211
183,28,281,26,261,19,198
184,28,282,25,255,20,204
185,26,269,26,264,20,209
186,27,273,25,251,19,198
187,27,274,24,244,19,194
188,27,274,25,252,19,199
189,27,274,25,258,21,212
190,27,271,26,260,19,199
191,27,272,24,240,19,194
192,25,253,25,252,19,193
193,27,273,25,251,18,186
194,26,269,24,243,18,189
195,24,246,25,250,19,194
196,27,272,25,254,20,200
197,26,261,25,250,19,197
198,27,270,24,243,20,206
199,26,260,25,250,19,196
200,26,269,24,247,20,208
201,25,259,25,250,18,186
202,25,257,24,249,19,191
203,27,275,24,245,18,189
204,26,263,25,257,20,204
205,27,271,24,245,20,202
206,25,259,24,246,20,200
207,25,258,25,253,18,189
208,25,251,24,245,19,191
209,26,267,24,241,18,186
210,26,264,24,240,19,198
211,25,256,24,246,18,188
212,25,251,23,235,18,186
213,25,255,24,244,19,198
214,26,263,25,252,18,184
215,25,251,25,253,17,178
216,25,251,24,247,19,193
217,26,268,25,252,19,197
218,25,254,24,248,20,205
219,24,249,23,237,18,180
220,25,251,24,244,18,189
221,26,267,23,231,18,189
222,24,247,23,239,18,180
223,26,263,24,241,17,171
224,25,256,25,253,17,172
225,25,251,22,229,17,177
226,26,266,25,252,18,189
227,26,268,24,243,18,180
228,24,245,24,240,17,172
229,26,264,24,242,17,170
230,26,261,23,231,17,174
231,27,274,23,239,19,198
232,26,265,23,231,18,189
233,26,267,23,235,17,174
234,25,258,22,220,17,174
235,26,260,24,241,17,177
236,25,257,23,232,18,180
237,26,261,24,245,17,172
238,26,261,24,245,16,169
239,25,257,22,224,17,176
240,25,251,24,244,17,175
241,25,254,22,227,17,173
242,25,257,23,232,17,170
243,23,238,22,223,18,188
244,24,241,22,228,17,179
245,24,242,22,222,17,178
246,25,253,22,229,14,149
247,24,248,22,227,16,165
248,24,245,22,227,17,172
249,26,261,23,238,16,169
250,24,241,22,228,15,151
251,26,265,22,225,15,155
252,25,253,22,229,16,162
253,25,256,23,235,15,150
254,25,254,23,237,16,167
255,24,243,21,215,16,163
256,25,258,22,225,17,172
257,25,259,22,221,16,163
258,25,251,24,240,17,176
259,24,249,24,241,18,189
260,26,269,23,235,18,187
261,25,253,23,230,18,187
262,26,262,23,231,19,191
263,25,253,26,261,18,186
264,26,261,24,244,18,184
265,27,272,22,229,17,175
266,28,280,23,238,16,166
267,27,279,22,228,18,181
268,27,279,24,240,17,175
269,27,274,23,234,18,180
270,28,280,24,241,16,166
271,26,264,23,234,18,181
272,26,265,24,248,18,189
273,27,279,24,240,18,188
274,27,276,23,232,17,178
275,28,283,23,232,18,183
276,28,280,23,234,18,181
277,27,277,23,236,18,187
278,26,265,24,243,18,181
279,27,270,23,234,20,204
280,27,276,23,237,18,185
281,27,279,22,224,17,174
282,28,284,23,232,17,171
283,26,267,22,227,17,175
284,27,277,23,231,17,178
285,28,289,23,230,18,180
286,27,273,24,240,17,170
287,25,254,22,228,17,178
288,26,268,22,227,16,167
289,27,273,23,234,17,174
290,26,264,22,225,17,173
291,25,254,22,227,17,178
292,25,258,23,237,16,168
293,27,270,22,222,18,184
294,26,263,21,219,18,186
295,26,262,22,223,17,175
296,27,270,23,231,18,181
297,27,270,24,247,18,186
298,27,270,22,227,18,180
299,26,267,23,230,17,177
300,26,262,25,250,17,178
301,27,275,24,241,17,172
302,26,268,23,238,18,184
303,26,265,23,238,17,176
304,25,254,22,229,17,179
305,25,257,24,249,19,190
306,26,261,24,240,18,183
307,26,264,23,231,18,182
308,25,254,24,243,19,192
309,26,261,23,235,18,189
310,25,256,22,225,17,177
311,27,273,24,242,17,172
312,27,270,23,239,17,173
313,27,273,23,230,16,166
314,25,257,23,233,16,161
315,25,258,23,236,16,160
316,26,263,24,241,18,181
317,26,262,22,222,18,181
318,26,269,22,229,16,165
319,25,257,22,226,17,172
320,27,271,21,215,16,165
321,26,267,23,237,18,184
322,27,272,22,225,19,191
323,27,274,21,218,18,182
324,28,283,23,232,18,182
325,28,286,22,220,19,191
326,29,292,22,228,18,184
327,29,290,20,207,18,186
328,30,300,21,219,19,192
329,28,287,23,230,18,182
330,30,302,23,232,17,178
331,29,298,22,224,18,185
332,29,291,21,219,18,180
333,29,291,22,222,17,176
334,30,301,21,219,18,187
335,29,299,20,208,18,185
336,28,287,23,232,19,199
337,26,268,22,220,19,198
338,28,283,22,227,21,217
339,27,277,22,222,19,196
340,29,296,23,234,20,202
341,28,289,23,239,19,190
342,29,291,24,246,19,199
343,29,295,24,242,20,203
344,30,302,22,229,19,198
345,30,306,24,242,18,181
346,31,311,22,222,17,179
347,30,307,23,239,17,178
348,31,319,22,224,19,194
349,30,308,22,226,19,194
350,29,299,23,238,18,188
351,29,292,22,224,18,180
352,28,284,21,216,18,184
353,28,285,22,226,16,169
354,29,291,22,224,18,187
355,30,300,22,223,17,179
356,29,293,21,212,16,168
357,27,278,22,222,17,177
358,27,275,21,219,17,176
359,28,287,22,223,19,191
360,28,287,23,231,18,187
361,29,291,24,245,19,190
362,29,291,23,233,19,197
363,29,297,22,229,19,190
364,29,295,23,237,20,207
365,30,309,23,237,21,211
366,30,309,24,247,19,197
367,31,311,23,231,20,202
368,29,298,25,253,19,193
369,29,290,23,234,20,200
370,29,294,25,254,20,204
371,29,293,24,243,19,196
372,30,304,24,247,18,186
373,30,304,24,242,19,199
374,29,297,23,236,19,198
375,31,311,24,242,21,213
376,30,301,24,243,20,205
377,30,307,24,243,20,202
378,27,275,24,248,20,209
379,28,287,23,237,20,202
380,26,263,24,243,20,200
381,27,270,22,227,20,208
382,26,266,23,235,20,204
383,27,272,23,235,20,202
384,28,280,24,242,21,219
385,27,275,23,238,20,203
386,28,286,24,240,20,207
387,28,284,23,235,21,212
388,27,275,25,251,21,213
389,28,282,25,257,22,225
390,28,283,24,244,21,212
391,28,289,23,239,20,208
392,28,280,25,250,20,201
393,28,284,25,257,19,199
394,28,287,25,250,19,199
395,28,284,25,255,20,209
396,28,284,24,241,20,201
397,28,288,23,236,21,215
398,27,277,25,254,19,194
399,29,293,24,245,21,210
400,29,290,24,243,21,211
401,27,279,25,250,20,201
402,29,298,24,241,21,211
403,29,298,25,257,22,220
404,29,299,25,253,22,221
405,29,293,26,260,21,216
406,30,305,25,254,22,228
407,29,295,25,253,21,217
408,28,283,22,228,21,218
409,28,284,23,237,21,218
410,27,278,25,253,22,220
411,27,277,24,247,22,222
412,29,292,23,236,21,216
413,28,286,24,244,20,206
414,28,289,25,254,22,224
415,28,289,26,268,21,214
416,28,281,25,251,21,218
417,29,295,25,253,21,211
418,29,298,25,259,20,205
419,28,289,25,253,21,212
420,28,281,25,251,20,201
421,28,285,24,247,20,209
422,30,303,24,246,21,212
423,30,309,26,268,20,203
424,31,310,23,237,19,197
425,29,298,25,257,20,205
426,30,304,26,264,20,202
427,29,296,26,261,20,208
428,30,303,25,257,21,212
429,30,303,26,262,20,209
430,30,301,26,260,22,221
431,30,300,26,262,21,215
432,30,307,25,253,21,215
433,31,310,24,249,22,226
434,30,301,25,251,21,216
435,30,305,27,272,22,223
436,30,302,25,259,21,210
437,28,288,25,254,21,217
438,29,292,27,271,21,213
439,29,295,26,261,20,208
440,28,287,25,257,22,222
441,30,303,23,235,22,221
442,29,290,26,266,22,220
443,28,286,26,261,22,220
444,29,296,25,257,22,220
445,29,297,25,259,22,224
446,29,290,26,262,21,216
447,27,270,24,248,22,228
448,28,287,24,248,22,225
449,28,288,25,258,22,227
450,29,290,25,250,22,226
451,26,266,24,246,22,228
452,27,275,25,252,22,220
453,28,280,26,265,22,220
454,28,287,25,253,21,216
455,28,285,26,268,23,231
456,28,285,25,257,23,235
457,27,277,26,268,22,223
458,27,276,26,263,21,213
459,26,268,25,257,21,218
460,25,256,26,261,21,217
461,26,264,25,256,20,204
462,26,268,25,259,22,226
463,26,263,26,260,22,226
464,27,275,26,267,21,214
465,27,274,25,259,21,213
466,26,266,24,246,21,214
467,26,268,25,250,21,217
468,26,261,25,258,22,220
469,26,269,26,267,22,227
470,26,269,25,258,22,227
471,27,277,25,252,23,230
472,27,272,26,262,23,233
473,27,278,25,254,22,227
474,28,283,26,263,22,225
475,27,273,26,262,22,229
476,27,278,24,248,23,231
477,26,269,24,243,23,230
478,27,274,25,259,22,225
479,27,272,25,257,23,231
480,27,279,25,253,22,225
481,26,267,25,257,21,213
482,27,278,25,251,22,221
483,26,268,25,256,22,222
484,26,265,26,260,22,223
485,25,258,25,255,23,236
486,25,258,26,266,23,236
487,25,252,26,263,21,210
488,26,260,25,256,21,213
489,28,281,26,263,20,209
490,27,271,26,263,20,209
491,28,281,25,250,20,204
492,26,267,26,263,21,210
493,28,282,25,253,20,207
494,28,281,26,262,20,201
495,27,273,25,259,18,183
496,28,280,24,245,18,184
497,29,293,26,262,18,183
498,26,269,26,261,17,177
499,25,256,24,249,18,187
500,24,248,25,254,17,177
501,27,270,24,249,19,196
502,26,264,24,245,20,201
503,25,256,25,254,19,199
504,27,271,25,252,19,194
505,27,272,25,253,19,191
506,27,277,25,253,18,181
507,27,277,26,261,18,186
508,29,291,25,251,18,187
509,27,274,25,254,20,206
510,27,276,27,272,19,194
511,28,284,25,252,19,195
512,28,287,26,263,19,195
513,27,277,24,247,20,201
514,28,285,23,239,19,199
515,26,267,24,241,20,207
516,27,271,24,243,20,209
517,27,272,24,247,21,211
518,28,283,25,254,21,215
519,26,267,24,243,18,187
520,28,282,25,255,19,191
521,27,273,24,240,19,194
522,27,273,24,248,20,202
523,27,273,25,250,20,200
524,26,269,24,245,20,200
525,26,263,25,254,20,207
526,25,258,25,256,20,205
527,27,273,24,249,20,206
528,26,264,26,263,21,217
529,26,267,25,254,20,201
530,28,286,25,252,21,211
531,27,276,24,246,21,212
532,27,271,24,246,20,207
533,25,259,25,253,19,194
534,27,273,23,238,21,213
535,27,274,23,235,20,205
536,26,260,24,244,20,205
537,26,268,24,248,21,213
538,26,266,23,238,20,204
539,27,273,24,243,21,212
540,27,276,24,242,21,212
541,28,284,24,246,20,209
542,27,272,22,227,20,202
543,29,296,25,250,20,201
544,28,282,23,236,21,211
545,27,271,24,247,21,212
546,28,286,23,236,21,215
547,27,277,24,240,20,205
548,26,261,23,233,22,225
549,27,276,24,243,20,206
550,29,294,23,238,22,226
551,27,277,22,227,22,226
552,27,273,22,220,22,226
553,28,280,24,243,22,226
554,28,281,24,249,23,232
555,28,285,23,239,23,231
556,28,282,24,242,22,221
557,28,280,23,234,22,221
558,27,271,22,228,20,207
559,27,276,22,227,19,196
560,27,275,23,237,22,223
561,26,267,23,237,22,223
562,28,281,22,228,21,219
563,27,274,23,233,21,215
564,26,268,23,232,22,220
565,28,282,24,246,22,221
566,27,277,22,228,21,212
567,26,266,22,228,21,212
568,27,272,25,252,21,213
569,29,290,24,249,21,211
570,27,278,25,252,21,211
571,29,290,23,238,21,214
572,28,280,25,250,20,204
573,28,283,24,243,21,218
574,28,284,24,245,19,197
575,29,297,24,240,19,198
576,29,296,25,254,20,204
577,28,286,24,244,20,209
578,27,275,23,236,20,204
579,28,282,24,244,19,190
580,26,269,24,245,20,200
581,27,277,25,250,20,205
582,26,264,25,250,19,198
583,26,266,24,242,20,202
584,26,266,24,249,21,214
585,27,271,24,249,19,195
586,28,283,24,245,21,214
587,25,259,24,243,19,199
588,27,271,25,251,20,206
589,27,277,25,255,21,216
590,26,264,24,245,20,205
591,27,275,25,250,20,206
592,27,276,24,249,20,203
593,26,267,23,237,21,215
594,27,274,22,229,20,205
595,27,274,24,240,21,211
596,26,268,23,232,18,189
597,28,287,24,242,19,198
598,28,281,22,226,21,218
599,26,268,22,221,18,184
600,27,270,23,235,18,183
601,28,286,24,244,19,190
602,27,279,24,240,20,203
603,27,279,24,242,19,194
604,29,290,23,234,19,193
605,27,276,23,236,19,191
606,29,293,24,240,19,195
607,27,277,23,233,19,191
608,27,275,23,239,17,179
609,27,274,22,226,18,183
610,26,265,22,229,18,186
611,26,266,23,236,19,197
612,25,256,24,245,19,196
613,26,264,22,228,18,185
614,25,259,24,242,19,192
615,26,266,23,235,20,203
616,27,270,25,257,19,196
617,26,264,24,247,20,202
618,25,256,23,233,20,202
619,24,245,25,251,20,208
620,26,260,24,244,21,216
621,26,268,24,249,20,203
622,25,258,23,235,21,211
623,25,254,23,238,20,205
624,24,246,24,245,20,201
625,25,252,24,242,19,195
626,25,256,24,247,19,199
627,25,257,25,252,21,216
628,24,249,23,231,20,206
629,26,267,23,234,20,201
630,25,259,25,252,19,196
631,25,256,23,239,21,213
632,25,250,23,230,20,207
633,25,256,25,254,19,198
634,25,256,24,242,21,210
635,24,249,24,246,21,217
636,24,249,24,248,21,211
637,25,251,25,253,21,211
638,25,256,24,246,20,206
639,23,235,25,250,21,215
640,27,271,24,247,22,228
641,25,258,25,257,21,218
642,25,258,24,242,22,224
643,26,261,24,241,20,201
644,25,257,23,239,20,206
645,25,259,23,231,21,214
646,26,260,22,226,21,212
647,26,261,23,237,21,215
648,25,253,23,234,21,218
649,28,284,23,233,23,238
650,27,271,25,251,21,214
651,26,268,25,251,21,213
652,27,279,24,248,22,225
653,26,266,25,252,21,217
654,26,268,25,255,21,216
655,26,261,23,234,22,226
656,26,264,24,242,21,214
657,27,273,24,243,22,221
658,27,272,24,248,21,212
659,26,260,25,259,20,209
660,25,255,23,234,22,222
661,26,268,24,244,22,220
662,26,268,24,247,20,205
663,26,261,23,239,21,214
664,26,260,23,238,19,197
665,26,265,24,246,20,209
666,26,264,23,232,20,200
667,26,269,23,235,19,193
668,25,254,22,228,20,204
669,26,268,22,222,19,194
670,26,265,21,214,19,196
671,25,256,21,216,20,201
672,26,268,22,220,20,205
673,25,251,22,220,20,201
674,25,256,23,238,19,196
675,26,263,21,219,20,201
676,27,271,22,224,19,197
677,26,266,22,227,20,201
678,26,261,23,231,19,193
679,26,266,22,223,19,198
680,27,274,23,230,19,191
681,25,253,23,230,18,181
682,26,265,22,222,18,187
683,27,274,22,228,17,179
684,26,268,22,228,19,194
685,25,255,21,219,19,190
686,27,274,22,229,19,199
687,27,275,23,238,20,202
688,26,262,21,214,20,202
689,26,263,22,223,19,198
690,25,255,22,227,19,197
691,27,279,23,238,20,202
692,27,277,24,241,19,195
693,25,259,25,256,19,192
694,26,266,24,245,20,203
695,26,266,25,255,19,196
696,27,274,24,249,19,191
697,25,259,25,250,18,188
698,26,261,22,227,18,188
699,26,266,24,243,19,191
700,25,258,25,252,19,192
701,25,257,24,249,19,195
702,23,239,24,249,19,190
703,23,230,25,250,19,194
704,25,250,24,244,18,181
705,26,264,25,250,18,183
706,25,253,23,233,17,172
707,24,249,25,256,17,176
708,27,270,25,250,18,185
709,26,265,24,241,18,186
710,26,264,24,245,17,178
711,26,267,23,231,16,169
712,24,248,24,248,18,187
713,25,255,24,240,17,172
714,25,253,23,238,17,175
715,27,272,25,254,18,189
716,24,243,25,252,18,188
717,24,241,25,253,19,194
718,25,251,24,244,18,187
719,24,244,24,240,17,179
720,23,234,24,247,17,176
721,24,240,24,246,18,187
722,23,231,23,230,19,192
723,23,234,22,223,18,183
724,25,251,22,226,18,182
725,22,227,21,215,19,191
726,23,233,23,231,16,166
727,23,237,22,224,18,183
728,22,229,22,226,19,195
729,24,243,23,234,18,183
730,24,249,23,231,17,172
731,23,239,23,233,17,173
732,24,248,24,247,18,183
733,24,247,22,224,18,188
734,23,230,23,232,17,173
735,24,246,23,239,19,196
736,26,261,23,235,18,181
737,24,249,22,226,20,208
738,23,238,23,235,20,200
739,24,249,22,223,19,194
740,23,236,21,217,19,190
741,24,240,24,242,18,188
742,24,246,24,240,19,196
743,25,253,22,225,20,207
744,24,248,22,221,18,188
745,25,250,21,218,21,213
746,26,263,22,229,20,203
747,26,269,22,229,18,186
748,25,250,22,226,17,176
749,25,252,23,239,19,197
750,25,258,22,221,19,194
751,24,247,23,237,19,193
752,25,251,24,248,20,202
753,25,259,23,239,17,177
754,26,265,24,242,19,194
755,26,260,24,243,20,200
756,27,274,24,247,19,194
757,26,269,26,263,19,195
758,26,260,24,249,19,199
759,27,278,23,234,19,196
760,27,273,23,236,20,205
761,27,275,24,247,20,201
762,27,273,25,256,19,193
763,27,278,24,248,20,203
764,28,280,23,237,20,209
765,28,285,24,248,20,201
766,27,278,24,240,21,214
767,28,280,24,247,19,194
768,26,264,24,248,20,206
769,27,278,23,232,20,208
770,26,269,24,247,22,221
771,26,263,23,232,20,207
772,26,263,24,240,21,217
773,27,276,22,227,21,215
774,27,278,23,237,20,208
775,24,247,24,244,20,209
776,26,262,24,249,21,213
777,25,258,24,240,21,216
778,27,274,23,235,20,206
779,26,261,21,216,20,207
780,25,252,22,222,20,208
781,24,244,22,223,19,195
782,26,267,24,240,22,220
783,26,269,23,235,19,194
784,27,271,22,226,21,218
785,28,284,22,227,20,203
786,27,270,22,223,19,195
787,28,283,23,230,19,197
788,28,285,22,224,21,217
789,28,283,24,241,20,205
790,28,281,23,237,19,198
791,28,283,23,233,22,223
792,28,286,24,245,22,220
793,29,293,23,238,22,222
794,27,271,24,241,23,232
795,28,285,26,264,21,215
796,26,266,24,249,23,231
797,27,278,25,251,22,221
798,27,278,25,255,21,219
799,27,276,24,241,21,212
800,28,283,25,255,21,215
801,27,277,24,246,21,217
802,27,278,23,238,21,217
803,27,279,23,233,22,220
804,27,270,23,235,21,211
805,28,281,24,242,21,213
806,29,291,24,247,21,212
807,28,281,24,246,21,215
808,27,274,23,235,21,211
809,28,286,24,240,21,216
810,27,278,23,239,21,211
811,27,270,23,234,20,206
812,27,277,24,243,20,206
813,27,278,24,243,20,202
814,28,281,23,234,21,214
815,29,294,25,251,19,197
816,27,279,22,227,21,214
817,28,288,23,231,19,194
818,26,269,22,221,20,200
819,27,274,22,229,21,218
820,28,285,22,221,20,205
821,27,275,22,224,20,207
822,28,289,22,220,21,213
823,27,279,21,215,20,208
824,27,270,23,235,21,218
825,26,267,22,225,20,208
826,27,273,23,237,20,207
827,27,278,23,235,21,213
828,26,267,23,231,21,213
829,26,262,22,223,20,207
830,27,277,21,219,21,212
831,27,270,21,218,20,201
832,25,256,23,231,21,211
833,25,258,24,244,19,199
834,24,244,21,218,19,199
835,25,255,23,231,19,193
836,24,242,24,247,18,189
837,23,239,23,231,19,197
838,26,262,23,238,20,205
839,26,263,24,245,20,203
840,26,263,24,240,18,187
841,25,255,24,243,20,203
842,25,251,23,234,19,193
843,26,260,25,250,19,192
844,25,256,23,233,19,192
845,26,260,24,249,19,197
846,26,266,25,254,21,219
847,25,257,24,249,20,209
848,26,266,24,249,21,210
849,26,267,23,239,20,205
850,26,265,25,254,20,203
851,25,255,24,249,19,197
852,26,265,23,237,21,213
853,25,257,24,246,21,211
854,25,259,23,236,20,208
855,26,268,23,236,21,218
856,26,263,24,242,21,210
857,25,258,23,239,22,224
858,26,266,23,233,20,206
859,27,275,23,239,21,215
860,26,264,24,242,20,207
861,26,264,25,254,20,206
862,27,271,24,249,20,204
863,26,263,25,253,21,218
864,25,251,26,263,21,216
865,24,243,26,263,20,204
866,25,259,26,263,20,209
867,26,266,25,258,20,208
868,25,253,26,261,19,194
869,27,271,25,257,20,207
870,26,262,25,259,20,203
871,25,250,26,260,20,206
872,26,269,25,257,21,210
873,25,253,26,268,20,209
874,25,259,25,259,20,208
875,25,253,25,256,21,211
876,26,264,25,255,21,210
877,24,248,24,244,21,217
878,26,261,23,235,22,222
879,26,264,25,252,21,218
880,25,255,24,247,23,236
881,26,261,23,239,21,213
882,27,273,24,243,22,223
883,27,271,24,242,23,231
884,25,259,25,252,21,211
885,25,254,24,242,22,220
886,24,247,23,233,22,223
887,26,262,22,228,22,222
888,25,255,24,242,21,217
889,25,252,23,232,22,223
890,26,265,23,237,20,207
891,26,261,23,236,21,215
892,26,262,24,249,22,227
893,23,234,23,233,20,203
894,23,239,23,239,21,211
895,22,227,23,239,20,209
896,23,235,24,247,20,202
897,23,239,24,249,22,228
898,24,242,24,246,22,220
899,25,252,24,245,21,213
900,26,269,25,253,22,222
901,26,260,25,257,23,230
902,27,272,25,253,22,227
903,26,260,26,264,20,209
904,25,251,25,253,21,212
905,24,246,24,247,21,214
906,24,246,26,262,22,222
907,25,253,27,270,22,223
908,25,251,26,263,22,224
909,26,263,27,274,21,213
910,26,269,26,263,23,231
911,26,263,27,272,21,219
912,27,277,25,251,23,233
913,27,270,26,269,23,236
914,27,271,27,271,24,243
915,27,270,25,252,21,212
916,25,258,25,257,22,226
917,26,264,25,251,22,224
918,26,260,25,255,21,218
919,26,269,25,259,21,216
920,26,267,24,241,21,210
921,28,285,24,246,22,221
922,27,276,25,251,22,222
923,27,279,23,238,21,213
924,26,269,22,229,21,213
925,26,262,22,222,22,224
926,25,259,23,231,20,203
927,25,257,24,243,21,210
928,25,257,25,251,20,204
929,26,263,23,236,20,200
930,26,261,23,236,20,203
931,28,288,24,241,21,215
932,27,279,25,251,22,227
933,28,285,25,257,20,209
934,28,281,25,250,21,219
935,29,290,23,239,22,224
936,28,281,23,238,21,218
937,28,285,23,237,20,207
938,27,277,25,251,21,213
939,26,266,23,235,20,205
940,25,259,24,244,20,203
941,26,266,23,234,19,191
942,27,273,22,222,19,199
943,26,260,22,225,19,195
944,25,254,23,232,20,203
945,23,237,24,249,20,207
946,26,264,24,241,20,201
947,27,270,24,240,20,201
948,26,266,23,236,22,220
949,26,269,23,230,20,209
950,26,269,24,245,21,210
951,26,260,24,243,19,198
952,26,266,24,243,21,219
953,26,264,23,235,20,202
954,27,271,23,230,21,212
955,26,264,22,223,20,209
956,26,265,23,237,20,208
957,28,287,23,237,21,216
958,27,276,23,235,20,206
959,28,287,26,260,20,208
960,27,270,25,250,21,214
961,24,249,24,244,21,210
962,27,273,24,241,20,209
963,27,270,23,239,20,202
964,26,261,24,246,20,204
965,26,265,25,254,20,207
966,27,271,23,231,21,211
967,28,281,23,236,20,208
968,25,252,23,238,22,223
969,24,245,23,232,21,214
970,25,251,23,233,20,204
971,25,254,24,244,22,224
972,25,258,24,246,21,218
973,25,258,24,247,21,216
974,28,280,24,247,23,230
975,28,288,24,245,23,230
976,27,277,23,236,22,227
977,28,281,24,248,22,227
978,28,281,24,247,22,223
979,27,275,23,232,23,231
980,26,266,23,230,21,213
981,26,269,23,236,21,216
982,27,272,22,225,21,219
983,27,270,22,223,20,207
984,26,265,22,226,21,217
985,27,271,22,222,22,225
986,27,272,21,214,20,204
987,28,280,22,229,21,210
988,27,277,24,241,21,213
989,28,288,24,247,22,222
990,29,299,22,220,22,226
991,28,288,21,210,21,214
992,26,267,22,228,21,211
993,27,276,23,237,21,215
994,28,289,23,237,22,220
995,28,284,23,239,21,215
996,28,288,23,235,20,208
997,27,275,22,225,21,210
998,26,265,22,229,18,189
999,27,274,20,207,19,190
1000,27,277,21,217,18,189
1001,27,274,21,217,16,169
1002,28,280,21,215,17,179
1003,27,277,20,208,19,196
1004,29,291,21,213,18,188
1005,28,280,20,204,19,199
1006,29,292,20,205,18,189
1007,29,294,19,196,20,201
1008,30,301,22,223,19,197
1009,29,290,22,223,20,202
1010,29,293,22,225,21,212
1011,30,301,21,219,20,203
1012,28,286,22,225,20,202
1013,28,289,22,222,19,194
1014,29,299,23,235,21,210
1015,27,276,21,219,21,210
1016,29,295,22,223,20,203
1017,31,310,20,208,19,198
1018,30,304,20,209,19,193
1019,28,280,22,220,20,208
1020,28,287,21,217,19,197
1021,29,293,21,217,19,192
1022,29,294,21,214,19,198
1023,29,292,20,200,19,193
1024,29,293,20,209,19,196
1025,30,301,20,207,18,188
1026,29,298,20,202,20,206
1027,30,305,19,198,19,190
1028,31,312,21,214,20,208
1029,30,304,19,196,19,194
1030,29,297,20,206,20,207
1031,31,311,21,212,20,206
1032,31,316,21,215,20,206
1033,31,318,20,202,20,203
1034,31,314,21,214,19,199
1035,30,308,22,222,20,201
1036,30,303,20,205,19,191
1037,31,312,21,214,19,196
1038,30,306,21,215,19,191
1039,31,316,21,218,19,199
1040,32,320,22,228,20,200
1041,30,308,23,232,18,189
1042,30,308,21,215,20,200
1043,29,298,20,209,21,214
1044,29,298,21,218,17,177
1045,28,287,21,219,20,207
1046,30,301,21,215,18,184
1047,28,282,21,216,17,174
1048,27,275,20,209,18,181
1049,28,283,20,203,17,176
1050,27,273,21,215,19,192
1051,26,260,21,217,17,178
1052,27,274,20,206,16,167
1053,27,273,21,212,17,176
1054,25,255,19,196,18,184
1055,26,264,20,203,18,182
1056,26,268,19,199,17,179
1057,26,266,20,204,18,181
1058,27,271,21,211,17,170
1059,27,274,20,207,19,193
1060,28,282,20,209,20,202
1061,27,275,20,206,18,184
1062,27,278,19,193,19,194
1063,28,289,19,198,19,198
1064,26,265,20,200,19,191
1065,26,268,19,193,18,188
1066,26,268,20,202,19,191
1067,26,268,21,211,19,196
1068,25,258,19,197,19,199
1069,24,244,21,219,19,192
1070,25,258,20,206,19,198
1071,26,264,21,215,18,189
1072,25,258,20,200,18,180
1073,24,248,20,203,17,176
1074,25,254,19,199,17,170
1075,25,250,20,208,17,179
1076,26,266,22,221,18,184
1077,25,258,21,215,19,190
1078,27,273,21,217,19,191
1079,27,276,22,220,21,213
1080,27,274,21,215,19,199
1081,28,280,20,204,18,184
1082,28,280,20,205,19,197
1083,28,281,19,199,19,190
1084,27,277,21,219,19,191
1085,28,285,20,201,19,192
1086,28,283,20,204,19,193
1087,27,275,21,217,18,187
1088,27,272,19,199,19,193
1089,28,282,21,211,19,196
1090,28,287,22,226,19,195
1091,26,268,20,207,18,188
1092,27,277,22,226,19,196
1093,28,283,22,220,19,196
1094,26,268,21,215,17,179
1095,28,287,21,217,19,192
1096,27,279,22,226,19,190
1097,28,289,22,224,20,205
1098,28,289,23,231,18,188
1099,27,272,23,232,18,186
1100,27,279,23,234,18,187
1101,28,284,23,237,19,196
1102,28,281,25,253,19,194
1103,29,295,23,231,19,199
1104,28,289,22,223,19,198
1105,28,286,22,224,20,203
1106,27,273,22,226,21,216
1107,27,276,23,232,19,197
1108,25,258,21,215,20,200
1109,27,270,23,232,20,207
1110,25,258,21,213,22,227
1111,27,270,22,226,21,214
1112,26,262,23,237,21,217
1113,27,273,22,228,21,216
1114,28,284,22,226,22,224
1115,27,279,23,231,23,233
1116,27,278,23,233,23,234
1117,28,287,24,242,22,228
1118,28,284,23,239,21,210
1119,29,299,24,240,20,207
1120,30,303,23,238,20,209
1121,29,299,23,237,21,213
1122,30,304,23,233,23,233
1123,29,296,23,239,23,230
1124,29,291,24,240,22,228
1125,28,281,25,257,22,224
1126,29,293,24,240,22,226
1127,29,292,23,237,23,232
1128,28,286,22,226,22,226
1129,28,285,25,250,23,235
1130,27,279,23,237,21,218
1131,28,287,23,238,23,233
1132,28,287,23,231,21,219
1133,28,285,23,238,20,207
1134,28,289,24,248,21,213
1135,28,280,23,230,21,213
1136,27,271,21,215,20,207
1137,28,280,22,220,21,213
1138,28,282,21,213,21,211
1139,26,261,21,211,20,208
1140,26,268,22,224,20,208
1141,26,264,21,210,21,215
1142,26,266,22,229,22,220
1143,25,253,20,202,20,205
1144,25,254,21,210,21,215
1145,24,248,21,217,21,213
1146,25,258,21,216,21,219
1147,25,259,21,210,21,214
1148,24,249,20,208,21,211
1149,25,256,20,200,20,204
1150,27,270,20,208,21,214
1151,27,273,21,212,21,214
1152,26,267,21,210,21,212
1153,27,277,22,222,22,222
1154,27,278,22,223,21,219
1155,27,277,21,214,21,211
1156,28,280,21,212,23,233
1157,27,277,21,211,21,212
1158,27,270,21,219,21,217
1159,26,266,20,206,22,220
1160,27,277,20,208,22,220
1161,28,283,21,217,20,209
1162,28,281,21,215,21,216
1163,28,285,21,216,21,217
1164,27,278,22,224,22,226
1165,27,275,21,213,23,234
1166,28,281,21,218,21,219
1167,28,281,20,205,21,215
1168,26,263,20,209,22,227
1169,26,261,20,206,19,197
1170,25,251,20,207,20,204
1171,24,246,21,213,21,214
1172,24,249,20,203,21,214
1173,26,266,21,216,21,217
1174,26,263,21,213,22,228
1175,26,264,20,209,21,218
1176,28,281,23,230,21,212
1177,26,263,22,228,22,223
1178,26,261,21,217,22,220
1179,27,277,20,208,21,217
1180,26,269,22,227,22,225
1181,26,264,22,226,22,221
1182,25,258,21,212,20,202
1183,26,262,20,202,21,210
1184,25,255,21,218,22,221
1185,26,268,20,208,20,207
1186,24,249,21,212,20,205
1187,25,253,22,226,22,222
1188,23,239,20,204,19,196
1189,25,251,20,203,21,214
1190,24,244,21,210,20,200
1191,25,252,20,205,22,221
1192,23,238,19,199,19,196
1193,24,243,20,204,20,209
1194,24,248,21,211,21,216
1195,22,229,20,208,21,213
1196,24,242,20,200,19,198
1197,23,232,19,193,19,190
1198,22,227,19,193,18,180
1199,24,242,18,188,18,183
1200,22,225,18,186,18,184
1201,22,229,19,190,19,190
1202,21,218,18,183,16,166
1203,24,244,17,172,17,174
1204,23,234,17,170,16,169
1205,23,236,17,174,17,171
1206,23,231,17,175,18,188
1207,21,218,17,179,15,158
1208,22,229,19,190,16,167
1209,24,245,18,187,17,170
1210,23,239,18,183,15,159
1211,23,232,20,200,18,184
1212,23,236,20,206,19,192
1213,23,239,20,206,17,173
1214,23,238,20,202,18,180
1215,23,234,19,199,17,173
1216,24,249,20,203,17,177
1217,25,252,21,214,17,178
1218,24,247,20,202,17,175
1219,25,250,21,210,16,166
1220,24,245,19,193,17,178
1221,24,241,20,205,17,170
1222,24,242,20,209,18,185
1223,23,235,21,212,18,186
1224,25,251,20,202,17,175
1225,24,248,20,208,18,182
1226,25,253,21,218,18,187
1227,24,249,19,195,18,188
1228,25,253,19,190,17,176
1229,26,265,19,192,18,184
1230,26,263,18,187,18,187
1231,25,257,19,190,19,193
1232,25,252,19,193,20,205
1233,26,260,19,193,19,192
1234,26,269,19,195,20,205
1235,26,261,19,192,18,186
1236,26,262,19,190,19,192
1237,25,256,20,204,19,198
1238,25,254,19,196,21,213
1239,26,261,21,211,19,199
1240,26,267,20,203,19,194
1241,26,267,19,194,20,205
1242,26,265,21,214,20,205
1243,29,294,18,189,20,203
1244,28,283,19,191,20,204
1245,28,282,20,203,20,202
1246,28,285,19,197,19,198
1247,28,282,20,200,21,212
1248,27,272,19,199,21,215
1249,27,277,20,206,19,198
1250,28,285,20,201,20,200
1251,28,289,19,198,21,212
1252,26,269,19,198,18,187
1253,26,266,19,197,20,203
1254,27,274,20,203,20,206
1255,27,275,19,199,20,204
1256,25,256,19,193,21,218
1257,26,269,19,192,19,194
1258,26,261,20,200,19,194
1259,25,252,18,187,18,187
1260,26,260,20,203,19,197
1261,26,267,19,199,18,187
1262,25,259,20,201,19,192
1263,26,265,19,198,19,198
1264,26,264,20,200,19,198
1265,26,261,19,195,19,190
1266,25,258,19,197,19,195
1267,27,275,18,188,18,181
1268,25,256,18,188,19,196
1269,24,244,19,194,19,199
1270,27,277,19,190,21,211
1271,27,275,18,183,19,199
1272,27,270,19,190,19,190
1273,26,264,19,195,19,195
1274,27,275,19,196,21,213
1275,27,274,18,187,19,197
1276,27,271,18,182,20,206
1277,26,269,20,200,20,203
1278,27,272,19,194,20,202
1279,25,259,20,205,21,212
1280,25,258,20,205,20,200
1281,24,248,19,196,19,197
1282,26,263,19,193,18,184
1283,27,273,19,194,21,210
1284,25,253,20,202,20,200
1285,26,265,20,209,20,203
1286,25,259,17,175,19,198
1287,27,270,17,172,19,190
1288,25,257,20,204,20,204
1289,28,281,21,214,19,190
1290,28,280,21,216,19,199
1291,28,285,19,194,20,201
1292,29,293,22,220,19,197
1293,28,289,21,212,19,192
1294,28,287,23,231,20,202
1295,28,285,21,215,20,204
1296,27,274,20,205,20,201
1297,26,268,22,226,18,189
1298,25,257,22,220,19,191
1299,28,287,21,214,19,199
1300,28,282,20,203,18,188
1301,26,264,21,212,19,195
1302,29,292,21,217,19,193
1303,27,278,22,221,21,210
1304,26,267,21,218,20,201
1305,27,276,22,227,20,200
1306,25,259,21,217,19,197
1307,28,288,21,212,19,194
1308,27,278,22,225,19,198
1309,26,266,20,207,19,191
1310,27,270,21,214,17,179
1311,25,254,21,217,17,179
1312,25,258,22,229,17,179
1313,25,259,21,215,18,189
1314,26,269,21,210,18,187
1315,25,259,20,206,18,183
1316,26,266,20,205,18,187
1317,26,260,21,213,19,196
1318,26,265,20,209,18,182
1319,25,257,22,221,19,193
1320,23,237,21,217,17,176
1321,24,241,18,189,17,175
1322,23,236,19,196,17,177
1323,23,235,20,201,18,185
1324,23,233,21,213,18,183
1325,24,244,21,215,18,187
1326,24,245,22,222,18,180
1327,24,246,21,213,18,189
1328,26,263,21,212,19,192
1329,26,268,21,215,19,190
1330,26,264,21,219,18,187
1331,26,269,21,216,19,194
1332,25,251,22,228,20,201
1333,24,246,21,212,18,187
1334,25,254,19,195,20,201
1335,24,248,21,211,19,191
1336,25,255,19,193,18,186
1337,24,247,18,183,18,180
1338,24,247,18,186,18,182
1339,25,253,19,199,19,194
1340,25,251,21,211,18,181
1341,24,245,20,202,18,180
1342,25,256,20,208,18,184
1343,26,261,21,215,18,181
1344,26,266,21,215,19,199
1345,25,259,19,199,19,193
1346,27,270,21,218,17,176
1347,27,272,21,217,19,192
1348,26,262,20,207,17,176
1349,26,263,20,203,17,177
1350,26,267,19,192,16,169
1351,26,262,20,206,17,178
1352,26,261,19,197,18,185
1353,27,278,20,205,19,194
1354,25,258,18,182,19,195
1355,26,267,19,194,18,187
1356,26,268,19,199,20,204
1357,25,259,20,200,19,194
1358,25,256,20,201,19,192
1359,26,265,21,210,19,194
1360,27,274,21,213,18,181
1361,27,274,21,213,20,208
1362,25,253,21,214,19,193
1363,26,260,20,207,20,203
1364,24,245,21,211,19,190
1365,23,233,21,213,17,177
1366,23,239,20,204,17,177
1367,23,239,20,208,19,194
1368,24,242,20,201,18,180
1369,23,230,20,203,18,184
1370,22,222,19,193,17,179
1371,23,234,20,200,18,184
1372,23,238,21,211,20,202
1373,25,251,22,225,20,209
1374,26,260,21,212,19,194
1375,24,242,21,217,18,185
1376,25,253,21,213,19,199
1377,24,245,20,202,18,184
1378,25,258,21,210,19,193
1379,26,260,20,206,18,180
1380,26,264,19,199,17,176
1381,26,265,20,209,15,159
1382,27,279,20,202,17,176
1383,27,277,21,214,16,167
1384,26,267,20,200,16,169
1385,27,273,20,209,16,169
1386,27,278,19,198,19,193
1387,26,264,20,205,17,176
1388,27,278,20,207,19,192
1389,26,267,21,215,18,186
1390,27,270,21,218,17,176
1391,26,264,20,208,18,186
1392,26,261,21,218,16,166
1393,26,267,22,225,16,163
1394,26,262,19,195,16,161
1395,25,252,21,210,16,167
1396,27,270,21,214,16,164
1397,26,268,19,194,17,170
1398,27,275,21,211,16,162
1399,26,264,20,206,17,179
1400,27,273,19,196,15,158
1401,27,275,20,207,17,174
1402,27,277,19,199,17,171
1403,25,257,20,200,18,182
1404,23,238,20,200,16,164
1405,23,239,20,206,16,160
1406,24,246,20,208,16,168
1407,25,251,22,226,16,166
1408,23,233,21,216,16,165
1409,23,237,21,216,16,168
1410,25,252,21,213,16,167
1411,24,245,21,213,16,164
1412,25,259,22,222,17,178
1413,25,256,21,215,18,189
1414,25,254,22,220,20,200
1415,26,260,22,222,19,198
1416,27,271,22,228,18,186
1417,26,261,21,211,19,195
1418,25,250,22,227,18,185
1419,25,254,23,230,17,178
1420,25,254,24,240,18,186
1421,26,263,22,225,16,169
1422,27,274,22,226,18,188
1423,25,255,22,227,19,194
1424,26,268,22,225,19,197
1425,25,255,22,224,20,200
1426,27,278,24,244,20,207
1427,28,282,24,245,20,206
1428,27,273,24,242,20,204
1429,26,269,23,230,20,206
1430,27,275,22,226,20,202
1431,27,275,23,230,20,204
1432,26,268,25,258,21,212
1433,27,272,23,239,19,195
1434,27,272,23,238,19,196
1435,25,259,24,248,21,210
1436,27,270,24,240,22,221
1437,27,273,25,254,21,217
1438,26,266,23,239,21,218
1439,26,266,23,232,21,215
1440,27,275,23,236,22,220
1441,27,277,24,245,21,218
1442,27,279,23,236,21,211
1443,27,279,22,223,21,214
1444,27,275,22,224,20,204
1445,26,263,22,220,19,197
1446,27,270,23,234,21,219
1447,25,256,23,236,20,203
1448,24,249,22,227,20,209
1449,26,266,23,237,20,202
1450,27,272,23,239,21,215
1451,24,249,21,210,20,202
1452,26,263,22,222,18,189
1453,27,275,22,224,19,192
1454,26,269,21,217,19,193
1455,26,264,23,231,18,185
1456,27,271,22,220,20,207
1457,26,269,24,240,21,212
1458,28,284,21,216,19,198
1459,29,290,21,219,19,196
1460,29,295,21,215,20,200
1461,28,286,22,229,19,197
1462,27,276,21,213,21,211
1463,26,267,21,211,18,188
1464,26,267,20,207,19,196
1465,28,285,21,215,20,208
1466,27,277,22,221,20,208
1467,29,291,22,223,20,202
1468,28,288,23,230,20,207
1469,27,275,22,220,20,203
1470,26,264,21,214,19,196
1471,24,249,21,212,17,178
1472,25,251,18,189,17,171
1473,25,256,18,185,16,160
1474,26,265,21,213,16,160
1475,27,277,19,196,17,179
1476,27,275,19,199,16,161
1477,28,287,21,210,17,174
1478,27,272,21,217,17,179
1479,26,268,20,200,17,173
1480,26,261,21,219,18,182
1481,27,279,21,211,18,184
1482,26,267,22,223,17,176
1483,27,277,22,227,17,179
1484,28,288,21,216,16,165
1485,28,280,22,224,17,175
1486,25,255,22,227,17,170
1487,27,278,23,239,18,180
1488,27,278,24,243,18,187
1489,26,268,24,246,16,166
1490,26,265,22,229,16,166
1491,28,284,21,214,16,166
1492,27,279,23,231,18,184
1493,26,267,23,234,16,169
1494,26,264,22,228,17,172
1495,28,289,22,227,17,175
1496,27,275,23,232,17,179
1497,27,276,22,222,18,180
1498,27,274,23,230,17,172
1499,27,273,22,220,18,187
1500,27,276,23,230,17,176
1501,27,275,20,203,20,201
1502,27,277,21,216,18,187
1503,27,274,22,226,17,175
1504,28,280,21,216,18,183
1505,27,278,21,218,19,193
1506,27,274,21,217,20,203
1507,27,273,20,209,18,185
1508,26,269,22,220,19,194
1509,25,252,20,209,19,197
1510,26,269,21,215,18,188
1511,28,282,22,222,18,189
1512,26,267,20,200,18,186
1513,27,273,19,198,18,186
1514,26,261,20,207,18,182
1515,27,279,21,215,18,185
1516,27,274,20,204,19,198
1517,26,268,19,199,20,203
1518,27,275,21,211,20,203
1519,25,257,20,200,20,208
1520,26,262,19,197,20,207
1521,25,259,19,194,20,201
1522,26,261,19,191,20,201
1523,27,270,19,197,19,193
1524,27,272,20,206,20,205
1525,25,257,21,214,20,201
1526,27,278,20,208,20,207
1527,28,280,20,209,19,193
1528,27,272,19,197,19,191
1529,26,265,19,199,20,204
1530,27,279,21,210,19,198
1531,26,268,21,219,20,203
1532,27,271,21,210,18,189
1533,26,263,20,203,18,180
1534,27,274,20,204,19,193
1535,25,259,20,201,20,202
1536,27,270,20,202,18,186
1537,26,263,20,200,20,202
1538,27,272,19,195,20,205
1539,25,251,21,214,19,195
1540,25,254,19,198,19,196
1541,25,255,20,204,20,202
1542,25,254,20,204,19,194
1543,25,251,19,191,19,192
1544,23,238,21,211,19,199
1545,22,229,20,205,20,202
1546,23,237,20,206,19,192
1547,24,249,21,218,20,203
1548,24,241,21,218,20,205
1549,25,250,20,208,20,206
1550,24,242,20,201,19,198
1551,23,236,21,214,21,214
1552,23,237,21,218,19,198
1553,24,248,22,225,20,202
1554,23,237,21,213,21,211
1555,22,227,21,213,21,214
1556,24,243,21,216,19,194
1557,24,242,21,218,19,192
1558,23,231,21,219,20,208
1559,23,236,21,212,20,200
1560,23,234,21,212,20,203
1561,24,248,19,191,18,186
1562,23,237,20,204,21,215
1563,24,249,21,211,19,199
1564,25,253,22,221,20,205
1565,24,244,22,222,20,205
1566,26,263,21,216,19,199
1567,26,261,21,216,19,197
1568,26,266,21,210,19,193
1569,26,268,20,208,19,199
1570,24,248,21,215,20,208
1571,25,253,22,223,20,203
1572,26,263,20,209,20,206
1573,26,268,21,219,20,209
1574,26,261,22,225,20,201
1575,25,258,23,232,20,202
1576,25,258,21,219,20,202
1577,27,270,21,216,19,193
1578,25,252,21,217,21,218
1579,27,274,21,214,20,209
1580,26,268,23,232,20,209
1581,25,251,22,222,20,208
1582,26,264,20,209,20,201
1583,25,251,21,214,21,210
1584,26,264,22,222,19,196
1585,25,250,24,241,20,201
1586,27,270,23,237,20,202
1587,25,251,23,230,18,186
1588,25,250,22,220,18,187
1589,26,261,21,219,18,182
1590,26,265,21,216,19,195
1591,26,264,22,221,19,192
1592,25,251,22,221,19,192
1593,26,262,22,220,20,208
1594,25,258,21,217,19,195
1595,25,256,20,205,19,194
1596,25,256,20,202,20,201
1597,26,262,21,219,20,206
1598,25,254,21,216,18,186
1599,23,236,21,211,18,186
1600,26,262,20,203,18,189
1601,24,240,20,200,19,198
1602,25,255,20,203,17,179
1603,23,237,19,192,19,199
1604,22,226,19,198,18,185
1605,23,234,20,207,19,191
1606,23,231,19,197,17,178
1607,24,243,19,196,18,184
1608,24,240,19,198,18,188
1609,23,239,21,210,19,196
1610,24,242,22,227,19,193
1611,26,262,21,216,19,191
1612,25,257,23,234,19,192
1613,25,257,22,225,19,196
1614,24,240,23,230,19,193
1615,23,234,24,245,20,201
1616,24,244,24,245,18,183
1617,24,248,22,224,19,196
1618,25,255,23,231,19,198
1619,25,250,22,227,20,209
1620,24,249,23,237,20,201
1621,24,247,23,232,19,196
1622,25,251,22,227,19,196
1623,25,258,22,229,19,193
1624,25,251,22,228,19,198
1625,24,249,22,225,19,192
1626,24,244,22,225,19,196
1627,26,265,22,227,20,203
1628,24,249,23,231,21,212
1629,24,246,23,236,21,217
1630,26,261,22,223,21,213
1631,26,263,24,243,21,217
1632,27,270,23,238,21,211
1633,27,278,23,238,22,222
1634,27,271,24,242,21,212
1635,27,273,23,232,21,218
1636,27,274,23,235,21,214
1637,27,278,24,246,22,226
1638,27,274,24,243,21,213
1639,26,269,22,227,22,227
1640,27,275,23,232,20,201
1641,26,269,24,243,20,206
1642,28,281,23,235,21,214
1643,27,275,24,244,21,211
1644,28,282,23,236,21,219
1645,26,262,23,237,21,210
1646,28,289,24,241,21,214
1647,28,289,25,254,22,224
1648,27,276,24,242,22,225
1649,28,283,23,237,22,225
1650,28,286,24,241,21,214
1651,28,289,25,250,22,223
1652,28,287,25,258,23,232
1653,28,287,25,256,22,221
1654,27,273,25,254,22,223
1655,27,273,23,239,23,235
1656,28,280,24,242,21,219
1657,28,280,24,241,21,210
1658,27,271,24,242,20,205
1659,27,271,24,242,20,204
1660,27,275,23,231,21,214
1661,27,271,23,233,21,218
1662,26,268,22,229,19,198
1663,26,260,23,237,20,205
1664,26,263,23,236,20,201
1665,26,268,23,235,20,202
1666,25,254,23,239,19,194
1667,26,262,22,226,20,200
1668,27,272,22,223,19,192
1669,25,255,23,232,19,192
1670,25,256,22,227,19,193
1671,26,264,21,214,20,203
1672,26,260,22,220,19,191
1673,26,268,21,219,18,189
1674,26,264,23,235,20,203
1675,26,262,22,221,20,203
1676,27,273,23,232,21,218
1677,26,260,22,224,21,211
1678,26,264,23,233,22,223
1679,27,272,24,240,22,221
1680,26,268,22,229,22,221
1681,30,301,23,234,23,233
1682,28,289,23,234,22,221
1683,29,293,23,237,23,234
1684,27,276,23,230,22,221
1685,27,270,22,226,22,223
1686,27,273,22,223,22,220
1687,27,270,22,225,22,227
1688,26,268,22,220,22,227
1689,27,272,23,231,21,210
1690,25,255,23,230,21,215
1691,24,248,21,219,21,216
1692,25,251,20,208,21,210
1693,24,247,22,225,21,217
1694,26,266,21,214,22,221
1695,25,256,22,226,22,224
1696,26,262,22,221,21,214
1697,25,256,22,228,21,213
1698,24,248,23,234,22,223
1699,26,262,22,228,22,226
1700,25,251,22,224,21,218
1701,25,255,22,225,21,210
1702,24,244,22,223,20,206
1703,24,247,22,223,20,207
1704,25,258,22,224,21,217
1705,26,263,22,223,22,221
1706,26,264,22,226,20,208
1707,26,260,22,227,22,221
1708,26,265,22,220,21,219
1709,26,267,23,230,21,219
1710,26,267,23,230,22,220
1711,26,260,24,240,22,226
1712,26,266,22,229,21,218
1713,27,271,23,232,19,198
1714,27,272,22,226,21,217
1715,25,259,22,221,20,209
1716,26,268,23,232,21,217
1717,26,268,22,221,21,216
1718,27,274,22,220,22,228
1719,27,270,22,224,22,225
1720,27,277,24,241,22,226
1721,25,254,23,233,21,215
1722,26,263,21,219,21,214
1723,26,264,23,237,23,231
1724,27,277,23,234,23,234
1725,27,278,23,234,23,236
1726,26,269,23,238,23,236
1727,26,269,23,235,22,228
1728,26,268,24,244,22,220
1729,27,277,21,219,22,221
1730,27,278,23,234,23,236
1731,27,274,23,236,24,243
1732,26,265,23,235,25,250
1733,27,276,24,240,23,232
1734,27,278,23,239,23,236
1735,26,264,23,231,23,233
1736,27,278,23,233,23,231
1737,28,286,23,236,24,243
1738,28,287,23,232,23,234
1739,28,285,24,242,22,227
1740,28,281,22,228,22,220
1741,29,291,23,235,23,233
1742,27,273,23,236,23,232
1743,27,278,22,222,22,227
1744,27,275,23,230,22,227
1745,28,282,22,223,22,223
1746,27,275,22,225,21,218
1747,28,284,22,228,22,228
1748,28,285,23,239,22,228
1749,27,271,23,232,22,229
1750,27,277,23,230,22,228
1751,27,279,24,245,23,238
1752,27,276,23,232,22,227
1753,29,294,25,250,23,234
1754,28,282,25,250,24,248
1755,29,292,22,229,22,228
1756,28,283,22,227,21,218
1757,29,295,22,222,22,228
1758,29,297,23,237,21,219
1759,28,287,23,232,21,216
1760,27,279,23,234,21,210
1761,28,286,23,232,22,225
1762,28,281,22,220,20,207
1763,28,284,22,221,22,224
1764,27,270,20,207,20,206
1765,26,266,21,212,21,210
1766,26,263,22,220,20,208
1767,27,275,20,208,20,206
1768,26,264,21,210,20,204
1769,26,266,20,200,20,200
1770,25,250,19,198,19,198
1771,25,256,19,198,19,198
1772,25,253,20,201,19,194
1773,24,243,19,199,19,192
1774,25,254,19,193,19,199
1775,25,254,19,196,19,196
1776,26,262,20,200,20,200
1777,26,263,20,204,19,192
1778,27,278,20,203,19,199
1779,28,282,19,197,19,192
1780,28,286,18,185,17,175
1781,28,280,19,194,18,181
1782,28,280,19,195,18,185
1783,27,276,20,209,19,196
1784,28,282,19,190,19,195
1785,28,280,20,200,18,183
1786,27,271,19,194,18,186
1787,26,263,19,198,17,174
1788,26,262,20,205,18,189
1789,27,275,20,203,19,191
1790,27,270,20,209,18,189
1791,26,263,20,208,18,185
1792,26,263,20,201,18,189
1793,26,268,21,210,20,202
1794,27,274,21,210,18,185
1795,29,294,20,203,18,184
1796,28,286,21,213,18,184
1797,30,308,20,203,20,203
1798,30,302,21,212,19,194
1799,30,306,22,220,20,208
1800,28,287,22,224,20,204
1801,30,301,21,217,20,209
1802,31,313,23,236,21,219
1803,29,291,23,233,19,194
1804,28,286,19,199,19,195
1805,27,279,22,221,19,191
1806,26,269,22,229,19,192
1807,29,296,23,234,20,208
1808,28,284,22,227,18,189
1809,30,300,23,232,19,193
1810,28,283,21,219,21,215
1811,29,295,22,223,21,210
1812,28,281,21,216,20,206
1813,27,273,21,216,21,219
1814,27,277,22,226,22,220
1815,27,276,21,216,21,216
1816,26,264,23,232,22,224
1817,26,264,21,212,21,216
1818,25,252,21,219,21,217
1819,25,256,22,227,21,217
1820,24,248,21,212,20,203
1821,26,266,21,219,21,218
1822,25,259,21,216,20,203
1823,23,234,22,223,22,221
1824,25,253,23,234,21,211
1825,24,243,21,217,20,203
1826,24,246,21,216,21,212
1827,23,238,22,224,20,208
1828,25,256,22,223,21,211
1829,25,258,22,226,21,212
1830,25,256,21,216,21,212
1831,26,265,23,231,21,214
1832,26,268,20,205,20,206
1833,28,280,21,213,21,210
1834,27,273,22,229,20,205
1835,28,280,23,230,20,202
1836,28,285,22,220,20,206
1837,28,283,21,217,20,207
1838,27,270,20,206,21,213
1839,27,278,21,219,19,196
1840,26,266,22,222,20,204
1841,27,271,21,211,21,211
1842,27,273,23,231,22,222
1843,26,264,21,218,22,222
1844,25,255,21,210,20,203
1845,25,254,21,219,19,198
1846,24,247,20,207,19,196
1847,24,245,21,215,19,194
1848,25,258,21,210,20,202
1849,25,252,20,200,19,190
1850,24,247,18,185,18,184
1851,26,267,20,202,19,197
1852,25,256,20,205,19,194
1853,25,253,20,204,19,198
1854,25,255,20,201,18,181
1855,24,248,22,224,19,196
1856,25,250,20,207,19,197
1857,24,248,19,197,19,194
1858,23,236,20,205,19,192
1859,22,229,20,205,19,198
1860,23,236,20,207,19,196
1861,25,252,22,221,19,191
1862,23,236,21,214,19,196
1863,24,246,22,226,19,193
1864,24,244,22,225,20,200
1865,24,249,21,218,20,208
1866,24,245,21,210,19,197
1867,26,260,20,204,20,201
1868,24,243,19,198,20,205
1869,25,251,21,211,21,215
1870,25,253,22,221,21,211
1871,24,244,20,203,21,211
1872,24,241,19,196,19,195
1873,23,232,19,199,18,189
1874,24,241,19,196,18,187
1875,23,233,20,200,19,197
1876,24,244,20,209,21,210
1877,24,243,20,209,19,192
1878,24,243,21,219,20,209
1879,25,255,22,222,19,190
1880,26,267,22,223,21,211
1881,25,252,21,215,19,199
1882,25,257,21,219,19,191
1883,26,264,22,221,19,199
1884,25,257,22,228,18,183
1885,25,250,21,210,17,175
1886,26,266,21,215,19,190
1887,24,246,23,232,19,194
1888,24,245,22,224,18,183
1889,25,250,22,221,18,185
1890,25,259,21,211,18,181
1891,26,263,21,215,18,186
1892,26,264,21,210,18,182
1893,27,271,20,203,19,199
1894,28,280,21,211,17,176
1895,27,273,23,230,18,182
1896,27,279,22,229,19,194
1897,28,285,24,240,21,210
1898,27,276,23,233,21,211
1899,27,273,22,225,20,209
1900,26,269,23,232,19,193
1901,26,261,23,235,19,192
1902,26,266,22,224,19,191
1903,25,254,21,210,19,192
1904,27,272,23,238,18,184
1905,26,263,23,234,18,183
1906,26,260,23,238,18,182
1907,26,265,23,230,18,185
1908,27,275,24,243,19,194
1909,27,272,24,243,20,202
1910,26,267,23,239,19,194
1911,26,266,23,231,20,204
1912,26,266,23,236,19,199
1913,25,259,21,217,21,215
1914,25,253,24,245,21,211
1915,25,254,22,229,20,203
1916,25,250,22,220,19,195
1917,25,257,21,212,18,184
1918,25,256,22,226,18,189
1919,26,266,21,215,18,185
1920,24,246,22,225,18,187
1921,23,239,22,228,18,181
1922,24,246,23,233,21,213
1923,26,262,21,215,19,199
1924,25,259,21,217,20,204
1925,23,239,21,218,20,208
1926,25,253,22,223,19,195
1927,25,256,22,222,19,192
1928,25,253,22,223,20,206
1929,25,255,21,212,21,215
1930,26,265,23,233,21,210
1931,26,260,21,217,21,219
1932,26,267,21,216,21,210
1933,26,269,22,223,20,201
1934,27,274,23,231,20,204
1935,26,267,22,229,22,220
1936,27,279,21,212,20,208
1937,28,285,22,222,21,213
1938,27,279,24,243,21,215
1939,27,273,23,232,22,224
1940,27,275,23,233,21,215
1941,27,270,23,235,21,216
1942,28,283,23,235,19,193
1943,27,277,23,232,21,213
1944,28,283,22,229,21,210
1945,28,286,24,242,20,204
1946,28,284,24,243,22,228
1947,28,282,24,242,21,213
1948,27,277,25,251,21,214
1949,27,276,24,244,21,216
1950,28,281,24,240,21,219
1951,27,276,24,243,20,207
1952,27,271,23,236,20,207
1953,28,281,22,228,21,210
1954,27,278,24,240,20,206
1955,28,280,23,230,20,208
1956,27,277,23,230,20,209
1957,26,266,21,213,21,218
1958,28,283,24,247,22,221
1959,27,272,23,236,24,244
1960,26,265,23,234,24,240
1961,26,269,23,239,24,248
1962,27,279,23,232,23,237
1963,27,273,24,240,22,228
1964,29,290,23,232,23,232
1965,27,270,23,237,21,217
1966,26,269,23,238,23,237
1967,28,289,23,233,24,241
1968,27,272,23,235,24,246
1969,27,270,24,242,23,232
1970,27,270,22,228,22,229
1971,26,262,22,221,21,216
1972,26,263,22,228,22,221
1973,26,266,22,229,23,231
1974,26,264,21,212,21,210
1975,26,261,22,224,21,213
1976,26,269,22,225,20,201
1977,25,256,23,233,22,222
1978,25,257,21,216,21,214
1979,27,271,21,218,20,207
1980,27,272,22,225,20,205
1981,26,263,22,221,20,204
1982,24,246,21,212,18,186
1983,27,270,21,217,21,210
1984,25,257,21,218,20,208
1985,25,253,21,218,21,210
1986,27,273,22,223,20,200
1987,26,267,20,209,22,222
1988,26,266,22,228,22,220
1989,26,269,22,225,21,219
1990,25,257,24,243,22,229
1991,27,270,23,230,21,219
1992,26,264,22,227,22,226
1993,27,271,23,232,23,236
1994,26,267,22,228,24,242
1995,26,268,22,223,22,227
1996,26,264,22,229,22,222
1997,26,267,23,233,22,222
1998,25,257,22,223,22,225
1999,26,260,24,242,22,228
2000,26,265,22,228,23,237
2001,25,254,23,234,22,222
2002,25,257,25,250,20,208
2003,26,260,23,238,22,226
2004,25,255,22,222,21,218
2005,25,252,23,237,20,208
2006,24,247,23,232,22,225
2007,25,257,23,233,21,218
2008,25,252,21,212,21,210
2009,23,238,21,213,21,212
2010,25,254,22,225,20,205
2011,24,246,24,242,21,215
2012,23,236,22,225,20,208
2013,24,246,22,224,20,209
2014,24,245,22,224,21,218
2015,23,238,25,250,21,219
2016,25,258,24,244,22,221
2017,25,252,24,241,21,214
2018,24,245,23,230,21,213
2019,24,249,23,233,21,219
2020,23,237,23,239,22,221
2021,23,238,24,245,20,205
2022,25,256,23,233,21,217
2023,25,250,23,234,22,220
2024,25,259,23,236,22,226
2025,25,257,24,241,21,219
2026,27,272,23,237,22,224
2027,25,256,23,232,21,213
2028,24,243,22,223,22,224
2029,23,239,22,225,21,217
2030,26,260,21,219,21,217
2031,24,246,21,219,22,222
2032,23,238,21,217,22,226
2033,25,252,21,218,22,225
2034,24,241,21,218,22,226
2035,24,249,21,219,22,225
2036,25,256,22,227,23,235
2037,25,253,22,226,22,229
2038,26,267,22,228,24,241
2039,24,247,23,232,24,246
2040,25,257,23,230,24,245
2041,25,257,22,227,24,248
2042,27,273,23,233,25,252
2043,29,290,24,247,26,268
2044,27,271,23,236,23,237
2045,26,265,22,228,24,241
2046,27,271,23,234,26,263
2047,26,269,22,221,26,261
2048,26,263,22,228,25,255
2049,27,272,24,241,26,265
2050,27,279,23,235,27,271
2051,27,271,23,236,25,253
2052,27,275,23,235,24,249
2053,26,269,22,225,24,245
2054,28,286,21,219,23,232
2055,28,281,22,220,24,244
2056,26,261,22,221,24,245
2057,27,274,21,219,24,242
2058,28,283,23,231,25,252
2059,27,276,23,239,26,266
2060,26,269,22,225,24,246
2061,27,279,22,226,26,265
2062,26,263,23,236,25,259
2063,26,263,22,226,26,269
2064,26,262,23,233,27,276
2065,26,264,22,227,26,262
2066,26,265,22,227,25,258
2067,23,239,22,223,24,245
2068,26,261,23,230,25,252
2069,26,260,22,228,24,246
2070,26,267,23,234,25,250
2071,27,270,23,231,25,250
2072,25,257,22,229,24,245
2073,25,253,22,227,23,236
2074,25,256,22,226,24,244
2075,26,266,22,226,24,246
2076,27,270,23,233,25,251
2077,25,255,24,241,24,248
2078,25,253,23,230,25,254
2079,25,252,22,222,23,235
2080,25,254,22,228,25,250
2081,25,250,22,221,24,244
2082,24,249,21,211,24,249
2083,25,250,22,224,25,255
2084,24,246,22,229,25,255
2085,26,264,23,237,25,250
2086,25,253,24,249,25,253
2087,26,261,23,235,26,260
2088,24,249,22,228,25,259
2089,25,254,23,230,24,240
2090,24,240,24,240,24,240
2091,24,246,22,220,23,231
2092,24,244,22,225,23,233
2093,23,232,21,217,21,214
2094,25,250,22,223,22,229
2095,24,244,21,218,23,233
2096,23,231,22,220,21,217
2097,23,234,23,235,23,233
2098,23,237,23,233,23,234
2099,24,247,23,236,23,231
2100,22,227,22,222,23,231
2101,21,217,22,227,21,213
2102,21,215,22,222,22,226
2103,22,221,21,217,21,213
2104,21,218,21,213,22,220
2105,19,194,22,227,21,216
2106,20,205,21,216,20,208
2107,20,209,21,218,20,207
2108,21,211,21,218,20,201
2109,21,212,22,226,21,212
2110,21,218,21,218,20,208
2111,21,210,22,226,20,205
2112,22,225,22,226,22,227
2113,23,233,22,225,22,226
2114,24,242,24,242,24,244
2115,23,234,22,226,21,218
2116,22,222,23,231,19,199
2117,25,250,22,228,21,218
2118,23,236,22,226,22,220
2119,25,253,22,229,21,219
2120,23,237,21,212,20,209
2121,24,243,22,220,22,221
2122,25,252,21,213,21,213
2123,25,250,21,211,20,207
2124,24,244,22,223,20,204
2125,23,237,22,227,21,215
2126,25,255,22,220,20,208
2127,24,242,23,230,20,201
2128,24,245,21,218,21,211
2129,25,251,21,212,20,204
2130,22,226,21,216,20,205
2131,22,227,22,224,20,204
2132,24,243,22,222,19,192
2133,24,242,22,228,21,210
2134,24,241,23,232,21,212
2135,24,246,21,214,20,202
2136,24,247,21,216,21,214
2137,23,232,22,222,21,213
2138,23,231,20,209,20,208
2139,22,222,21,213,21,214
2140,23,233,22,227,19,198
2141,23,237,22,227,19,197
2142,23,232,21,211,19,196
2143,21,219,21,217,19,195
2144,24,243,21,217,19,199
2145,23,238,21,219,21,211
2146,24,248,22,222,21,211
2147,25,257,21,219,21,218
2148,26,263,22,220,22,222
2149,24,248,21,215,22,224
2150,24,246,22,227,21,210
2151,25,259,23,232,22,225
2152,25,255,22,224,22,224
2153,25,255,22,222,22,220
2154,25,253,23,231,22,229
2155,25,251,22,228,21,217
2156,24,242,23,233,23,232
2157,22,227,23,231,22,229
2158,22,229,23,230,22,220
2159,23,237,23,231,22,224
2160,23,230,23,232,23,235
2161,22,223,20,208,22,220
2162,22,227,22,220,22,228
2163,23,239,22,223,21,218
2164,22,229,21,212,20,205
2165,22,229,21,218,21,210
2166,23,237,22,222,20,209
2167,23,235,22,220,20,203
2168,23,231,21,219,21,216
2169,22,226,22,224,21,219
2170,24,243,22,221,20,205
2171,25,259,22,223,22,227
2172,24,243,22,227,20,201
2173,26,260,22,229,21,212
2174,24,247,23,232,20,203
2175,24,247,23,235,21,214
2176,24,247,25,250,20,206
2177,24,241,24,244,20,205
2178,26,260,23,239,19,196
2179,23,239,24,247,21,211
2180,25,255,23,230,20,206
2181,25,256,24,244,20,205
2182,25,250,23,236,20,200
2183,25,255,24,241,19,195
2184,25,255,24,246,19,199
2185,25,256,25,250,20,206
2186,26,268,24,242,20,200
2187,26,268,24,249,19,192
2188,27,270,24,240,20,201
2189,25,258,23,234,21,213
2190,26,263,22,226,21,210
2191,26,264,23,231,22,224
2192,25,258,22,221,22,223
2193,24,247,21,219,21,219
2194,25,253,23,238,21,214
2195,26,264,23,231,21,212
2196,25,259,22,227,20,208
2197,26,261,25,250,22,220
2198,26,267,25,253,21,215
2199,26,262,24,249,21,211
2200,25,258,25,250,20,209
2201,27,276,24,240,20,201
2202,27,277,24,241,20,204
2203,27,276,24,247,21,213
2204,26,266,24,240,20,208
2205,25,252,23,238,21,211
2206,26,262,25,252,22,220
2207,26,265,25,253,22,225
2208,25,255,24,246,22,229
2209,25,251,23,233,20,205
2210,26,265,24,242,22,222
2211,25,252,24,242,22,227
2212,26,260,25,257,20,202
2213,26,260,24,247,21,216
2214,26,264,25,251,21,210
2215,25,257,23,236,21,219
2216,23,234,23,237,21,211
2217,23,234,24,245,21,213
2218,23,236,23,239,21,218
2219,22,229,22,228,20,208
2220,24,242,23,236,19,196
2221,23,236,23,234,21,211
2222,24,240,22,225,20,206
2223,24,243,24,242,19,198
2224,25,250,24,240,21,216
2225,25,252,23,236,21,211
2226,25,252,25,257,20,209
2227,25,259,25,255,20,204
2228,25,256,25,258,21,212
2229,26,269,25,258,20,207
2230,27,270,25,251,20,206
2231,26,268,25,254,20,204
2232,26,266,24,247,20,208
2233,27,277,25,256,21,216
2234,28,281,25,254,22,227
2235,27,278,26,265,21,214
2236,23,238,24,249,22,225
2237,25,258,24,249,23,231
2238,25,259,24,240,23,237
2239,24,249,24,249,24,246
2240,24,249,24,243,22,221
2241,23,235,25,250,22,225
2242,25,250,26,265,23,234
2243,25,253,24,249,22,228
2244,25,253,23,237,23,231
2245,24,246,25,251,23,237
2246,26,260,24,246,23,236
2247,26,264,24,248,23,234
2248,27,278,26,264,24,249
2249,27,273,26,262,24,247
2250,28,282,24,249,25,254
2251,26,267,25,252,24,246
2252,27,271,25,252,23,238
2253,25,255,24,243,23,238
2254,25,250,25,259,24,245
2255,25,256,24,242,24,246
2256,24,249,25,256,24,240
2257,23,231,23,234,22,225
2258,22,226,24,245,23,235
2259,23,233,24,241,23,238
2260,22,225,24,240,24,241
2261,22,221,24,240,22,226
2262,22,226,22,223,22,221
2263,23,236,22,229,20,207
2264,25,256,22,229,21,218
2265,24,249,25,252,21,218
2266,24,242,24,243,21,217
2267,23,233,23,238,23,233
2268,23,237,23,234,23,231
2269,24,241,23,234,22,224
2270,25,256,22,229,20,209
2271,23,231,23,233,20,209
2272,23,231,24,243,21,219
2273,25,252,24,242,22,223
2274,25,251,24,240,20,209
2275,25,259,26,263,21,213
2276,25,253,24,240,22,223
2277,26,268,24,247,21,217
2278,26,262,24,241,23,237
2279,27,275,23,232,21,219
2280,27,271,25,254,22,228
2281,26,268,25,253,23,238
2282,27,270,22,226,21,213
2283,26,261,24,241,21,214
2284,24,249,24,246,22,228
2285,27,276,25,253,22,221
2286,23,239,24,249,20,208
2287,26,263,26,262,21,218
2288,24,248,25,252,24,243
2289,27,273,25,254,23,230
2290,26,260,25,250,22,229
2291,25,258,24,249,23,230
2292,26,268,25,258,21,210
2293,27,270,25,250,23,236
2294,25,257,24,243,22,220
2295,28,282,23,239,22,223
2296,28,280,25,258,22,228
2297,27,277,25,256,23,236
2298,27,271,23,230,23,238
2299,26,264,24,244,23,234
2300,26,268,24,246,21,219
2301,27,270,24,248,22,229
2302,28,284,24,249,23,232
2303,28,282,25,254,23,237
2304,26,268,24,244,24,242
2305,27,270,24,243,23,237
2306,27,273,24,240,22,222
2307,25,258,24,243,24,244
2308,25,255,24,248,24,246
2309,27,278,25,255,24,242
2310,26,264,25,257,24,241
2311,27,274,25,251,25,252
2312,27,275,26,264,24,244
2313,27,273,24,246,24,248
2314,27,275,25,255,26,260
2315,27,277,25,256,26,261
2316,26,261,25,259,25,255
2317,27,277,26,260,25,252
2318,26,266,25,257,24,243
2319,27,272,24,249,26,264
2320,28,280,25,252,24,243
2321,26,261,25,252,23,238
2322,26,262,23,235,24,248
2323,27,276,23,233,23,238
2324,25,258,24,247,24,241
2325,26,268,24,242,24,242
2326,25,256,23,232,23,234
2327,25,255,23,230,21,219
2328,26,265,21,212,21,211
2329,26,267,24,246,22,224
2330,26,262,23,236,21,217
2331,27,274,21,213,19,199
2332,25,251,20,206,18,187
2333,25,257,22,224,19,195
2334,25,255,19,194,17,179
2335,25,254,20,209,18,189
2336,26,267,20,204,19,194
2337,27,274,19,199,17,177
2338,27,277,20,202,17,178
2339,28,280,20,204,17,171
2340,27,274,20,207,18,185
2341,27,279,20,209,19,196
2342,26,264,20,202,18,185
2343,26,263,20,201,19,190
2344,27,270,20,207,18,182
2345,28,284,19,199,18,188
2346,30,301,20,208,18,186
2347,29,295,21,210,18,186
2348,28,283,19,199,18,181
2349,28,287,20,200,18,182
2350,28,288,19,197,18,189
2351,28,288,20,203,18,184
2352,26,264,20,207,17,179
2353,25,251,20,204,19,199
2354,23,238,20,200,18,188
2355,21,217,20,206,19,191
2356,23,235,21,211,20,200
2357,22,221,21,213,20,203
2358,21,215,21,213,19,195
2359,23,234,22,224,22,223
2360,26,266,24,244,23,236
2361,25,259,24,240,21,212
2362,25,250,23,230,22,225
2363,25,257,22,225,21,216
2364,25,259,22,229,20,208
2365,25,255,22,222,21,216
2366,26,265,22,226,21,214
2367,25,256,22,220,21,212
2368,25,257,22,224,21,211
2369,25,257,21,219,20,207
2370,26,268,22,223,20,205
2371,24,246,22,223,19,198
2372,24,248,22,225,21,215
2373,24,244,21,214,20,206
2374,24,245,22,220,20,205
2375,24,248,21,215,20,209
2376,26,264,21,219,21,213
2377,25,252,22,224,21,215
2378,25,258,23,233,22,223
2379,25,254,21,213,22,227
2380,26,265,23,231,24,247
2381,25,254,23,231,22,223
2382,25,257,23,232,23,233
2383,27,271,22,229,21,210
2384,25,258,23,234,22,220
2385,26,263,22,226,22,228
2386,26,260,24,249,22,220
2387,26,262,22,224,23,231
2388,26,268,22,221,22,225
2389,24,242,20,208,21,211
2390,24,244,20,203,20,200
2391,25,253,21,218,21,212
2392,25,250,19,191,20,200
2393,23,238,19,194,19,192
2394,23,237,20,202,20,208
2395,25,251,20,200,19,194
2396,23,232,18,181,19,195
2397,23,233,19,190,18,187
2398,25,257,20,202,18,181
2399,24,247,18,184,18,183
2400,26,269,19,199,18,189
2401,26,266,18,188,17,176
2402,26,260,17,176,17,170
2403,25,257,16,166,15,159
2404,25,253,16,167,16,169
2405,27,270,17,171,15,156
2406,27,272,17,172,15,159
2407,26,264,18,189,18,182
2408,25,259,18,186,17,170
2409,25,254,18,185,15,159
2410,24,242,16,160,17,173
2411,24,240,16,169,16,166
2412,24,244,15,159,16,160
2413,25,253,18,182,15,158
2414,25,251,19,194,17,174
2415,26,266,19,190,16,163
2416,26,261,18,185,17,178
2417,25,259,17,177,19,193
2418,24,248,18,182,18,182
2419,24,249,18,187,18,183
2420,24,249,19,193,17,176
2421,23,239,20,201,19,193
2422,23,237,20,203,19,192
2423,24,241,19,191,20,200
2424,24,244,20,203,20,202
2425,25,250,19,194,18,187
2426,25,257,20,209,18,184
2427,25,255,21,210,20,206
2428,24,242,19,193,17,175
2429,23,233,19,197,18,181
2430,25,256,19,194,18,182
2431,25,256,21,215,19,196
2432,27,275,19,199,17,172
2433,28,283,21,211,19,190
2434,27,272,19,196,18,180
2435,26,261,19,199,18,183
2436,26,262,19,194,18,187
2437,26,262,21,210,19,191
2438,25,258,20,208,18,182
2439,27,273,19,199,17,179
2440,24,246,20,202,19,190
2441,23,232,17,177,17,172
2442,24,242,19,190,18,180
2443,26,260,20,203,18,188
2444,24,241,17,172,18,188
2445,26,269,18,185,18,185
2446,25,257,18,185,18,185
2447,26,262,18,185,19,190
2448,27,273,19,199,21,212
2449,25,259,19,194,20,203
2450,25,252,20,205,20,202
2451,26,265,18,184,19,191
2452,25,257,19,191,19,193
2453,24,245,20,205,18,185
2454,25,251,19,191,17,177
2455,26,267,20,207,20,209
2456,27,279,22,226,20,205
2457,26,268,21,215,19,194
2458,27,273,19,196,21,210
2459,27,272,19,198,19,195
2460,27,272,19,199,18,187
2461,27,273,20,204,19,190
2462,30,305,21,210,19,193
2463,30,300,20,208,20,202
2464,29,292,21,216,20,202
2465,28,288,20,203,20,208
2466,29,294,20,202,20,200
2467,29,291,21,219,20,207
2468,30,309,21,213,20,204
2469,28,281,22,229,20,208
2470,28,285,23,236,19,194
2471,29,292,22,222,20,206
2472,28,282,22,222,19,196
2473,26,269,21,212,20,200
2474,25,252,22,221,19,192
2475,27,275,21,219,20,209
2476,28,285,21,218,21,218
2477,27,272,22,224,20,204
2478,27,275,21,216,21,214
2479,25,257,20,209,20,208
2480,26,269,20,202,20,201
2481,26,265,20,204,18,180
2482,25,257,20,201,18,185
2483,26,269,20,206,19,195
2484,27,270,19,198,17,175
2485,27,275,20,202,18,181
2486,28,282,20,207,17,179
2487,27,278,19,191,17,175
2488,26,263,18,183,16,166
2489,26,263,20,205,17,170
2490,27,277,19,197,17,172
2491,25,256,19,192,17,175
2492,26,260,19,192,18,181
2493,25,252,19,195,18,189
2494,26,264,20,204,18,185
2495,27,274,21,216,18,180
2496,26,263,21,216,19,190
2497,26,268,22,224,19,193
2498,26,269,21,217,18,187
2499,26,266,21,215,17,176
2500,25,254,22,227,20,200
2501,26,260,22,223,19,197
2502,27,272,23,231,19,198
2503,27,277,23,233,19,192
2504,27,275,24,242,19,193
2505,27,279,22,223,19,191
2506,26,265,24,241,19,191
2507,27,274,24,243,20,202
2508,27,276,24,248,21,211
2509,27,275,22,229,20,207
2510,27,279,24,243,20,209
2511,27,271,25,250,20,200
2512,27,273,25,257,21,215
2513,27,277,26,267,21,211
2514,27,270,25,253,21,213
2515,27,273,24,246,20,207
2516,26,264,25,251,22,225
2517,28,285,26,261,22,226
2518,28,286,25,257,22,226
2519,27,277,26,266,24,242
2520,27,272,25,258,21,217
2521,27,279,26,266,19,191
2522,26,265,26,264,21,213
2523,26,263,25,251,18,187
2524,26,267,26,261,19,195
2525,26,266,27,274,18,186
2526,28,288,26,264,20,201
2527,28,283,26,266,19,193
2528,27,274,27,278,20,207
2529,28,284,26,263,20,208
2530,27,278,28,282,20,204
2531,26,269,28,281,21,214
2532,26,262,29,290,20,205
2533,28,282,28,284,22,220
2534,27,275,28,288,21,218
2535,29,293,28,283,22,221
2536,28,286,27,278,21,218
2537,29,296,28,283,23,238
2538,29,297,27,274,23,230
2539,29,296,27,276,24,243
2540,29,290,29,299,22,224
2541,29,292,28,287,23,233
2542,26,267,28,280,23,231
2543,27,279,27,276,23,234
2544,29,294,26,269,23,238
2545,27,273,27,276,23,230
2546,28,286,27,278,23,236
2547,28,282,28,285,23,237
2548,28,288,28,281,24,243
2549,27,271,28,286,23,238
2550,29,295,27,278,22,229
2551,29,298,26,269,22,228
2552,29,290,27,276,22,225
2553,28,281,26,266,21,214
2554,28,286,26,264,19,199
2555,27,272,25,257,18,187
2556,25,255,25,255,19,195
2557,26,268,25,255,18,187
2558,26,264,26,263,18,183
2559,25,254,27,270,18,181
2560,27,273,25,259,17,174
2561,23,233,25,254,15,155
2562,26,266,25,250,14,143
2563,28,280,25,254,13,136
2564,27,271,22,227,13,132
2565,26,263,23,237,13,130
2566,26,266,22,223,14,146
2567,26,267,25,252,13,131
2568,27,273,25,252,15,157
2569,27,276,25,259,15,150
2570,28,283,25,250,14,141
2571,27,277,24,247,14,143
2572,27,279,25,258,14,140
2573,27,277,24,245,14,148
2574,27,275,23,236,14,142
2575,29,291,23,239,15,150
2576,29,292,24,242,14,148
2577,27,276,25,257,13,136
2578,28,283,25,253,14,147
2579,27,272,23,236,15,151
2580,28,281,24,247,15,151
2581,27,278,24,244,12,127
2582,26,261,23,232,14,141
2583,27,277,26,262,16,163
2584,28,280,25,252,14,146
2585,28,282,24,241,15,159
2586,27,275,24,242,14,147
2587,26,263,25,258,14,147
2588,27,273,26,263,16,160
2589,27,271,26,266,15,158
2590,26,266,26,267,16,166
2591,28,281,26,265,17,173
2592,27,276,26,262,16,168
2593,27,271,25,251,16,166
2594,27,276,24,248,18,182
2595,26,263,26,262,17,175
2596,27,278,25,258,18,181
2597,27,271,24,245,16,162
2598,27,275,24,247,16,164
2599,26,268,23,239,17,176
2600,27,277,25,253,18,181
2601,27,270,24,249,17,177
2602,28,282,24,245,16,165
2603,27,278,25,254,17,175
2604,28,284,24,247,17,179
2605,27,279,24,244,17,179
2606,28,282,24,249,18,187
2607,27,278,25,254,18,187
2608,28,287,26,262,20,201
2609,29,292,26,260,18,181
2610,28,283,25,259,18,187
2611,28,286,25,252,17,175
2612,27,273,26,265,17,173
2613,27,274,26,262,17,173
2614,26,264,28,281,17,179
2615,26,261,28,281,18,189
2616,26,263,27,278,18,189
2617,26,260,27,273,18,188
2618,26,262,27,274,19,192
2619,24,248,27,272,18,180
2620,24,245,27,275,18,183
2621,24,249,26,269,18,186
2622,23,238,27,279,17,177
2623,25,258,27,277,17,177
2624,25,253,26,268,18,181
2625,24,249,26,266,18,180
2626,25,253,24,249,18,189
2627,23,236,26,262,19,193
2628,24,248,25,253,20,200
2629,25,250,27,276,20,201
2630,25,256,25,255,21,219
2631,24,246,25,257,20,205
2632,24,247,25,252,20,209
2633,25,252,24,246,21,219
2634,25,256,25,252,21,215
2635,24,249,25,251,21,217
2636,25,257,26,265,20,208
2637,26,261,26,261,20,202
2638,25,254,25,251,19,198
2639,26,262,25,252,19,190
2640,26,261,27,274,20,204
2641,26,261,27,270,21,215
2642,24,247,25,254,18,189
2643,25,256,26,269,19,194
2644,27,275,26,268,19,193
2645,26,268,25,259,21,212
2646,27,273,27,275,19,196
2647,27,274,26,263,19,196
2648,28,287,26,262,19,195
2649,27,277,27,277,19,194
2650,29,292,29,292,19,191
2651,28,286,27,270,19,195
2652,27,273,27,275,19,196
2653,28,285,25,255,20,204
2654,27,275,27,279,20,206
2655,28,281,26,266,21,214
2656,28,282,28,280,21,213
2657,28,280,27,273,19,193
2658,26,267,28,283,21,217
2659,27,277,26,267,21,217
2660,27,273,28,283,22,220
2661,26,267,25,259,21,218
2662,28,280,26,266,21,212
2663,27,274,27,276,21,217
2664,28,287,26,265,22,222
2665,27,270,26,269,22,220
2666,28,284,26,266,21,219
2667,27,272,25,258,22,228
2668,27,271,25,255,23,236
2669,27,271,26,260,22,228
2670,27,271,25,259,20,200
2671,28,280,25,256,20,209
2672,27,271,26,261,23,233
2673,26,269,25,252,22,224
2674,26,268,26,260,21,213
2675,27,275,26,263,21,214
2676,27,278,24,247,21,216
2677,26,267,25,255,22,222
2678,26,263,24,248,19,196
2679,26,263,27,272,22,222
2680,27,271,26,266,21,216
2681,26,269,24,241,20,206
2682,26,264,26,260,20,207
2683,24,249,24,241,21,216
2684,25,258,26,265,22,222
2685,25,259,26,264,21,214
2686,27,279,25,259,21,215
2687,27,276,24,249,21,219
2688,26,262,26,265,21,215
2689,26,264,24,249,20,209
2690,27,271,25,254,20,209
2691,27,279,25,250,21,214
2692,25,252,24,248,20,204
2693,26,266,25,253,21,213
2694,26,260,24,249,22,224
2695,26,263,24,248,20,209
2696,26,262,24,242,21,214
2697,25,258,25,258,21,213
2698,26,264,25,257,22,222
2699,25,257,24,243,22,221
2700,25,255,23,236,21,217
2701,25,253,24,245,22,221
2702,26,260,25,253,23,234
2703,25,257,26,268,23,230
2704,27,276,26,261,23,231
2705,25,254,25,255,22,222
2706,25,258,26,267,22,228
2707,25,253,26,267,22,229
2708,25,256,25,257,24,242
2709,25,250,25,256,22,227
2710,25,254,26,261,22,229
2711,25,252,26,260,22,228
2712,24,243,26,261,23,233
2713,24,246,28,281,21,219
2714,26,262,27,270,22,226
2715,26,269,26,267,22,227
2716,25,256,26,264,22,227
2717,26,260,25,256,22,229
2718,26,261,26,263,22,223
2719,26,267,26,265,23,234
2720,26,268,27,270,23,233
2721,27,274,27,276,23,237
2722,26,265,27,276,22,227
2723,26,264,26,268,23,236
2724,27,274,25,257,24,244
2725,26,262,24,244,22,221
2726,25,255,25,257,23,233
2727,26,262,26,265,23,232
2728,26,264,25,255,23,237
2729,26,263,25,258,21,217
2730,26,269,26,262,22,220
2731,28,280,25,259,23,237
2732,27,274,25,252,24,241
2733,29,294,25,255,22,224
2734,30,301,26,260,22,220
2735,29,299,25,257,21,217
2736,31,312,26,262,22,220
2737,30,302,25,251,22,226
2738,31,311,24,249,22,222
2739,31,311,25,251,22,227
2740,29,294,25,250,21,216
2741,29,294,26,264,22,220
2742,30,307,25,254,21,212
2743,29,290,26,263,23,232
2744,30,302,26,262,22,221
2745,29,296,26,260,22,228
2746,31,316,24,244,23,231
2747,30,305,25,250,22,228
2748,29,295,25,251,23,230
2749,29,297,26,266,22,221
2750,31,311,25,259,21,219
2751,29,290,25,258,22,223
2752,29,295,25,254,22,228
2753,29,296,25,259,22,225
2754,29,293,25,257,23,234
2755,27,275,26,263,23,233
2756,28,286,25,254,22,226
2757,27,274,26,264,23,231
2758,28,282,25,259,23,234
2759,28,280,25,250,23,234
2760,27,274,25,259,23,234
2761,28,281,24,245,23,236
2762,28,282,25,253,23,237
2763,27,276,24,247,22,226
2764,27,272,25,255,23,239
2765,28,280,25,259,23,231
2766,28,284,25,259,23,233
2767,27,273,25,252,22,228
2768,28,282,25,254,22,224
2769,29,292,26,267,23,237
2770,27,279,26,269,24,247
2771,29,290,25,258,22,229
2772,28,286,26,265,25,257
2773,29,291,25,256,23,231
2774,29,293,24,247,23,236
2775,28,280,24,247,22,220
2776,28,282,25,257,24,243
2777,27,275,25,257,22,228
2778,26,261,23,235,21,212
2779,27,277,24,246,22,229
2780,29,294,26,266,22,226
2781,27,274,24,245,23,236
2782,28,283,24,249,23,230
2783,27,273,27,270,22,227
2784,27,271,25,254,23,230
2785,25,253,23,232,22,227
2786,25,258,24,241,22,221
2787,25,257,24,243,22,222
2788,26,266,24,247,21,212
2789,27,271,24,247,22,221
2790,27,270,24,249,23,230
2791,26,265,23,238,22,227
2792,27,271,23,234,21,214
2793,28,287,23,236,23,235
2794,27,277,24,247,22,221
2795,27,275,27,271,21,216
2796,29,293,25,250,22,223
2797,29,292,25,253,22,226
2798,29,293,25,256,21,218
2799,28,288,25,252,23,230
2800,28,287,25,253,21,215
2801,28,283,24,242,21,210
2802,28,287,25,256,21,214
2803,30,301,25,252,22,220
2804,29,294,25,259,21,217
2805,30,303,25,259,21,218
2806,28,282,25,257,23,230
2807,27,277,25,259,22,224
2808,29,293,26,263,23,234
2809,29,294,25,256,22,229
2810,28,289,25,259,22,229
2811,27,274,25,251,22,221
2812,28,282,25,257,23,230
2813,27,273,25,250,23,234
2814,28,286,24,248,23,239
2815,25,256,24,247,22,228
2816,26,262,25,258,22,222
2817,27,278,24,246,23,231
2818,28,285,24,248,24,246
2819,28,289,26,265,24,240
2820,28,289,25,255,24,245
2821,28,288,25,256,24,244
2822,28,280,24,245,24,240
2823,27,276,25,258,23,238
2824,27,279,25,256,24,245
2825,28,284,24,244,24,241
2826,29,295,25,257,23,231
2827,28,288,25,258,23,239
2828,29,293,26,261,24,243
2829,28,284,25,257,21,212
2830,28,283,25,250,22,223
2831,27,279,26,260,22,228
2832,28,285,26,265,22,223
2833,28,289,25,250,22,227
2834,26,264,27,271,22,227
2835,28,288,28,282,23,232
2836,29,292,27,272,23,231
2837,28,287,27,277,22,224
2838,29,295,26,266,23,234
2839,29,290,26,268,22,224
2840,29,299,25,251,21,218
2841,28,287,24,249,23,231
2842,27,272,25,257,23,233
2843,27,279,26,265,23,234
2844,28,284,25,255,23,233
2845,28,284,26,262,20,209
2846,28,286,26,261,20,208
2847,27,279,26,268,22,228
2848,27,273,26,262,23,239
2849,28,286,26,264,22,228
2850,28,286,25,250,22,221
2851,28,283,24,244,23,239
2852,28,289,25,258,23,236
2853,28,283,26,263,22,228
2854,28,289,26,263,22,229
2855,28,282,26,268,23,236
2856,28,286,24,247,22,220
2857,28,284,25,257,22,228
2858,27,273,25,252,22,221
2859,26,263,25,255,21,217
2860,27,277,27,274,23,231
2861,26,262,25,259,22,228
2862,27,275,25,252,22,222
2863,29,291,25,253,21,215
2864,26,261,25,250,21,215
2865,27,275,25,257,21,210
2866,28,283,24,242,21,213
2867,26,266,23,238,21,214
2868,27,276,23,236,21,218
2869,26,268,23,232,21,211
2870,27,274,25,256,21,210
2871,29,290,24,243,20,208
2872,29,299,25,257,21,214
2873,28,286,25,258,22,224
2874,29,294,25,254,23,231
2875,28,284,26,262,24,249
2876,27,275,25,253,23,232
2877,28,284,25,259,23,232
2878,28,284,25,254,21,213
2879,27,279,25,259,19,198
2880,28,286,24,245,20,207
2881,27,271,24,248,20,207
2882,25,259,23,239,20,204
2883,28,280,25,250,21,213
2884,26,265,24,242,21,219
2885,27,275,25,258,23,231
2886,28,286,25,252,21,216
2887,28,281,25,251,20,207
2888,28,280,24,249,21,212
2889,27,277,24,246,22,222
2890,28,281,25,255,22,220
2891,27,274,24,245,19,197
2892,27,278,25,250,21,212
2893,28,281,24,246,21,219
2894,29,290,24,245,21,218
2895,28,289,23,237,19,193
2896,29,298,24,243,19,197
2897,31,315,24,247,19,195
2898,30,300,24,244,18,189
2899,30,305,25,250,19,196
2900,32,324,24,249,20,201
2901,30,307,24,241,19,199
2902,29,299,23,235,19,196
2903,30,306,23,239,18,180
2904,30,304,25,259,19,190
2905,29,295,25,253,18,183
2906,28,288,24,246,17,170
2907,31,315,26,261,18,183
2908,30,302,24,243,19,190
2909,28,283,25,258,18,188
2910,29,292,25,256,18,187
2911,29,295,25,258,18,182
2912,28,289,25,258,17,175
2913,28,280,24,247,17,178
2914,28,282,24,242,18,187
2915,26,266,24,248,19,196
2916,27,270,25,259,20,205
2917,26,267,25,257,19,199
2918,25,252,25,254,19,197
2919,25,252,25,256,20,209
2920,27,271,26,268,20,203
2921,27,278,24,242,20,207
2922,28,287,26,264,19,199
2923,28,285,25,256,20,200
2924,28,289,25,254,19,195
2925,28,285,24,248,20,209
2926,27,273,25,253,20,203
2927,25,259,24,247,20,207
2928,27,271,25,253,21,212
2929,26,265,26,262,21,217
2930,25,253,25,252,21,218
2931,24,247,25,257,21,210
2932,26,260,24,242,21,217
2933,25,255,24,242,20,203
2934,25,252,24,243,20,206
2935,26,266,23,237,20,208
2936,25,259,21,216,20,204
2937,25,258,22,227,20,201
2938,25,252,23,232,19,199
2939,27,272,23,232,19,197
2940,24,249,23,235,19,195
2941,26,265,24,240,19,199
2942,26,262,23,236,20,207
2943,25,256,23,234,20,202
2944,25,257,23,237,20,206
2945,25,250,24,242,21,217
2946,25,253,22,225,22,220
2947,24,245,22,226,20,207
2948,25,256,23,231,18,180
2949,24,242,22,223,22,224
2950,24,244,21,215,20,207
