/Users/lukas/PycharmProjects/Dissertation/experiments/exp_train/data/_4_WINTER.mov
/Users/lukas/PycharmProjects/Dissertation/experiments/exp_train/data/_2_SUMMER.mov
/Users/lukas/PycharmProjects/Dissertation/experiments/exp_train/data/_3_FALL.mov
/Users/lukas/PycharmProjects/Dissertation/experiments/exp_train/data/_1_SPRING.mov
mode: ORB
video_frame,good_matches_1in0,all_matches_1in0,good_matches_2in0,all_matches_2in0,good_matches_3in0,all_matches_3in0
0,22,224,23,236,22,222
1,23,230,23,235,22,228
2,20,207,23,235,22,225
3,20,201,22,223,22,228
4,20,209,21,219,21,219
5,22,227,20,205,22,229
6,21,216,21,215,24,248
7,22,227,23,238,24,248
8,21,218,21,217,23,235
9,22,225,21,219,23,230
10,23,239,22,228,23,235
11,22,222,22,224,23,239
12,22,221,22,226,22,224
13,22,227,22,221,24,241
14,23,230,22,222,24,243
15,23,236,22,222,23,239
16,21,219,22,223,24,245
17,23,231,21,215,24,243
18,23,232,21,216,24,249
19,20,207,21,214,22,223
20,22,221,20,204,23,234
21,20,205,21,217,24,243
22,20,201,22,225,24,241
23,21,213,22,223,24,245
24,21,210,21,217,24,241
25,20,205,21,217,23,239
26,19,192,19,198,22,227
27,21,211,20,209,23,235
28,19,190,20,206,23,230
29,19,194,22,220,24,247
30,21,210,21,218,24,246
31,21,216,22,221,24,243
32,21,215,23,231,23,237
33,22,226,22,222,22,225
34,21,218,21,213,23,236
35,21,218,22,225,24,242
36,22,227,22,220,23,234
37,23,232,22,226,23,239
38,20,203,21,216,22,225
39,21,214,21,217,23,237
40,22,223,22,227,22,227
41,22,222,22,225,24,249
42,22,226,23,236,24,243
43,23,236,23,238,24,245
44,23,239,22,227,24,241
45,24,242,24,243,24,243
46,24,244,24,241,23,238
47,25,251,24,248,24,243
48,25,250,26,262,23,237
49,24,249,25,250,22,228
50,25,256,26,261,25,251
51,23,238,25,256,24,244
52,24,245,27,270,25,251
53,24,245,24,249,24,244
54,24,247,24,248,24,242
55,25,251,25,253,26,263
56,24,246,24,247,24,245
57,23,233,27,273,24,242
58,23,238,24,246,24,244
59,23,237,25,259,24,245
60,26,261,25,255,22,227
61,23,239,26,261,23,235
62,25,255,24,246,23,236
63,24,244,24,247,24,241
64,23,239,23,238,23,239
65,24,242,25,250,23,234
66,24,249,25,252,22,229
67,22,225,24,248,22,224
68,23,237,24,241,23,237
69,23,238,25,256,23,238
70,24,244,26,262,23,236
71,24,247,25,256,22,224
72,24,244,24,249,23,233
73,24,244,26,267,22,224
74,23,239,24,243,22,228
75,25,250,25,257,21,216
76,25,257,27,272,22,225
77,25,251,25,252,22,228
78,25,253,26,261,22,228
79,24,243,25,258,23,239
80,24,244,26,260,22,229
81,25,251,24,246,24,241
82,25,251,25,253,23,236
83,24,242,25,255,22,226
84,25,250,25,251,22,228
85,26,260,24,248,23,235
86,26,264,24,243,22,220
87,26,268,24,241,22,226
88,25,253,24,243,23,231
89,26,260,25,252,23,239
90,24,245,26,260,23,237
91,24,246,25,255,24,240
92,25,252,25,259,23,233
93,26,262,25,251,23,232
94,26,260,24,249,22,228
95,25,256,24,248,22,229
96,24,244,25,259,22,228
97,25,257,25,257,23,230
98,25,256,23,238,21,217
99,24,243,24,243,21,218
100,24,249,25,253,24,243
101,25,256,26,266,23,232
102,24,245,25,253,24,244
103,23,238,24,249,24,247
104,24,246,24,241,23,236
105,25,251,24,249,23,236
106,25,255,26,264,23,237
107,25,257,25,259,25,250
108,26,261,25,253,24,248
109,24,249,24,245,24,243
110,24,248,23,238,23,237
111,25,252,25,251,23,236
112,25,250,24,248,24,241
113,24,243,25,254,24,245
114,25,258,24,247,24,247
115,25,257,26,269,24,244
116,24,243,25,254,24,246
117,25,251,27,270,24,243
118,25,258,25,252,22,228
119,24,248,24,240,22,224
120,24,246,23,235,23,230
121,26,262,23,236,24,240
122,25,251,24,248,22,229
123,26,264,25,250,24,241
124,26,268,24,249,23,239
125,26,264,24,244,24,241
126,24,244,23,239,22,229
127,23,238,23,231,23,232
128,24,246,23,239,23,234
129,24,249,24,245,23,232
130,24,242,24,243,23,236
131,25,252,24,248,22,226
132,25,254,23,235,23,233
133,24,245,24,242,21,215
134,23,236,24,240,22,228
135,23,236,23,238,24,240
136,23,230,24,248,22,224
137,24,241,23,235,21,219
138,24,241,22,229,21,211
139,25,250,24,245,22,224
140,24,243,24,242,21,214
141,24,241,24,240,23,231
142,23,233,22,221,21,215
143,23,231,22,228,21,210
144,22,227,23,237,23,233
145,21,212,21,219,20,209
146,23,236,23,232,22,220
147,21,216,22,223,21,213
148,21,219,22,228,21,215
149,21,216,23,233,21,219
150,22,223,22,220,21,214
151,21,219,21,214,21,213
152,21,213,21,215,21,216
153,21,215,21,213,21,213
154,21,216,21,219,21,210
155,20,209,21,210,22,225
156,22,224,22,223,22,224
157,20,203,22,229,22,221
158,21,216,22,223,21,217
159,21,212,22,220,23,230
160,21,216,20,206,21,219
161,20,209,21,211,22,224
162,23,232,22,226,22,227
163,23,233,21,217,23,239
164,21,218,23,231,23,234
165,21,212,22,229,24,242
166,21,216,21,215,22,222
167,23,230,22,228,23,237
168,23,235,21,214,24,241
169,23,231,21,218,23,230
170,23,231,23,239,23,230
171,24,244,23,230,24,241
172,23,235,24,244,24,241
173,25,255,22,223,24,244
174,23,237,23,231,22,225
175,24,244,22,227,22,228
176,24,240,23,233,22,223
177,22,227,22,227,22,225
178,24,242,22,223,23,231
179,23,238,24,248,25,252
180,23,235,25,257,25,252
181,24,249,25,250,24,241
182,24,246,24,246,23,230
183,24,240,25,253,22,224
184,24,240,24,245,24,240
185,24,246,24,248,23,239
186,23,234,22,223,22,226
187,23,237,24,245,22,227
188,22,228,23,239,23,235
189,24,241,24,241,22,229
190,24,244,23,237,24,242
191,23,236,25,250,22,224
192,25,256,23,235,23,237
193,24,245,24,244,24,240
194,22,224,23,231,22,227
195,21,218,23,236,21,213
196,22,226,22,222,21,217
197,23,233,22,222,21,215
198,21,219,21,215,20,202
199,24,244,22,226,21,210
200,23,236,21,212,21,219
201,22,222,22,228,21,217
202,23,239,22,225,21,215
203,24,242,22,221,21,210
204,23,233,22,224,22,225
205,23,238,22,227,22,227
206,24,243,23,237,23,230
207,24,246,23,230,23,231
208,23,238,24,241,22,226
209,22,228,22,228,22,223
210,23,237,23,236,22,227
211,23,230,23,233,23,230
212,23,232,22,221,21,217
213,22,225,24,241,23,235
214,23,233,24,245,23,230
215,23,238,23,230,21,218
216,23,230,23,239,24,242
217,23,234,24,247,24,242
218,24,243,24,246,23,230
219,22,229,23,235,22,225
220,22,223,22,228,22,226
221,22,221,22,226,23,231
222,23,231,23,232,23,236
223,23,230,23,230,24,243
224,23,234,22,222,24,241
225,22,225,22,227,24,242
226,23,231,23,239,24,241
227,23,232,25,250,24,247
228,22,227,22,222,24,249
229,22,224,22,229,23,234
230,22,225,22,229,22,229
231,22,221,22,226,23,233
232,22,223,23,232,23,239
233,22,229,23,236,23,236
234,22,229,22,227,24,240
235,23,234,24,242,24,249
236,21,212,23,238,25,250
237,24,240,24,246,24,249
238,20,207,22,225,24,243
239,23,230,22,227,25,253
240,22,224,23,234,24,242
241,21,210,23,238,24,248
242,23,239,23,237,23,231
243,24,240,22,221,25,258
244,22,223,23,235,24,244
245,22,227,24,242,24,240
246,23,231,22,227,25,251
247,21,219,23,232,23,231
248,23,232,23,237,24,245
249,22,225,22,228,22,228
250,21,218,23,231,23,233
251,19,193,21,210,22,229
252,20,208,21,216,24,242
253,21,212,21,210,22,223
254,21,217,20,205,24,249
255,22,222,21,217,24,246
256,22,225,22,227,24,247
257,21,214,21,217,23,239
258,23,231,22,228,23,238
259,21,216,22,225,23,236
260,21,212,22,227,22,229
261,21,216,22,225,23,232
262,20,203,22,224,23,233
263,21,213,21,215,23,239
264,21,213,22,227,23,236
265,21,212,22,225,24,241
266,21,210,21,215,24,241
267,20,200,20,209,22,228
268,19,192,21,219,24,244
269,18,189,21,217,23,233
270,20,209,21,216,22,224
271,22,222,22,222,24,243
272,21,214,22,224,24,243
273,21,214,21,211,24,242
274,22,223,23,230,25,255
275,22,224,22,227,24,248
276,22,224,21,212,24,248
277,20,208,21,210,24,242
278,23,235,22,227,24,248
279,22,221,21,217,25,254
280,21,219,23,237,25,253
281,23,231,23,236,26,268
282,23,231,23,236,26,264
283,23,239,23,234,25,254
284,24,245,21,217,25,258
285,23,238,23,236,25,257
286,22,228,22,224,24,249
287,23,234,22,228,25,251
288,23,232,22,222,24,249
289,25,253,26,260,25,259
290,26,264,23,233,25,258
291,23,235,23,238,25,259
292,24,247,25,254,25,257
293,26,262,22,228,26,263
294,25,259,23,233,25,253
295,22,228,22,226,24,246
296,24,248,24,249,24,249
297,24,241,23,239,25,254
298,25,256,25,251,25,256
299,24,248,25,251,24,249
300,25,252,23,237,25,252
301,23,239,23,237,24,244
302,25,258,25,251,25,258
303,24,240,25,251,26,265
304,24,244,24,247,24,243
305,24,241,25,255,26,264
306,25,255,25,257,25,252
307,23,238,23,237,25,251
308,24,248,23,230,24,243
309,23,239,22,223,25,250
310,23,236,21,217,25,255
311,24,246,22,224,25,255
312,25,252,24,247,26,261
313,25,251,22,228,26,262
314,25,251,24,243,25,255
315,23,238,24,247,27,272
316,25,254,23,239,25,256
317,26,264,25,252,27,276
318,25,253,26,260,26,266
319,26,266,24,249,26,264
320,26,263,25,253,27,271
321,26,262,26,267,26,261
322,24,246,25,253,27,273
323,25,259,25,250,26,266
324,25,258,25,257,27,274
325,25,255,25,250,26,268
326,26,260,25,253,26,264
327,26,265,25,251,26,269
328,25,256,25,259,26,260
329,25,257,25,251,26,262
330,27,270,26,266,26,269
331,24,248,26,263,26,260
332,26,269,26,260,26,263
333,26,262,24,249,27,277
334,25,257,26,267,26,261
335,25,254,24,249,26,263
336,25,258,26,260,27,272
337,26,261,26,264,26,267
338,26,268,28,280,27,270
339,27,270,26,267,27,275
340,26,263,26,265,26,262
341,26,260,25,256,28,281
342,25,255,26,262,27,277
343,26,261,25,252,26,267
344,26,261,25,253,27,278
345,25,257,24,249,27,270
346,26,262,24,248,26,262
347,25,253,24,247,27,276
348,25,250,25,256,26,268
349,24,247,24,249,28,289
350,25,252,23,239,25,251
351,26,265,24,247,26,267
352,25,253,25,253,26,261
353,25,256,25,250,27,272
354,25,251,23,230,26,264
355,24,248,24,248,24,248
356,25,255,24,245,25,251
357,25,250,23,234,26,262
358,25,250,23,232,27,270
359,26,265,24,240,26,265
360,25,253,24,248,25,259
361,25,250,24,240,25,259
362,26,260,25,251,26,264
363,25,259,25,250,25,258
364,26,268,24,249,26,264
365,26,264,25,255,26,264
366,25,252,25,257,26,263
367,24,245,26,262,26,264
368,25,252,25,252,26,267
369,25,251,25,251,25,257
370,26,264,25,255,27,271
371,25,254,25,259,26,268
372,25,253,25,253,26,267
373,26,264,25,259,27,272
374,24,243,25,251,27,277
375,26,261,25,254,25,254
376,25,253,25,259,27,271
377,25,251,26,267,26,265
378,26,260,26,260,26,265
379,25,259,25,250,25,254
380,26,260,26,260,26,268
381,26,263,25,258,28,283
382,26,261,26,261,26,263
383,25,259,26,266,25,252
384,25,250,25,253,25,257
385,24,249,24,242,26,261
386,24,249,25,259,27,276
387,25,254,24,249,25,258
388,24,244,25,256,27,274
389,25,255,26,262,24,240
390,24,246,25,253,27,271
391,26,263,26,262,26,266
392,25,254,25,256,26,262
393,26,260,25,255,25,258
394,27,279,26,268,26,267
395,26,261,26,263,26,266
396,26,268,25,257,26,263
397,26,269,25,259,27,270
398,26,263,26,267,26,269
399,26,265,26,263,27,275
400,24,244,25,254,26,266
401,26,265,27,274,27,273
402,26,267,26,264,26,266
403,25,259,27,270,27,274
404,27,270,27,272,27,276
405,26,266,28,284,26,267
406,26,266,24,248,26,267
407,27,278,25,253,26,268
408,26,260,26,261,25,259
409,26,260,25,257,26,260
410,27,275,26,265,26,263
411,27,275,27,271,27,276
412,26,267,24,242,25,255
413,26,269,24,247,26,266
414,25,258,26,262,27,274
415,26,269,26,263,26,265
416,25,257,25,250,26,262
417,26,264,25,253,26,264
418,26,260,26,263,26,260
419,26,262,25,255,25,259
420,26,261,24,249,25,253
421,27,273,25,256,26,267
422,27,271,25,257,26,263
423,26,263,26,268,27,270
424,26,269,26,265,27,275
425,26,260,27,274,26,266
426,26,263,26,263,28,280
427,28,280,26,265,27,275
428,27,271,28,285,27,277
429,26,266,25,257,25,258
430,25,259,25,257,27,276
431,25,253,27,271,27,273
432,26,268,27,272,28,280
433,27,277,27,278,26,265
434,27,270,27,278,27,274
435,28,287,28,285,27,274
436,26,268,25,259,28,286
437,26,264,27,277,27,276
438,27,273,27,273,27,271
439,26,263,27,273,26,269
440,27,279,26,262,28,283
441,27,273,26,263,27,271
442,26,267,26,269,26,262
443,25,258,28,284,26,260
444,26,262,26,269,26,267
445,25,257,26,265,26,269
446,24,248,27,272,27,279
447,26,263,26,267,27,278
448,25,255,26,262,28,280
449,25,259,26,268,26,265
450,25,255,26,262,27,278
451,26,261,24,249,26,269
452,25,255,27,272,27,270
453,25,258,25,251,26,267
454,26,268,26,262,26,261
455,26,269,24,249,25,258
456,25,252,25,259,25,256
457,26,265,25,255,26,268
458,25,259,25,254,25,254
459,25,259,26,264,26,266
460,27,276,26,262,27,270
461,26,267,27,277,27,276
462,27,276,26,260,26,269
463,26,268,25,254,27,275
464,25,251,25,250,25,256
465,26,265,27,274,25,250
466,27,272,23,237,25,256
467,24,242,21,217,26,264
468,26,265,24,242,25,255
469,25,255,24,241,26,261
470,26,262,26,264,25,258
471,23,239,23,232,25,259
472,25,256,25,258,26,265
473,25,254,23,235,24,245
474,23,239,24,245,26,260
475,24,247,25,251,26,261
476,25,255,24,249,26,264
477,23,237,24,244,26,261
478,25,253,24,245,25,251
479,25,257,24,242,26,264
480,25,250,24,246,26,268
481,25,254,23,231,26,266
482,24,246,25,251,25,253
483,26,260,23,232,25,256
484,24,245,24,245,27,276
485,24,244,24,247,25,259
486,24,243,23,236,27,270
487,24,242,24,241,26,262
488,25,251,24,248,25,257
489,25,250,23,238,25,259
490,24,248,25,252,26,264
491,25,252,24,249,27,270
492,24,247,26,265,26,261
493,24,248,25,250,26,265
494,25,255,27,272,25,254
495,25,258,26,261,25,250
496,25,259,24,246,25,250
497,24,242,24,249,25,251
498,24,244,25,253,25,256
499,25,258,25,251,25,254
500,26,269,25,258,26,264
501,25,255,25,259,25,258
502,25,252,26,269,26,265
503,25,253,24,248,24,249
504,24,246,25,257,25,254
505,24,246,25,253,24,243
506,25,253,25,251,25,253
507,26,265,26,267,25,255
508,25,258,26,261,25,257
509,26,269,26,268,26,262
510,26,260,25,252,25,252
511,26,260,25,255,24,247
512,26,265,25,250,27,274
513,25,254,25,257,25,255
514,26,268,26,262,26,264
515,25,256,26,267,26,263
516,25,253,25,252,25,255
517,25,250,25,250,25,253
518,25,250,26,261,24,249
519,24,247,26,262,24,249
520,24,248,24,245,26,262
521,24,244,26,262,25,254
522,24,246,26,269,27,270
523,23,235,24,249,25,259
524,25,253,25,258,27,271
525,25,256,25,259,26,268
526,24,244,26,260,25,253
527,25,250,26,260,26,262
528,24,240,26,264,27,273
529,24,241,26,260,23,239
530,24,248,25,259,25,254
531,24,246,27,274,24,245
532,24,249,25,257,26,268
533,25,257,26,268,26,264
534,26,261,27,277,24,249
535,27,272,26,262,26,262
536,27,271,26,263,25,252
537,25,256,27,277,25,254
538,25,258,27,277,27,278
539,26,261,26,265,26,260
540,26,263,26,267,24,247
541,25,255,24,249,25,256
542,23,238,24,247,25,254
543,24,242,25,254,24,245
544,23,236,24,249,24,240
545,24,243,25,251,23,239
546,24,243,25,257,23,239
547,24,248,25,259,23,236
548,23,236,24,246,24,243
549,22,226,26,264,23,233
550,23,234,25,259,23,232
551,24,240,26,263,24,241
552,23,236,25,253,23,238
553,23,234,26,260,23,235
554,23,232,25,256,24,245
555,24,243,26,262,24,243
556,24,244,26,262,24,247
557,23,230,25,252,24,247
558,24,244,25,256,23,239
559,23,235,26,263,25,250
560,23,233,26,262,25,251
561,23,238,26,264,24,242
562,24,242,25,254,25,252
563,23,239,25,258,23,238
564,23,238,26,268,24,241
565,24,243,26,266,24,247
566,24,247,26,268,24,243
567,24,249,26,265,24,248
568,24,244,25,257,24,247
569,25,250,26,266,26,261
570,25,251,24,245,23,239
571,23,237,24,244,24,246
572,25,252,24,241,23,232
573,25,254,24,246,24,243
574,24,243,23,232,25,250
575,23,239,24,242,24,246
576,23,239,22,226,23,232
577,23,238,23,232,23,239
578,23,236,23,239,23,233
579,24,242,23,233,22,226
580,23,232,24,245,24,241
581,24,245,24,247,23,233
582,25,251,25,252,24,247
583,24,247,24,240,24,244
584,24,245,26,265,25,259
585,24,244,25,251,26,263
586,23,237,25,253,26,263
587,23,237,23,235,25,254
588,23,235,22,229,25,250
589,25,256,24,244,26,266
590,24,248,23,230,23,239
591,23,234,23,238,24,242
592,23,232,21,218,23,238
593,23,234,22,223,22,224
594,23,230,22,226,24,240
595,23,231,23,237,23,230
596,23,233,23,231,24,240
597,22,228,23,230,23,237
598,23,237,23,236,23,237
599,24,244,22,229,23,235
600,23,232,23,230,24,244
601,23,239,23,238,23,239
602,23,235,23,239,24,240
603,23,231,23,238,23,234
604,23,238,22,229,23,239
605,23,236,23,238,23,237
606,23,235,24,241,24,241
607,22,224,24,244,24,244
608,23,237,23,233,24,243
609,24,248,23,234,23,236
610,24,248,23,236,26,262
611,23,233,24,240,24,240
612,23,234,23,233,23,237
613,23,235,23,238,24,242
614,23,230,23,238,24,240
615,22,221,23,234,24,242
616,23,230,24,243,23,239
617,23,234,23,239,24,246
618,23,232,23,239,24,247
619,24,244,24,241,23,239
620,23,231,23,234,25,256
621,24,241,24,240,25,255
622,23,232,24,243,24,243
623,22,224,23,237,24,244
624,24,242,24,247,24,246
625,23,239,24,249,24,240
626,23,234,24,245,25,257
627,24,248,24,245,24,249
628,23,235,23,231,24,244
629,24,243,23,231,23,236
630,24,248,24,249,24,244
631,24,241,24,241,25,254
632,25,255,24,242,25,250
633,24,240,24,244,25,259
634,23,238,24,240,25,252
635,24,246,23,238,25,250
636,24,243,25,251,23,237
637,24,249,24,243,25,255
638,25,250,25,250,25,256
639,25,255,24,246,26,263
640,25,254,22,229,26,260
641,25,250,23,232,24,246
642,23,235,24,244,25,258
643,25,250,24,242,24,249
644,25,250,23,236,24,240
645,25,250,23,235,24,240
646,24,247,24,247,26,267
647,23,239,25,255,25,258
648,24,243,24,248,23,235
649,25,259,25,253,26,260
650,26,260,25,254,26,262
651,25,259,25,250,25,258
652,25,255,25,259,25,250
653,24,248,24,246,26,262
654,25,250,24,243,25,254
655,24,249,23,237,24,249
656,25,254,26,261,25,255
657,24,241,25,251,25,252
658,24,240,25,250,25,254
659,25,251,24,244,24,244
660,24,249,23,235,24,249
661,24,245,25,255,25,254
662,23,237,23,231,24,244
663,23,232,24,245,23,233
664,23,239,24,240,25,251
665,25,251,22,228,24,246
666,24,249,23,235,23,237
667,23,238,24,245,24,249
668,23,230,22,227,22,226
669,24,241,23,238,22,227
670,24,240,24,244,23,235
671,24,242,22,226,23,239
672,24,248,23,237,24,240
673,24,244,22,228,23,237
674,26,266,24,245,25,255
675,25,251,25,255,24,248
676,25,259,24,247,26,266
677,25,254,24,248,24,248
678,22,228,22,229,25,250
679,25,252,24,242,25,251
680,24,246,23,237,25,252
681,24,242,25,253,23,238
682,24,245,23,234,23,236
683,24,246,23,236,24,247
684,26,264,23,237,24,249
685,24,246,22,225,25,250
686,25,253,23,231,24,246
687,25,256,23,232,27,275
688,25,256,24,243,24,243
689,25,256,24,245,24,244
690,24,244,22,227,23,238
691,25,258,23,237,24,247
692,24,241,22,222,25,258
693,25,253,22,227,25,251
694,24,240,24,246,26,267
695,24,249,24,243,24,244
696,23,234,23,232,25,252
697,23,235,23,236,23,236
698,25,254,24,243,23,239
699,25,252,23,239,23,239
700,26,263,24,240,25,250
701,25,254,24,248,23,233
702,25,251,24,247,24,244
703,24,242,25,251,24,242
704,24,247,24,248,26,260
705,26,261,24,245,24,243
706,25,252,26,260,23,239
707,26,267,24,244,24,242
708,25,257,25,252,25,259
709,25,256,24,247,25,255
710,25,254,24,246,24,249
711,25,250,23,237,25,257
712,23,234,24,240,24,249
713,25,251,24,248,24,247
714,26,260,24,245,25,256
715,25,256,26,264,25,256
716,25,251,25,252,25,253
717,26,263,25,259,27,273
718,24,248,25,253,26,267
719,25,256,25,250,25,256
720,23,237,24,240,25,252
721,25,250,24,246,24,246
722,25,257,23,239,25,251
723,25,251,24,248,25,251
724,25,251,24,240,25,259
725,26,265,24,249,24,242
726,25,250,25,257,24,248
727,25,258,24,247,25,255
728,27,270,24,249,25,252
729,27,279,25,251,25,253
730,25,258,27,272,24,245
731,26,264,25,254,25,257
732,25,258,24,242,25,256
733,25,259,24,244,24,249
734,25,256,24,249,26,267
735,26,263,24,249,27,274
736,24,247,23,234,25,251
737,25,255,26,263,26,265
738,25,256,25,256,25,259
739,25,254,25,254,24,244
740,25,258,26,261,25,257
741,24,248,24,249,23,239
742,24,249,24,242,26,261
743,24,246,24,242,25,253
744,25,254,24,243,26,268
745,24,240,25,250,27,271
746,24,246,25,259,24,243
747,24,241,26,261,24,247
748,26,260,25,257,24,242
749,25,257,25,250,24,244
750,26,261,25,254,25,253
751,25,257,25,259,26,265
752,24,243,25,255,25,255
753,25,254,25,253,26,264
754,24,244,24,246,25,252
755,24,244,24,244,25,252
756,24,243,23,238,24,249
757,24,242,25,252,25,251
758,26,261,24,244,26,261
759,25,257,25,252,24,249
760,25,251,24,242,26,261
761,26,261,24,242,25,250
762,25,253,24,249,24,241
763,26,266,24,248,26,261
764,25,252,25,257,25,256
765,26,261,23,236,24,241
766,25,254,24,240,24,240
767,25,253,23,236,22,225
768,25,252,24,245,24,247
769,23,239,24,243,24,243
770,25,250,24,243,22,220
771,24,245,22,224,23,232
772,24,243,23,236,22,227
773,26,260,23,238,25,250
774,26,264,23,239,25,255
775,25,251,24,245,24,242
776,25,256,23,234,23,238
777,24,246,24,242,24,248
778,25,251,22,224,24,242
779,26,268,23,237,24,246
780,25,257,23,236,23,239
781,25,259,23,237,24,245
782,25,258,24,245,24,244
783,24,247,23,237,23,233
784,24,240,24,241,23,235
785,24,245,24,240,23,239
786,24,241,22,229,21,219
787,24,241,23,235,22,222
788,25,250,23,232,24,242
789,25,253,22,227,22,228
790,25,258,23,235,22,220
791,25,253,22,229,23,237
792,25,253,22,228,23,237
793,25,251,24,240,23,233
794,25,251,24,246,24,249
795,24,249,23,238,23,237
796,25,250,24,248,24,247
797,25,258,25,258,25,253
798,25,254,24,242,24,248
799,24,246,24,245,25,252
800,25,251,24,240,24,243
801,25,255,24,242,24,248
802,26,260,25,251,25,252
803,26,262,26,263,25,251
804,25,259,25,255,25,253
805,25,253,24,244,24,244
806,26,261,25,255,23,237
807,25,253,25,250,26,260
808,24,247,24,249,25,258
809,23,238,25,253,26,269
810,24,247,24,248,25,257
811,25,257,24,248,24,243
812,25,259,25,253,25,256
813,25,257,25,253,25,251
814,25,255,25,254,27,274
815,27,274,25,259,24,246
816,25,258,24,242,26,265
817,25,255,26,262,25,252
818,25,255,25,256,25,250
819,26,260,26,262,24,242
820,24,246,25,258,23,239
821,25,253,26,261,24,248
822,25,251,24,241,23,238
823,24,249,24,246,24,242
824,25,253,24,241,23,235
825,24,240,26,269,23,237
826,26,262,25,255,23,234
827,25,257,24,241,25,252
828,25,256,25,255,25,251
829,26,268,26,266,24,242
830,27,273,25,253,25,250
831,25,250,24,242,25,250
832,26,264,24,248,24,242
833,27,275,24,246,25,253
834,27,270,24,248,25,255
835,25,257,25,257,23,237
836,25,259,25,253,23,237
837,26,265,25,259,25,250
838,27,271,25,255,25,251
839,25,254,25,250,24,245
840,26,265,25,250,25,259
841,26,262,25,258,24,249
842,27,270,25,251,24,249
843,25,259,24,243,25,250
844,25,257,25,251,24,247
845,26,260,25,254,25,254
846,25,253,25,254,26,266
847,25,255,25,255,24,244
848,25,254,25,256,24,247
849,25,259,24,247,25,251
850,26,263,26,268,24,247
851,26,265,26,260,25,256
852,25,250,26,268,25,256
853,24,247,25,250,25,254
854,25,258,25,250,25,254
855,25,250,24,246,24,249
856,26,266,25,256,24,244
857,24,248,25,251,24,243
858,26,261,24,248,26,261
859,25,258,23,239,25,255
860,25,251,25,252,25,259
861,25,252,26,264,24,247
862,24,240,25,258,26,262
863,26,261,27,272,24,243
864,25,258,24,247,24,243
865,25,251,25,250,25,253
866,25,254,25,255,26,262
867,23,233,25,251,24,249
868,24,247,24,247,26,263
869,25,252,25,255,26,264
870,25,253,26,263,24,247
871,24,245,25,258,26,267
872,24,242,26,265,25,257
873,24,247,25,252,25,254
874,23,236,24,247,25,250
875,24,240,25,257,25,253
876,23,239,24,241,24,247
877,25,256,24,243,24,246
878,25,255,23,233,26,262
879,25,254,25,253,25,252
880,25,256,26,265,25,250
881,25,258,25,258,24,245
882,25,253,25,256,24,246
883,25,255,25,258,25,252
884,25,255,26,267,25,258
885,26,264,26,266,25,255
886,26,267,26,260,26,261
887,26,261,25,255,24,240
888,27,275,25,250,24,249
889,26,261,26,260,25,253
890,25,259,23,236,24,247
891,26,262,26,263,24,247
892,26,263,24,246,26,262
893,26,261,24,241,24,249
894,27,272,26,262,23,234
895,25,255,25,257,24,244
896,25,256,24,241,25,253
897,26,260,23,239,24,248
898,26,266,24,248,25,252
899,25,258,25,254,25,253
900,25,251,25,259,24,246
901,25,257,25,256,25,253
902,25,259,25,253,25,257
903,25,251,25,254,22,229
904,25,253,23,232,24,247
905,25,253,24,245,25,254
906,24,247,25,258,25,251
907,24,247,26,269,25,250
908,26,264,26,261,23,232
909,25,256,25,258,25,250
910,24,249,25,251,24,245
911,26,265,25,257,25,250
912,27,272,25,258,24,249
913,25,256,25,254,26,262
914,24,247,25,256,24,247
915,25,257,27,273,24,245
916,26,264,26,269,26,262
917,26,269,26,267,25,251
918,26,266,25,252,25,253
919,25,258,26,264,25,258
920,26,263,26,260,26,264
921,25,257,25,257,26,267
922,25,259,25,259,24,248
923,24,244,27,270,26,265
924,26,264,26,264,26,264
925,26,261,25,251,25,257
926,26,268,26,267,25,257
927,27,272,25,250,26,267
928,26,264,25,251,25,256
929,25,257,26,261,25,259
930,26,263,26,262,26,264
931,24,247,27,271,24,245
932,25,257,25,258,25,251
933,25,251,24,247,26,267
934,25,255,25,255,24,241
935,27,274,26,264,25,259
936,24,247,26,264,23,239
937,24,246,25,253,23,232
938,24,247,24,246,25,256
939,23,238,25,251,25,255
940,23,234,24,246,24,242
941,25,255,24,247,24,249
942,24,243,25,254,24,246
943,24,243,24,246,24,245
944,23,238,24,246,24,245
945,25,253,26,260,25,254
946,24,242,23,237,24,244
947,24,240,25,258,23,235
948,25,250,23,232,24,240
949,25,254,24,241,24,249
950,25,259,24,244,25,255
951,27,271,26,262,25,251
952,25,254,25,253,24,246
953,25,250,25,257,25,255
954,25,252,25,251,26,260
955,25,253,24,244,24,245
956,25,258,24,249,25,259
957,24,246,25,253,25,256
958,25,254,23,239,24,248
959,25,259,25,256,25,256
960,24,249,26,266,24,240
961,26,265,26,263,24,248
962,25,253,24,249,24,248
963,25,258,24,244,24,249
964,25,254,24,242,25,252
965,26,261,23,237,25,256
966,25,254,24,249,26,262
967,26,265,24,240,26,261
968,25,253,25,254,25,256
969,25,250,25,250,23,238
970,25,253,24,244,25,252
971,25,256,25,258,24,249
972,25,253,25,256,26,263
973,24,243,23,234,24,241
974,26,266,24,245,25,255
975,25,255,25,257,25,255
976,25,252,24,243,25,253
977,26,262,25,256,23,235
978,26,268,24,242,24,240
979,26,262,24,240,23,237
980,25,255,23,234,24,242
981,24,244,23,238,25,254
982,24,244,25,250,24,241
983,25,253,24,246,24,241
984,26,263,24,245,24,245
985,25,259,24,243,24,240
986,26,266,26,267,25,259
987,25,259,25,255,25,258
988,26,263,25,257,27,273
989,26,267,24,244,26,263
990,27,270,23,232,25,253
991,25,257,24,240,24,248
992,24,249,24,245,25,253
993,24,248,22,229,25,254
994,25,257,24,246,25,251
995,24,249,23,235,25,255
996,24,246,24,248,26,261
997,25,254,24,246,25,256
998,25,255,23,231,27,278
999,24,245,22,220,26,267
1000,24,249,23,236,25,256
1001,25,252,23,238,26,265
1002,26,265,24,240,26,267
1003,26,260,22,229,25,258
1004,26,262,24,241,27,270
1005,24,246,24,249,25,259
1006,24,244,24,246,24,247
1007,24,244,23,238,25,250
1008,24,244,23,237,26,261
1009,26,263,26,267,26,269
1010,25,254,24,242,26,268
1011,25,256,23,239,27,271
1012,25,255,24,244,27,275
1013,26,262,25,258,25,250
1014,25,258,24,244,26,266
1015,24,249,24,247,24,247
1016,24,248,25,250,25,258
1017,25,259,25,252,25,258
1018,24,241,25,250,26,266
1019,25,252,24,248,27,271
1020,25,259,26,260,25,257
1021,26,262,25,253,25,259
1022,26,267,25,255,25,257
1023,24,249,24,240,25,255
1024,25,252,23,239,25,257
1025,25,259,25,251,26,266
1026,25,258,25,253,25,259
1027,26,264,25,250,25,252
1028,26,267,26,267,26,261
1029,27,277,25,255,26,264
1030,25,257,25,257,26,266
1031,25,257,25,255,24,247
1032,26,266,26,265,26,261
1033,25,259,26,268,26,261
1034,25,259,27,273,25,256
1035,25,252,26,265,27,275
1036,25,254,25,255,25,251
1037,26,262,26,268,26,263
1038,26,266,26,261,26,266
1039,26,269,25,257,25,259
1040,26,263,25,256,27,279
1041,26,263,25,258,27,273
1042,26,265,26,263,26,266
1043,27,274,25,258,25,258
1044,26,266,25,255,23,235
1045,27,271,24,246,25,251
1046,25,255,24,248,24,245
1047,25,252,25,250,25,258
1048,25,256,24,245,25,254
1049,25,252,24,245,25,256
1050,25,254,24,248,24,249
1051,25,256,25,253,27,278
1052,26,269,26,264,24,248
1053,25,252,23,238,26,269
1054,25,250,24,244,24,241
1055,25,251,24,248,25,252
1056,25,257,25,253,24,244
1057,25,257,25,254,26,263
1058,26,263,25,252,26,262
1059,26,264,26,261,26,260
1060,27,274,26,265,25,257
1061,26,260,25,255,25,258
1062,26,268,25,252,26,268
1063,26,261,25,258,25,258
1064,26,264,26,263,26,265
1065,25,250,23,238,26,263
1066,25,254,25,258,25,253
1067,25,258,27,272,26,264
1068,24,245,24,244,25,254
1069,26,267,24,246,25,258
1070,25,252,24,248,26,260
1071,24,247,24,240,26,268
1072,25,250,25,257,26,267
1073,25,257,24,249,26,267
1074,25,259,26,262,25,259
1075,25,251,26,261,27,275
1076,23,235,24,246,25,258
1077,24,242,24,249,25,256
1078,23,239,24,241,25,256
1079,23,238,25,252,24,249
1080,24,241,25,253,25,255
1081,24,245,24,246,26,266
1082,24,243,25,256,25,251
1083,23,231,24,249,24,248
1084,25,254,24,245,25,256
1085,26,267,26,266,26,260
1086,23,239,25,254,26,264
1087,25,250,25,253,26,261
1088,24,246,24,248,25,255
1089,25,256,24,244,26,268
1090,24,247,25,253,26,261
1091,25,253,25,258,25,253
1092,27,274,27,270,26,266
1093,26,265,25,258,27,272
1094,25,253,26,262,27,272
1095,26,263,25,251,25,258
1096,25,250,22,228,25,253
1097,26,266,26,260,26,266
1098,25,250,24,245,25,253
1099,26,262,24,243,25,253
1100,25,251,25,251,27,272
1101,25,255,25,255,26,266
1102,26,264,26,264,25,254
1103,24,248,25,250,26,260
1104,25,256,25,252,25,256
1105,28,282,26,263,25,257
1106,25,259,25,259,25,256
1107,25,257,25,252,25,255
1108,25,251,25,255,24,247
1109,26,262,24,248,24,245
1110,25,258,24,249,22,229
1111,22,227,25,250,25,252
1112,24,248,25,253,24,244
1113,23,239,25,254,25,254
1114,24,245,25,251,25,252
1115,25,257,24,243,26,262
1116,25,257,25,257,26,262
1117,25,255,25,251,24,244
1118,26,268,25,255,26,264
1119,26,265,26,269,27,275
1120,27,270,25,259,26,262
1121,26,265,26,263,25,253
1122,26,266,26,265,25,250
1123,26,264,25,258,26,262
1124,26,264,26,261,25,259
1125,26,266,28,283,25,257
1126,26,263,27,272,25,258
1127,27,271,26,264,27,270
1128,26,268,26,261,26,265
1129,26,261,26,263,26,268
1130,25,255,26,265,26,262
1131,25,255,26,260,26,265
1132,27,270,25,258,26,262
1133,27,271,26,269,26,262
1134,27,276,26,267,25,259
1135,27,274,26,263,25,256
1136,25,255,25,257,26,260
1137,26,262,28,281,25,254
1138,26,265,27,276,26,268
1139,25,256,26,260,25,253
1140,24,249,26,264,26,266
1141,26,266,24,243,25,251
1142,25,259,24,241,24,248
1143,24,245,24,246,25,257
1144,25,250,26,267,24,244
1145,25,253,26,260,25,253
1146,24,241,26,268,24,248
1147,25,254,24,249,26,263
1148,26,264,25,254,25,259
1149,24,247,25,250,25,254
1150,25,250,25,254,24,246
1151,24,241,25,251,24,242
1152,26,266,26,260,25,251
1153,25,250,25,250,24,242
1154,24,248,24,248,24,243
1155,24,246,24,242,24,240
1156,24,241,25,251,23,234
1157,24,242,24,245,24,243
1158,23,235,23,236,23,233
1159,24,241,24,249,23,231
1160,24,243,24,249,23,231
1161,25,250,23,237,24,244
1162,25,250,24,246,24,247
1163,23,234,24,240,24,244
1164,22,229,24,244,25,250
1165,25,259,24,243,23,239
1166,25,255,23,239,24,246
1167,24,240,24,249,25,252
1168,23,236,24,248,24,242
1169,24,247,24,246,25,251
1170,24,246,25,259,24,243
1171,24,247,24,245,24,244
1172,24,249,25,258,23,230
1173,24,241,25,250,24,241
1174,24,240,24,245,24,240
1175,24,240,23,234,22,227
1176,22,225,24,247,23,232
1177,23,232,25,257,23,232
1178,24,244,24,243,23,235
1179,24,240,24,246,23,231
1180,25,253,24,245,24,241
1181,25,252,24,244,25,251
1182,25,251,24,249,24,249
1183,23,236,25,255,25,250
1184,24,242,25,256,24,245
1185,25,253,24,241,22,229
1186,25,254,24,243,23,238
1187,24,246,25,253,24,242
1188,25,252,24,249,24,240
1189,25,259,27,270,24,245
1190,23,239,24,247,24,248
1191,24,243,25,254,25,252
1192,25,259,25,258,24,241
1193,24,242,25,257,25,258
1194,26,260,26,264,25,257
1195,25,251,25,252,24,248
1196,27,271,25,256,26,265
1197,26,260,24,242,25,254
1198,25,251,24,242,25,256
1199,25,258,24,245,25,258
1200,25,250,23,236,25,253
1201,24,247,25,258,25,257
1202,26,263,24,244,25,258
1203,27,270,24,249,26,269
1204,25,252,25,255,25,256
1205,26,263,26,260,24,246
1206,26,261,25,258,25,256
1207,25,253,25,254,27,278
1208,27,270,24,244,25,256
1209,24,248,24,249,24,249
1210,26,262,25,255,25,253
1211,25,253,25,255,25,259
1212,25,257,26,261,26,264
1213,25,256,24,246,27,272
1214,25,258,25,259,26,264
1215,25,251,25,250,24,248
1216,24,248,26,263,27,270
1217,24,245,25,258,25,257
1218,26,260,23,239,26,260
1219,24,248,24,248,25,259
1220,24,246,24,247,26,267
1221,24,249,24,244,26,260
1222,23,237,25,257,25,256
1223,24,249,26,260,25,250
1224,25,257,24,241,26,264
1225,25,255,24,241,25,258
1226,24,241,25,259,25,259
1227,27,275,25,255,26,265
1228,26,264,26,260,26,262
1229,25,255,25,252,24,241
1230,26,268,24,243,23,234
1231,24,249,26,267,24,244
1232,24,246,24,244,25,252
1233,24,245,24,244,23,239
1234,25,257,24,242,24,244
1235,24,247,23,236,24,249
1236,25,256,24,244,25,250
1237,24,247,24,249,23,239
1238,24,248,25,256,23,236
1239,24,243,24,245,24,244
1240,25,252,22,228,23,236
1241,23,231,23,238,24,245
1242,24,240,24,240,23,235
1243,23,231,24,243,22,220
1244,21,219,24,242,21,217
1245,23,238,22,221,23,233
1246,24,245,27,273,24,248
1247,24,244,25,257,23,236
1248,24,247,26,264,23,233
1249,24,246,23,237,24,248
1250,25,254,26,260,24,243
1251,25,258,25,250,23,234
1252,25,253,24,248,23,233
1253,25,251,25,257,22,221
1254,25,250,26,261,23,232
1255,26,269,24,245,24,241
1256,24,246,24,249,24,246
1257,24,249,26,264,24,240
1258,25,251,24,248,24,246
1259,25,250,25,259,24,247
1260,25,250,24,246,23,239
1261,25,257,24,247,23,233
1262,24,247,25,253,23,238
1263,23,236,25,256,23,230
1264,24,243,26,265,24,242
1265,25,250,26,264,24,243
1266,24,244,26,260,24,245
1267,25,254,24,249,23,230
1268,26,262,25,255,22,220
1269,25,255,25,253,23,234
1270,25,251,23,235,23,237
1271,25,254,23,232,22,228
1272,26,265,23,237,21,216
1273,24,245,23,239,23,230
1274,25,254,24,249,23,234
1275,25,257,24,240,24,247
1276,26,265,25,258,24,242
1277,26,261,24,246,23,238
1278,26,268,25,252,24,247
1279,26,264,26,262,25,253
1280,26,263,27,270,26,264
1281,25,252,25,252,23,236
1282,25,255,26,260,25,255
1283,25,251,26,262,24,244
1284,24,248,25,251,25,254
1285,26,267,26,260,24,247
1286,25,251,25,253,24,242
1287,25,255,25,250,24,244
1288,25,251,25,257,25,257
1289,25,252,26,265,26,260
1290,24,243,24,243,25,251
1291,26,261,25,250,26,268
1292,25,257,26,264,25,254
1293,27,273,25,258,25,254
1294,25,254,24,244,25,258
1295,25,257,24,241,25,256
1296,26,261,23,235,24,243
1297,25,255,24,241,25,256
1298,24,242,26,264,25,257
1299,24,240,24,248,24,246
1300,24,242,25,252,25,254
1301,25,255,24,248,26,263
1302,27,270,26,265,27,277
1303,27,278,25,258,26,261
1304,26,260,26,264,25,254
1305,25,252,26,263,25,252
1306,25,259,25,255,26,261
1307,24,247,25,259,24,248
1308,24,247,26,266,25,259
1309,26,268,25,259,25,251
1310,25,258,27,272,27,273
1311,26,263,25,257,25,256
1312,27,279,26,264,25,255
1313,27,274,26,264,26,264
1314,26,264,24,242,26,262
1315,25,258,25,256,25,256
1316,25,254,24,249,27,273
1317,25,258,26,262,26,269
1318,26,260,26,261,25,256
1319,24,249,27,270,25,257
1320,24,242,25,251,25,251
1321,25,254,24,249,25,257
1322,26,263,26,264,26,266
1323,25,252,25,258,25,258
1324,25,258,24,241,26,263
1325,26,261,26,265,26,264
1326,26,264,24,246,25,257
1327,26,265,25,255,25,256
1328,24,247,25,250,26,262
1329,24,243,24,246,26,266
1330,26,260,24,248,27,272
1331,23,236,24,245,27,274
1332,24,247,25,253,25,258
1333,25,258,25,257,25,257
1334,24,248,23,236,25,250
1335,26,260,24,244,24,242
1336,25,256,25,250,25,255
1337,25,255,25,250,26,265
1338,24,249,23,233,24,242
1339,23,237,23,231,25,255
1340,25,256,23,239,25,256
1341,24,242,23,237,24,249
1342,24,244,25,254,25,251
1343,24,246,23,237,25,257
1344,24,249,24,247,26,267
1345,25,253,26,262,26,265
1346,24,245,25,253,26,260
1347,25,251,24,240,25,257
1348,25,253,22,229,25,251
1349,27,278,24,243,26,264
1350,24,245,24,243,24,249
1351,24,243,24,242,24,244
1352,25,254,24,240,23,234
1353,26,267,26,260,22,229
1354,24,247,24,249,24,247
1355,24,244,24,243,23,239
1356,23,239,23,233,24,242
1357,23,239,24,242,23,236
1358,24,242,24,241,25,250
1359,25,254,25,252,24,247
1360,25,254,24,246,26,267
1361,24,245,25,257,25,252
1362,23,239,23,237,24,244
1363,23,233,22,227,26,264
1364,24,247,24,241,25,251
1365,24,246,24,246,24,243
1366,24,247,23,239,24,242
1367,22,226,24,243,23,234
1368,23,230,21,215,24,241
1369,23,232,23,230,24,243
1370,24,248,22,228,22,229
1371,23,238,25,254,23,236
1372,24,249,23,232,24,243
1373,24,243,24,245,23,238
1374,24,249,23,231,23,238
1375,24,244,23,233,24,249
1376,24,249,24,246,23,230
1377,24,243,24,249,24,246
1378,24,242,25,251,22,225
1379,25,253,25,252,23,236
1380,23,233,24,241,24,243
1381,24,249,23,232,23,236
1382,24,247,23,236,22,229
1383,25,259,24,245,24,249
1384,26,269,23,234,25,256
1385,25,253,24,244,24,247
1386,25,253,24,247,23,236
1387,24,249,26,266,24,242
1388,24,247,24,245,25,253
1389,24,249,25,257,24,241
1390,23,239,25,250,24,243
1391,25,252,24,246,23,237
1392,24,245,25,250,24,249
1393,24,248,25,254,23,239
1394,23,235,24,245,24,248
1395,25,257,23,239,24,246
1396,24,246,24,242,23,237
1397,24,249,23,239,25,250
1398,25,252,23,236,24,243
1399,23,239,25,250,25,253
1400,26,261,24,245,25,259
1401,23,238,24,241,23,239
1402,24,244,24,245,25,252
1403,24,242,24,245,24,245
1404,24,247,24,245,25,251
1405,25,253,23,234,25,251
1406,24,242,23,232,25,251
1407,24,240,24,242,23,237
1408,22,225,21,219,23,233
1409,23,239,22,228,23,234
1410,23,237,21,218,22,227
1411,25,257,22,221,22,224
1412,24,247,22,223,21,218
1413,23,239,22,222,24,240
1414,24,249,23,231,23,235
1415,25,250,23,238,24,243
1416,25,251,23,235,24,245
1417,24,240,23,233,25,253
1418,25,254,23,233,26,262
1419,24,244,23,232,23,234
1420,22,227,22,221,24,247
1421,23,239,24,241,25,250
1422,24,241,24,246,25,258
1423,22,228,23,234,24,240
1424,23,234,23,239,24,246
1425,23,232,23,235,24,240
1426,22,225,24,247,22,227
1427,23,233,24,247,23,236
1428,22,229,23,236,24,249
1429,23,234,22,221,24,241
1430,24,243,24,241,25,256
1431,23,237,24,246,24,249
1432,23,231,23,233,25,252
1433,23,234,23,233,25,253
1434,24,241,24,240,25,258
1435,25,251,25,251,26,268
1436,24,242,25,253,25,257
1437,24,247,26,262,25,252
1438,25,258,24,240,25,251
1439,24,242,24,245,24,243
1440,24,241,24,249,25,259
1441,24,243,24,242,24,247
1442,26,264,24,243,26,260
1443,23,238,25,254,26,262
1444,24,245,25,255,24,249
1445,24,246,24,243,26,266
1446,23,235,24,243,24,242
1447,24,241,25,252,25,255
1448,24,244,24,248,25,256
1449,25,255,24,246,25,253
1450,25,251,25,252,25,257
1451,25,254,25,254,24,247
1452,24,243,24,245,26,263
1453,25,255,25,257,25,251
1454,25,257,24,245,24,246
1455,27,271,24,245,25,251
1456,27,271,24,248,25,253
1457,24,243,24,248,26,268
1458,26,264,23,230,24,243
1459,25,250,23,236,25,255
1460,26,267,25,254,26,265
1461,25,258,24,249,27,271
1462,26,261,25,250,25,250
1463,27,272,23,236,24,245
1464,25,254,24,247,24,246
1465,26,269,23,239,24,246
1466,27,271,25,253,24,243
1467,27,278,24,248,25,250
1468,25,253,25,254,24,245
1469,25,253,22,225,24,240
1470,25,258,23,237,24,242
1471,27,272,23,239,24,242
1472,25,255,24,244,25,253
1473,26,266,24,245,25,253
1474,26,269,24,248,24,245
1475,25,256,23,239,24,248
1476,25,256,25,250,24,243
1477,25,251,23,238,25,256
1478,23,239,23,239,25,250
1479,24,249,23,238,25,252
1480,25,253,24,242,25,255
1481,25,250,24,240,25,255
1482,23,239,23,231,26,268
1483,24,246,22,224,26,263
1484,24,244,23,230,25,258
1485,24,247,23,236,26,261
1486,24,240,22,225,23,239
1487,26,269,23,233,25,258
1488,25,258,24,241,25,250
1489,24,244,23,237,24,241
1490,22,226,23,232,23,239
1491,22,227,22,229,22,227
1492,22,228,21,215,23,234
1493,23,233,22,225,25,251
1494,22,228,22,223,23,234
1495,23,238,22,221,25,257
1496,22,227,21,217,25,257
1497,23,236,22,221,25,252
1498,24,246,22,229,24,248
1499,24,243,23,231,25,255
1500,24,241,23,232,24,242
1501,23,239,22,227,24,248
1502,25,255,23,234,25,252
1503,25,251,23,230,24,249
1504,25,254,24,249,26,260
1505,25,253,24,247,25,250
1506,26,262,24,248,25,255
1507,25,253,22,229,25,253
1508,23,238,23,238,26,266
1509,25,258,24,247,25,256
1510,25,256,22,225,26,264
1511,25,252,23,236,25,255
1512,24,245,23,234,25,255
1513,25,252,22,228,25,257
1514,24,243,24,241,25,251
1515,23,235,23,238,25,258
1516,26,261,24,244,26,267
1517,24,246,23,231,24,244
1518,25,250,25,254,24,240
1519,26,264,25,254,24,244
1520,25,255,25,254,25,252
1521,26,269,25,256,24,247
1522,25,255,24,244,24,248
1523,25,255,25,255,23,239
1524,26,267,26,261,25,255
1525,26,267,26,265,25,255
1526,26,263,27,273,24,247
1527,25,251,25,256,25,259
1528,25,250,25,255,25,259
1529,24,249,25,254,25,257
1530,25,253,24,242,25,254
1531,25,259,25,250,25,251
1532,25,252,24,242,24,244
1533,24,247,25,255,24,248
1534,25,252,24,244,25,251
1535,24,246,24,247,25,254
1536,24,244,24,246,25,255
1537,27,272,24,242,25,254
1538,26,262,24,240,26,260
1539,24,248,26,263,24,245
1540,24,248,27,273,25,255
1541,25,252,26,264,26,262
1542,25,251,25,256,25,251
1543,25,256,27,274,25,259
1544,24,246,26,267,25,255
1545,26,269,26,268,25,256
1546,24,244,26,264,24,243
1547,25,253,25,254,24,249
1548,25,250,25,254,26,263
1549,26,262,25,259,24,248
1550,24,248,26,267,24,246
1551,24,247,25,255,24,245
1552,24,243,24,240,24,249
1553,25,256,24,245,25,253
1554,25,252,26,260,26,265
1555,25,251,25,254,25,250
1556,25,252,22,228,26,267
1557,25,257,23,237,25,259
1558,26,261,25,251,27,274
1559,25,259,24,246,26,266
1560,25,254,23,237,25,255
1561,25,255,24,248,25,254
1562,25,255,25,254,26,261
1563,24,247,25,253,25,259
1564,26,261,26,261,26,260
1565,25,251,25,250,25,258
1566,25,253,25,250,26,268
1567,25,256,24,249,26,265
1568,25,256,25,258,24,249
1569,25,256,25,256,26,267
1570,26,261,25,254,26,268
1571,24,246,25,250,25,259
1572,25,254,24,242,24,249
1573,27,271,25,254,25,258
1574,25,253,25,257,27,274
1575,25,259,26,267,26,260
1576,27,274,25,257,25,257
1577,26,265,25,255,26,262
1578,27,273,25,254,27,271
1579,27,275,25,257,27,272
1580,26,262,26,265,26,266
1581,26,267,25,250,25,257
1582,26,261,25,251,25,259
1583,25,255,25,259,26,265
1584,27,276,25,250,26,265
1585,26,266,26,263,26,262
1586,27,272,27,276,27,270
1587,27,272,27,271,28,283
1588,26,269,27,277,28,281
1589,27,278,26,269,29,293
1590,27,278,27,271,28,280
1591,27,275,25,258,25,258
1592,27,270,26,263,26,268
1593,27,273,27,270,25,250
1594,27,275,25,259,26,264
1595,26,268,27,274,26,264
1596,27,272,26,262,27,273
1597,26,267,27,276,27,275
1598,26,263,25,258,26,269
1599,26,260,27,272,27,270
1600,26,264,25,258,28,280
1601,26,263,26,266,27,275
1602,28,288,26,268,27,274
1603,26,266,25,254,25,256
1604,28,286,26,265,26,263
1605,26,269,27,270,27,272
1606,28,280,26,262,26,267
1607,26,264,26,265,25,259
1608,25,252,27,272,26,266
1609,26,267,26,260,27,270
1610,26,266,25,256,27,277
1611,27,277,26,260,26,261
1612,27,277,25,254,27,270
1613,25,256,26,264,27,273
1614,27,272,26,266,27,274
1615,25,258,27,275,27,270
1616,26,264,25,258,26,266
1617,26,267,25,252,26,263
1618,28,280,25,256,27,272
1619,28,281,26,263,26,264
1620,26,267,26,264,27,275
1621,27,271,25,256,26,268
1622,25,256,26,261,26,267
1623,26,264,24,240,26,269
1624,25,252,24,243,27,275
1625,27,277,24,241,26,264
1626,27,273,25,254,25,259
1627,24,246,25,254,27,274
1628,26,261,25,259,27,279
1629,26,266,25,252,26,262
1630,26,267,26,268,25,257
1631,27,274,25,252,25,256
1632,27,273,25,259,26,265
1633,26,267,26,263,26,269
1634,25,252,25,256,27,271
1635,26,264,25,253,27,276
1636,26,269,23,238,26,267
1637,25,258,23,236,25,259
1638,26,265,26,266,26,261
1639,25,252,25,255,27,271
1640,26,266,25,256,26,267
1641,27,275,24,248,26,268
1642,26,268,24,249,26,260
1643,24,249,26,260,24,246
1644,25,256,26,261,24,249
1645,26,266,24,244,25,257
1646,26,265,25,250,24,243
1647,24,240,25,250,25,252
1648,25,252,24,241,24,241
1649,26,262,25,251,24,249
1650,25,250,26,260,24,248
1651,24,249,25,254,25,250
1652,26,264,25,259,25,257
1653,26,264,25,254,26,264
1654,26,261,25,259,26,262
1655,26,262,26,262,24,249
1656,26,260,25,257,25,252
1657,26,268,25,253,26,260
1658,26,267,25,254,26,267
1659,26,262,25,250,26,262
1660,26,261,25,255,24,244
1661,26,266,25,251,25,256
1662,27,273,26,260,26,262
1663,27,271,25,251,25,255
1664,26,260,24,246,25,251
1665,26,266,25,252,26,267
1666,26,265,25,250,25,258
1667,25,253,23,235,25,258
1668,27,270,24,246,26,262
1669,26,266,25,255,27,275
1670,25,256,26,266,26,260
1671,25,259,25,254,25,255
1672,26,260,24,247,25,252
1673,25,258,25,254,26,268
1674,27,270,26,265,26,264
1675,25,253,25,252,27,274
1676,23,239,24,247,25,255
1677,25,256,24,244,27,275
1678,26,261,25,256,26,263
1679,25,254,25,251,26,264
1680,26,261,26,260,25,251
1681,27,277,24,248,25,258
1682,27,273,24,244,25,252
1683,26,262,24,247,26,264
1684,26,265,23,238,24,249
1685,25,257,25,254,25,255
1686,25,254,25,252,26,261
1687,25,256,26,261,24,245
1688,26,261,25,250,25,253
1689,27,271,25,251,23,237
1690,26,263,25,251,25,257
1691,25,253,24,241,24,248
1692,25,255,24,246,25,250
1693,24,247,25,257,25,251
1694,24,248,25,259,24,245
1695,25,254,27,270,24,247
1696,25,253,25,257,26,262
1697,26,261,26,264,26,260
1698,27,270,25,253,25,252
1699,27,275,25,250,25,253
1700,25,250,25,258,25,256
1701,26,263,24,249,25,251
1702,25,254,24,248,24,245
1703,25,256,24,247,25,253
1704,25,253,25,252,24,242
1705,25,253,25,257,26,263
1706,25,251,24,245,24,242
1707,26,264,26,261,25,258
1708,25,251,25,251,25,257
1709,25,254,25,253,24,247
1710,26,261,24,241,23,233
1711,25,254,23,235,24,240
1712,25,255,25,251,23,230
1713,25,252,25,253,24,243
1714,25,255,25,251,24,246
1715,25,253,23,237,23,234
1716,23,238,24,249,22,220
1717,24,241,23,236,23,230
1718,24,248,23,239,20,206
1719,24,249,24,246,22,223
1720,25,251,23,235,22,227
1721,23,236,24,242,23,237
1722,23,235,24,242,23,237
1723,23,233,22,228,22,223
1724,23,234,24,241,22,226
1725,23,232,23,231,24,241
1726,23,239,24,241,24,243
1727,23,236,23,236,24,242
1728,24,242,23,231,24,245
1729,24,240,25,252,23,232
1730,25,254,25,250,24,247
1731,25,254,25,252,23,238
1732,25,256,24,247,24,246
1733,23,237,24,247,23,237
1734,24,243,24,240,23,238
1735,24,248,25,254,23,233
1736,25,259,24,246,23,234
1737,24,249,25,252,23,239
1738,23,237,25,255,23,234
1739,26,264,24,247,23,236
1740,25,254,24,245,24,244
1741,25,250,23,234,23,237
1742,24,244,24,243,22,222
1743,25,258,25,255,23,230
1744,24,248,23,231,23,232
1745,23,239,24,241,22,225
1746,24,245,22,223,23,231
1747,24,247,25,256,22,229
1748,24,243,23,237,24,246
1749,23,230,25,250,23,230
1750,23,239,25,253,25,252
1751,23,238,24,240,24,246
1752,23,237,24,244,25,251
1753,23,239,25,251,24,248
1754,24,246,24,244,22,229
1755,23,238,23,230,23,237
1756,23,230,23,233,24,245
1757,23,239,22,228,24,243
1758,23,239,22,228,24,243
1759,25,255,24,248,23,234
1760,24,243,22,229,24,245
1761,24,246,22,225,22,228
1762,25,253,25,251,25,256
1763,26,260,23,239,24,241
1764,25,252,23,235,24,242
1765,25,257,22,223,24,241
1766,25,254,25,251,23,233
1767,24,246,24,240,25,252
1768,24,244,24,242,24,243
1769,25,259,23,236,24,242
1770,25,252,24,245,24,240
1771,26,266,24,246,24,249
1772,24,246,23,235,23,238
1773,22,229,25,251,25,259
1774,25,252,24,242,23,233
1775,25,258,22,228,23,237
1776,26,260,23,237,25,252
1777,26,262,23,233,24,244
1778,24,247,24,247,24,243
1779,25,254,23,239,23,238
1780,24,243,23,230,24,246
1781,24,246,24,244,23,236
1782,24,242,24,241,25,254
1783,24,248,24,248,26,261
1784,25,252,24,249,24,243
1785,25,252,22,226,23,232
1786,24,249,24,241,24,241
1787,24,248,24,244,24,242
1788,24,246,22,227,24,248
1789,23,238,23,232,24,249
1790,26,262,23,232,25,250
1791,26,264,25,250,25,251
1792,26,266,24,244,25,257
1793,25,256,25,258,25,255
1794,25,257,26,260,24,248
1795,24,249,23,238,25,258
1796,26,268,24,247,25,256
1797,26,261,25,255,24,249
1798,25,253,24,244,26,264
1799,26,263,26,267,24,247
1800,26,266,26,261,25,255
1801,26,269,26,265,28,280
1802,25,258,25,259,25,258
1803,26,263,27,275,25,255
1804,26,266,27,277,25,256
1805,26,266,28,280,26,264
1806,26,263,27,276,26,260
1807,26,264,27,275,26,260
1808,25,256,24,243,24,247
1809,26,267,25,254,25,253
1810,25,253,26,262,25,252
1811,26,265,25,253,24,249
1812,24,248,25,258,23,238
1813,25,250,24,242,25,255
1814,25,256,25,253,26,266
1815,24,241,25,252,26,260
1816,26,264,24,243,24,243
1817,24,248,25,257,24,243
1818,27,272,23,231,25,255
1819,25,256,23,233,23,235
1820,24,248,24,242,23,238
1821,25,257,24,245,24,244
1822,25,259,23,239,24,248
1823,25,258,24,245,25,253
1824,25,251,25,255,25,252
1825,25,250,25,259,24,245
1826,26,261,24,245,25,256
1827,26,260,24,245,25,257
1828,25,257,23,239,26,266
1829,25,258,24,244,25,251
1830,25,252,25,252,26,268
1831,26,260,25,255,24,243
1832,25,252,25,253,25,255
1833,25,250,25,256,24,244
1834,24,246,26,263,25,251
1835,25,255,25,251,24,248
1836,24,249,26,262,23,239
1837,26,263,25,256,24,245
1838,26,263,24,246,24,246
1839,27,271,24,243,24,245
1840,26,261,24,246,24,247
1841,26,263,24,243,25,250
1842,25,253,24,249,24,241
1843,25,255,24,244,25,252
1844,26,261,23,239,24,249
1845,26,263,24,247,26,262
1846,26,267,24,241,24,240
1847,25,257,24,241,24,248
1848,25,254,25,250,25,250
1849,26,261,24,245,25,258
1850,25,253,25,254,25,251
1851,24,240,24,248,25,250
1852,25,250,23,235,24,246
1853,25,250,24,241,23,232
1854,26,260,23,233,23,235
1855,24,244,23,237,24,246
1856,25,251,23,237,24,246
1857,25,250,23,234,24,240
1858,26,260,24,240,23,236
1859,25,252,23,239,25,251
1860,24,240,24,246,24,247
1861,23,239,24,249,26,261
1862,22,229,23,236,25,251
1863,23,235,23,231,24,242
1864,24,249,24,244,25,252
1865,25,252,24,247,25,257
1866,24,246,25,258,25,259
1867,24,240,23,232,24,247
1868,21,219,23,235,23,238
1869,22,226,24,249,25,255
1870,24,243,24,242,25,253
1871,23,238,24,244,25,254
1872,24,240,24,248,24,249
1873,24,243,24,243,24,248
1874,23,230,22,227,23,234
1875,23,235,23,233,24,246
1876,23,238,24,242,22,228
1877,25,250,23,234,25,252
1878,23,238,24,240,24,240
1879,24,243,22,229,23,239
1880,25,254,23,231,24,249
1881,24,249,23,239,24,241
1882,25,258,24,245,23,238
1883,23,238,23,235,23,236
1884,24,249,23,238,24,242
1885,24,249,22,224,25,253
1886,25,254,22,226,24,244
1887,25,253,23,238,23,238
1888,23,239,23,236,24,241
1889,24,249,24,248,23,239
1890,24,247,23,233,24,242
1891,25,256,23,235,21,218
1892,25,254,24,242,24,242
1893,25,254,24,249,24,249
1894,25,252,23,237,23,239
1895,25,250,24,247,23,233
1896,24,245,25,250,25,250
1897,25,259,23,234,23,236
1898,27,273,22,226,24,241
1899,25,257,25,254,25,253
1900,27,277,25,250,25,256
1901,27,279,24,241,25,258
1902,25,255,23,235,25,250
1903,24,242,22,228,23,236
1904,24,243,23,233,26,264
1905,27,276,23,232,24,248
1906,26,264,22,222,24,246
1907,23,238,23,234,23,238
1908,25,251,23,237,24,248
1909,25,256,24,240,25,250
1910,26,263,23,233,25,251
1911,26,262,25,252,24,246
1912,26,267,24,241,23,231
1913,25,259,23,239,24,249
1914,25,259,24,246,24,246
1915,23,235,22,227,25,251
1916,24,246,23,237,25,253
1917,24,246,23,236,24,244
1918,26,264,23,239,25,257
1919,25,257,23,236,24,244
1920,24,249,24,242,26,260
1921,25,254,22,223,24,249
1922,23,236,24,241,27,270
1923,22,223,23,237,24,249
1924,23,230,23,232,26,260
1925,24,244,24,248,25,259
1926,24,240,23,239,25,256
1927,25,259,24,244,25,251
1928,26,261,25,255,25,258
1929,25,258,25,254,27,270
1930,26,260,24,240,26,264
1931,26,261,24,243,25,252
1932,25,251,24,243,25,258
1933,26,264,24,247,26,269
1934,25,256,24,247,25,257
1935,25,252,24,247,26,264
1936,24,245,24,246,25,256
1937,25,257,24,245,27,272
1938,25,251,24,244,26,263
1939,25,254,23,237,26,263
1940,26,262,23,239,24,242
1941,24,247,24,242,25,259
1942,23,236,22,229,23,237
1943,26,262,25,250,24,242
1944,26,266,25,251,23,237
1945,24,249,23,233,25,253
1946,25,255,25,252,25,253
1947,25,254,23,234,25,253
1948,27,271,24,243,24,241
1949,25,257,24,240,25,251
1950,24,242,23,233,24,249
1951,25,254,22,228,25,252
1952,26,260,22,225,23,239
1953,26,263,23,233,24,243
1954,25,252,25,251,25,254
1955,27,271,25,254,25,250
1956,25,252,25,251,27,271
1957,25,258,26,262,25,257
1958,25,257,24,243,26,264
1959,26,269,24,247,24,249
1960,26,264,26,264,24,244
1961,26,265,24,246,26,268
1962,28,284,25,258,26,262
1963,26,268,24,245,25,257
1964,26,260,25,250,24,244
1965,26,263,25,256,24,246
1966,25,251,24,246,25,257
1967,25,252,24,243,24,248
1968,26,269,25,251,25,256
1969,26,260,26,261,26,261
1970,26,267,25,253,25,251
1971,25,252,25,259,25,255
1972,25,259,27,270,25,256
1973,26,269,25,258,26,265
1974,26,267,26,262,27,270
1975,27,272,26,266,25,256
1976,27,270,25,257,26,268
1977,27,272,27,271,25,258
1978,26,262,27,274,26,261
1979,27,278,26,264,27,277
1980,26,268,26,268,26,266
1981,26,268,26,265,26,264
1982,26,268,26,263,26,264
1983,25,258,25,251,26,263
1984,27,277,26,264,26,265
1985,27,273,26,260,27,270
1986,25,256,26,261,25,257
1987,27,274,26,266,25,256
1988,25,259,26,265,26,263
1989,25,257,26,261,26,266
1990,25,259,26,268,26,263
1991,26,266,25,255,24,244
1992,26,262,26,262,26,266
1993,27,273,26,263,24,246
1994,27,271,26,264,25,259
1995,26,267,27,270,25,255
1996,26,267,26,267,27,277
1997,24,248,25,250,24,248
1998,25,257,24,245,25,258
1999,25,252,25,257,26,262
2000,25,259,25,250,24,245
2001,24,244,25,259,25,255
2002,26,268,25,252,25,251
2003,26,262,25,251,25,252
2004,28,288,26,262,23,233
2005,25,251,24,248,24,246
2006,25,251,25,252,23,235
2007,27,272,25,256,25,258
2008,26,267,25,250,26,263
2009,25,255,25,255,25,254
2010,26,265,26,262,26,269
2011,26,260,25,256,25,253
2012,27,277,26,264,25,257
2013,24,246,24,249,25,255
2014,25,257,25,253,25,257
2015,25,255,25,259,26,262
2016,25,251,24,242,26,266
2017,24,243,24,244,24,249
2018,23,239,25,253,25,257
2019,24,246,24,249,25,254
2020,26,268,24,244,25,258
2021,26,265,25,251,25,256
2022,25,253,25,257,26,264
2023,25,253,25,250,25,258
2024,25,251,24,246,24,249
2025,23,235,23,230,24,244
2026,24,243,23,231,25,255
2027,24,249,22,229,24,240
2028,22,229,22,228,22,229
2029,24,246,22,220,23,230
2030,25,250,22,220,24,249
2031,26,262,23,238,24,240
2032,25,252,24,245,24,242
2033,26,261,24,247,25,254
2034,25,259,25,258,23,233
2035,26,267,23,236,23,238
2036,25,253,25,250,22,227
2037,26,262,24,244,24,244
2038,25,259,25,252,23,235
2039,25,257,25,257,24,244
2040,25,258,27,273,24,245
2041,26,268,25,256,23,230
2042,27,275,25,256,25,255
2043,27,274,25,259,24,242
2044,26,265,26,263,24,241
2045,25,255,27,270,24,242
2046,25,259,25,255,24,242
2047,25,257,28,283,24,244
2048,24,246,27,273,23,236
2049,26,260,27,277,23,232
2050,25,259,27,276,24,247
2051,24,249,27,279,24,245
2052,25,255,27,270,25,251
2053,25,257,27,274,24,242
2054,24,247,27,276,24,241
2055,24,244,25,256,23,239
2056,25,252,26,269,24,244
2057,26,266,26,268,22,226
2058,25,253,26,269,23,232
2059,26,267,26,265,24,247
2060,26,262,27,276,23,235
2061,26,265,25,257,23,233
2062,25,259,26,265,23,238
2063,27,275,25,255,22,225
2064,26,262,27,271,23,230
2065,25,255,25,256,21,215
2066,25,258,26,263,23,234
2067,25,253,26,262,25,253
2068,25,255,24,244,24,240
2069,25,258,24,249,23,231
2070,27,272,25,256,23,233
2071,24,248,25,259,24,241
2072,24,245,26,260,23,230
2073,24,248,24,245,22,227
2074,26,261,25,251,24,242
2075,25,259,27,272,25,256
2076,25,251,25,255,24,245
2077,25,252,27,277,24,244
2078,25,251,25,253,25,253
2079,26,260,26,263,24,249
2080,24,248,25,257,24,249
2081,26,265,26,261,23,232
2082,26,263,24,245,24,242
2083,24,242,25,257,24,246
2084,25,259,26,266,24,240
2085,26,265,26,260,24,247
2086,26,261,24,248,23,234
2087,27,270,24,246,24,245
2088,26,263,27,274,25,252
2089,25,258,25,257,25,256
2090,25,255,26,263,26,265
2091,26,262,26,266,26,262
2092,24,241,25,259,25,259
2093,24,245,25,250,25,257
2094,24,246,24,245,26,268
2095,24,248,23,238,24,247
2096,25,255,23,238,24,249
2097,23,238,26,261,23,238
2098,25,258,25,250,24,246
2099,24,249,25,251,24,243
2100,24,247,25,255,24,245
2101,24,243,26,264,25,251
2102,23,237,25,255,25,250
2103,25,254,24,248,25,258
2104,24,248,24,243,25,256
2105,23,236,23,237,23,236
2106,22,224,24,242,23,239
2107,24,240,24,244,24,245
2108,24,240,24,246,25,255
2109,23,237,24,245,25,256
2110,24,248,25,252,24,245
2111,25,251,25,252,25,256
2112,25,251,24,245,25,252
2113,25,257,26,265,25,258
2114,26,267,25,253,26,261
2115,24,248,24,246,26,268
2116,24,244,25,253,26,262
2117,25,256,25,252,24,249
2118,24,248,25,255,26,265
2119,25,251,25,255,25,251
2120,25,259,25,250,25,254
2121,26,267,25,257,26,265
2122,26,262,25,251,25,257
2123,24,243,23,230,25,253
2124,27,270,25,250,25,250
2125,26,268,24,249,24,248
2126,25,254,24,242,25,257
2127,24,240,25,250,25,259
2128,25,253,23,238,25,252
2129,26,261,23,239,26,261
2130,27,274,24,247,26,260
2131,25,251,24,243,25,256
2132,26,262,25,251,26,262
2133,27,275,25,256,26,260
2134,26,262,24,248,27,278
2135,27,273,26,268,26,268
2136,26,269,26,261,26,265
2137,26,262,25,255,27,270
2138,25,258,25,250,25,259
2139,27,271,25,250,26,266
2140,25,256,25,255,27,271
2141,25,256,26,262,27,270
2142,26,262,26,261,25,255
2143,25,253,25,257,26,266
2144,25,251,26,261,25,255
2145,25,253,25,251,25,255
2146,26,260,25,252,25,256
2147,27,271,26,261,24,241
2148,24,248,26,264,26,263
2149,26,263,26,263,24,246
2150,26,266,25,251,27,271
2151,25,259,25,253,25,255
2152,26,260,25,252,26,265
2153,25,254,26,263,26,265
2154,24,247,26,269,25,258
2155,24,249,25,250,26,263
2156,25,250,26,262,25,256
2157,24,248,26,269,26,267
2158,25,252,26,260,25,253
2159,25,250,26,264,27,274
2160,25,255,27,270,27,273
2161,26,262,26,261,25,252
2162,24,240,28,285,25,253
2163,25,251,27,270,26,260
2164,25,257,25,257,25,258
2165,25,256,25,252,26,267
2166,27,274,25,251,26,265
2167,26,263,24,244,26,261
2168,25,254,25,252,25,259
2169,25,251,26,264,25,254
2170,27,272,24,243,24,246
2171,25,250,26,260,25,255
2172,25,256,25,257,25,255
2173,25,254,26,266,26,262
2174,25,259,25,253,27,274
2175,25,252,25,250,27,272
2176,27,271,27,272,26,266
2177,26,269,25,254,26,262
2178,26,261,27,270,26,262
2179,25,256,25,259,26,266
2180,26,264,25,257,26,265
2181,27,270,26,261,25,259
2182,26,264,25,259,26,266
2183,24,249,25,257,26,267
2184,25,259,25,254,27,272
2185,26,269,25,251,26,265
2186,26,260,25,258,27,273
2187,25,258,25,256,26,268
2188,27,270,25,252,26,265
2189,26,261,26,261,26,267
2190,26,260,25,250,26,263
2191,26,260,25,256,25,254
2192,25,252,27,274,26,260
2193,27,277,24,248,26,264
2194,26,263,24,248,26,269
2195,26,269,25,256,25,256
2196,25,256,26,261,27,273
2197,26,262,26,260,26,269
2198,26,268,26,268,26,266
2199,26,263,25,251,25,258
2200,26,265,26,265,25,259
2201,26,262,25,253,27,273
2202,26,262,25,257,25,258
2203,25,259,26,262,26,260
2204,25,255,24,241,24,248
2205,25,251,25,254,25,258
2206,23,233,26,264,26,263
2207,26,263,25,253,24,249
2208,23,234,24,244,24,245
2209,23,235,25,253,23,236
2210,23,231,25,252,25,254
2211,23,232,24,248,25,256
2212,24,243,24,246,24,243
2213,24,241,24,243,24,244
2214,22,223,22,228,24,246
2215,23,232,23,237,23,236
2216,23,234,23,234,22,228
2217,23,232,23,237,23,238
2218,23,235,24,247,25,251
2219,22,223,23,235,23,235
2220,24,243,22,220,24,240
2221,24,244,22,228,24,249
2222,23,230,24,249,24,242
2223,25,250,23,237,23,239
2224,25,252,23,239,23,234
2225,22,229,24,243,23,235
2226,24,244,23,237,24,247
2227,24,248,24,241,24,249
2228,25,257,25,252,25,255
2229,25,251,24,249,24,248
2230,24,243,23,231,24,247
2231,25,258,23,239,24,244
2232,26,261,25,256,24,244
2233,24,242,25,259,24,249
2234,24,241,24,248,25,252
2235,23,234,24,242,24,245
2236,24,242,25,251,23,236
2237,24,240,22,228,24,247
2238,23,239,25,251,25,256
2239,23,236,25,251,23,232
2240,23,230,25,257,25,256
2241,23,231,24,249,25,254
2242,23,239,24,243,24,240
2243,23,239,24,246,26,261
2244,23,237,24,249,25,257
2245,25,252,24,247,24,245
2246,25,252,23,231,25,252
2247,24,245,23,239,24,249
2248,24,245,24,249,24,243
2249,24,241,24,249,25,250
2250,24,249,25,254,24,247
2251,24,240,25,254,24,244
2252,23,236,23,233,24,248
2253,25,250,25,253,23,239
2254,24,248,24,240,25,253
2255,23,236,24,247,23,234
2256,22,229,23,239,24,245
2257,24,240,23,237,23,232
2258,23,238,24,247,23,235
2259,23,237,23,238,23,239
2260,23,233,24,240,23,237
2261,23,236,24,246,22,229
2262,23,234,23,230,23,233
2263,22,223,23,230,23,238
2264,23,234,24,244,24,246
2265,23,239,23,237,23,237
2266,25,257,23,233,24,247
2267,25,255,24,246,24,249
2268,25,257,23,237,23,232
2269,25,253,24,245,23,235
2270,23,236,22,220,24,244
2271,25,254,23,232,24,242
2272,24,249,25,256,24,244
2273,26,264,23,234,25,256
2274,25,257,24,244,24,245
2275,26,262,24,240,24,246
2276,25,258,24,240,24,242
2277,25,256,23,235,25,258
2278,25,251,23,236,24,245
2279,26,260,24,246,24,247
2280,25,258,23,237,25,254
2281,24,248,25,254,25,252
2282,26,261,24,240,26,265
2283,25,257,23,236,26,265
2284,24,249,24,240,25,256
2285,22,226,23,232,25,253
2286,23,232,24,240,25,250
2287,24,247,24,247,25,257
2288,25,251,25,256,25,254
2289,24,245,24,241,25,254
2290,25,250,25,254,26,265
2291,24,249,26,266,25,257
2292,25,255,25,259,28,281
2293,24,245,25,251,26,269
2294,26,267,26,266,26,263
2295,25,255,25,258,26,262
2296,24,241,25,258,25,256
2297,25,251,25,251,26,268
2298,25,252,25,252,26,265
2299,25,257,26,266,26,269
2300,26,261,24,243,25,254
2301,25,254,25,252,26,264
2302,26,264,24,242,25,255
2303,25,253,24,247,26,262
2304,26,266,25,250,26,261
2305,26,266,25,255,24,247
2306,27,270,24,248,26,263
2307,27,279,26,264,26,262
2308,26,269,25,252,25,257
2309,25,258,24,245,24,249
2310,25,254,25,255,25,256
2311,26,263,26,263,25,259
2312,25,251,24,240,25,257
2313,24,245,23,236,25,251
2314,26,263,25,251,25,258
2315,24,245,24,246,26,262
2316,26,260,24,245,26,261
2317,24,249,24,249,25,255
2318,25,250,25,256,26,263
2319,26,265,25,252,24,247
2320,26,264,25,258,25,258
2321,25,258,24,247,26,268
2322,25,258,25,259,26,267
2323,25,250,26,267,25,255
2324,25,250,25,252,25,257
2325,25,253,25,258,25,252
2326,23,237,24,247,24,249
2327,25,256,27,270,23,236
2328,24,249,24,248,26,263
2329,26,266,25,250,26,267
2330,24,240,21,218,23,238
2331,23,239,23,239,25,255
2332,23,235,23,237,25,258
2333,25,254,22,228,26,263
2334,23,238,21,211,25,253
2335,25,251,24,243,26,264
2336,24,247,23,234,26,265
2337,25,251,23,237,22,226
2338,24,244,24,240,23,232
2339,23,236,22,222,25,257
2340,24,241,23,235,25,252
2341,24,240,22,227,26,263
2342,24,243,23,232,24,249
2343,25,255,22,228,24,247
2344,23,238,21,219,23,239
2345,23,230,23,234,25,254
2346,23,230,22,224,23,236
2347,23,231,22,220,24,240
2348,22,225,21,214,24,242
2349,23,235,21,212,24,243
2350,23,235,21,214,25,250
2351,24,240,21,219,24,244
2352,24,246,21,213,24,247
2353,24,248,22,228,25,254
2354,24,246,23,231,23,238
2355,24,243,23,231,24,247
2356,24,244,23,238,25,251
2357,23,231,23,234,24,244
2358,22,223,24,240,24,247
2359,23,232,23,234,25,252
2360,23,236,22,222,23,237
2361,21,217,23,234,25,253
2362,24,247,23,234,24,248
2363,23,231,22,226,26,264
2364,23,237,22,228,25,257
2365,23,238,24,244,24,243
2366,23,238,23,231,24,249
2367,23,236,22,222,25,252
2368,22,225,22,221,26,268
2369,23,235,23,230,26,261
2370,23,230,23,230,25,250
2371,22,227,23,234,24,242
2372,22,227,22,220,24,246
2373,22,225,22,224,24,244
2374,23,233,21,215,24,247
2375,23,233,20,209,25,255
2376,23,236,22,228,23,237
2377,22,226,21,218,24,246
2378,22,222,21,216,24,240
2379,23,238,20,207,24,246
2380,24,243,22,226,25,255
2381,22,222,23,232,25,259
2382,24,242,21,214,26,261
2383,21,213,22,226,25,258
2384,23,236,23,233,25,256
2385,23,231,23,235,25,258
2386,24,243,23,234,26,263
2387,22,229,22,229,26,265
2388,23,234,21,214,25,251
2389,23,233,22,227,27,270
2390,23,238,22,223,27,273
2391,24,242,23,239,25,252
2392,24,240,22,224,24,249
2393,22,229,23,232,24,246
2394,23,233,23,233,23,239
2395,21,214,22,229,24,244
2396,22,223,23,238,24,247
2397,22,227,23,232,24,245
2398,23,232,21,213,24,244
2399,22,220,20,208,23,235
2400,22,221,21,213,24,248
2401,21,211,22,220,24,246
2402,23,236,21,218,26,262
2403,22,227,21,216,25,255
2404,22,224,20,205,24,244
2405,22,223,21,210,23,231
2406,22,222,21,214,24,244
2407,25,250,21,217,25,252
2408,22,226,23,234,25,251
2409,22,229,21,210,24,244
2410,22,227,23,232,23,236
2411,24,240,22,223,24,248
2412,23,234,21,212,25,259
2413,23,239,21,218,25,258
2414,24,248,21,218,25,258
2415,23,232,24,246,27,270
2416,23,235,23,237,26,263
2417,25,256,22,229,26,262
2418,24,240,22,227,27,276
2419,24,241,23,232,28,281
2420,25,254,23,230,27,274
2421,25,250,24,241,26,269
2422,23,231,25,254,26,269
2423,24,244,23,238,26,260
2424,25,255,24,245,27,272
2425,24,245,23,236,24,242
2426,24,249,23,231,24,244
2427,24,246,23,237,26,266
2428,24,243,24,240,26,266
2429,25,254,23,238,26,261
2430,24,241,23,237,26,265
2431,23,237,24,244,26,268
2432,24,245,24,245,25,251
2433,24,242,23,238,25,255
2434,24,249,23,232,25,255
2435,24,241,23,236,25,259
2436,24,244,23,235,25,259
2437,25,250,24,242,25,250
2438,23,233,23,232,24,244
2439,25,256,23,236,26,265
2440,26,260,22,228,26,264
2441,24,246,23,233,26,261
2442,25,259,23,234,27,272
2443,25,251,23,236,25,256
2444,24,248,24,245,24,249
2445,24,243,23,236,26,262
2446,24,246,23,230,24,247
2447,24,247,24,243,24,240
2448,24,241,24,242,25,253
2449,24,249,24,242,25,257
2450,24,247,25,250,26,262
2451,23,238,22,225,24,245
2452,23,237,22,221,25,254
2453,23,233,23,235,26,268
2454,23,230,24,240,25,253
2455,24,243,22,220,24,246
2456,23,238,22,226,25,255
2457,22,227,22,229,24,240
2458,23,237,21,218,25,251
2459,24,243,22,225,23,236
2460,24,246,22,221,26,260
2461,23,237,22,227,24,246
2462,25,252,22,223,25,254
2463,23,237,23,235,24,246
2464,23,239,21,218,25,258
2465,23,236,23,230,26,263
2466,24,244,21,213,24,249
2467,24,244,23,231,25,252
2468,22,228,23,238,25,254
2469,24,246,23,237,24,244
2470,22,223,24,244,24,246
2471,22,220,22,223,24,248
2472,22,227,23,233,26,263
2473,23,230,23,233,24,243
2474,22,223,23,232,25,250
2475,22,225,23,232,24,244
2476,23,232,23,238,24,247
2477,22,220,24,247,24,242
2478,21,214,24,240,25,253
2479,21,216,22,226,22,227
2480,21,215,22,223,24,248
2481,21,218,22,222,25,255
2482,20,205,22,229,25,254
2483,20,208,23,235,25,251
2484,21,218,22,220,24,244
2485,22,224,22,226,25,254
2486,21,213,22,225,23,237
2487,21,210,22,222,25,256
2488,21,219,22,222,23,237
2489,23,239,23,231,26,260
2490,24,240,21,216,25,256
2491,23,236,24,245,27,271
2492,24,247,23,233,25,253
2493,24,246,23,238,25,258
2494,25,254,23,231,25,253
2495,25,255,22,228,25,258
2496,26,265,25,254,27,272
2497,25,252,23,237,27,272
2498,25,256,23,236,27,272
2499,26,262,24,242,28,280
2500,25,255,23,236,27,275
2501,27,272,25,250,27,276
2502,25,259,24,249,26,269
2503,25,250,24,248,27,277
2504,25,257,25,257,26,267
2505,27,273,24,245,28,285
2506,26,265,24,246,27,271
2507,24,249,24,246,26,263
2508,25,256,25,253,26,264
2509,24,241,26,260,25,259
2510,25,258,25,251,27,278
2511,25,258,25,257,25,259
2512,25,253,25,252,26,265
2513,25,257,25,253,27,273
2514,24,249,26,262,25,256
2515,25,251,26,267,26,261
2516,25,250,26,268,25,255
2517,26,261,25,259,27,272
2518,25,259,26,265,28,280
2519,26,265,27,276,28,284
2520,26,261,27,270,27,273
2521,27,270,26,262,26,268
2522,24,249,24,246,27,271
2523,26,268,25,250,27,277
2524,25,252,25,251,25,259
2525,25,254,24,243,25,258
2526,25,255,24,247,24,246
2527,25,252,24,243,24,243
2528,25,255,24,245,24,249
2529,25,251,27,270,25,258
2530,23,237,24,249,25,255
2531,25,259,23,230,25,250
2532,26,263,23,234,24,249
2533,25,258,24,247,23,237
2534,25,255,24,243,23,232
2535,24,249,23,238,23,233
2536,23,238,24,246,23,233
2537,25,254,24,241,24,243
2538,23,238,25,253,23,234
2539,24,242,24,247,25,252
2540,25,252,25,255,25,254
2541,25,258,24,247,24,247
2542,25,258,25,258,25,259
2543,25,255,24,248,25,258
2544,24,245,24,246,24,245
2545,25,253,24,246,24,241
2546,23,231,23,238,25,259
2547,23,230,23,237,22,229
2548,22,228,25,259,24,249
2549,25,255,25,251,21,219
2550,24,241,24,242,24,249
2551,23,235,22,225,24,246
2552,22,228,24,241,22,226
2553,25,250,23,233,23,232
2554,23,234,22,229,21,217
2555,20,208,23,232,24,243
2556,22,226,23,235,23,237
2557,22,223,21,217,23,231
2558,21,214,22,227,23,231
2559,22,223,22,220,23,232
2560,21,214,21,210,23,233
2561,22,227,21,212,24,242
2562,21,218,21,216,23,230
2563,22,220,22,229,23,234
2564,21,214,22,226,24,246
2565,21,218,21,219,22,221
2566,21,212,20,209,22,229
2567,20,204,21,216,22,225
2568,21,210,23,238,23,238
2569,21,215,22,221,22,225
2570,19,197,22,223,21,217
2571,20,209,21,218,23,233
2572,20,208,23,232,23,239
2573,20,205,22,227,22,227
2574,20,208,21,210,21,217
2575,21,212,20,208,23,236
2576,21,216,21,212,22,222
2577,21,217,21,214,21,214
2578,20,209,22,222,21,219
2579,20,209,21,214,20,208
2580,20,206,21,217,23,231
2581,19,199,21,217,22,221
2582,22,223,22,220,21,211
2583,22,229,22,224,21,217
2584,20,206,23,234,21,212
2585,21,219,22,222,23,230
2586,21,212,22,224,21,210
2587,22,227,21,212,21,219
2588,23,238,23,237,23,230
2589,21,216,21,219,22,220
2590,23,233,22,222,23,236
2591,24,242,22,229,23,231
2592,23,233,23,233,22,229
2593,23,237,22,220,24,242
2594,25,254,23,239,22,229
2595,23,236,22,226,23,236
2596,24,248,24,242,24,246
2597,23,235,23,239,23,230
2598,23,230,24,241,24,249
2599,25,251,24,248,24,241
2600,24,241,25,256,24,240
2601,25,253,24,243,24,242
2602,25,251,24,244,24,243
2603,25,250,25,254,23,239
2604,24,240,24,244,24,242
2605,23,239,26,262,23,239
2606,25,250,23,234,24,241
2607,25,253,23,238,22,223
2608,22,222,23,230,21,216
2609,24,241,23,230,21,219
2610,24,245,24,247,24,241
2611,24,241,24,249,24,247
2612,23,239,23,238,23,230
2613,23,237,24,243,23,233
2614,24,241,23,232,23,238
2615,23,232,24,245,23,234
2616,23,231,23,239,24,243
2617,24,242,24,241,24,248
2618,24,245,23,230,24,248
2619,24,243,22,225,25,252
2620,22,221,22,229,24,243
2621,22,229,23,234,23,236
2622,23,235,24,242,25,250
2623,23,236,21,219,23,239
2624,23,231,24,242,22,226
2625,24,248,24,244,23,236
2626,23,236,25,250,25,259
2627,24,240,24,244,25,252
2628,24,240,23,238,24,246
2629,24,247,22,222,25,258
2630,25,259,24,246,24,247
2631,25,254,24,248,25,254
2632,25,255,26,260,25,256
2633,24,247,26,261,25,259
2634,25,252,24,249,24,248
2635,26,260,25,259,25,251
2636,25,257,26,261,25,253
2637,25,252,25,251,25,254
2638,26,265,25,257,25,252
2639,26,261,25,256,25,254
2640,25,257,25,254,24,242
2641,25,253,22,227,24,240
2642,26,260,23,233,25,251
2643,25,251,24,243,24,243
2644,25,258,23,238,24,248
2645,23,234,23,238,24,248
2646,23,236,22,227,25,255
2647,24,246,23,234,26,262
2648,25,257,25,257,26,264
2649,25,256,25,256,24,242
2650,25,252,23,237,24,243
2651,24,245,22,229,25,252
2652,24,244,23,235,24,245
2653,25,258,24,244,24,249
2654,25,254,23,237,25,251
2655,24,246,24,240,24,244
2656,25,252,24,248,25,255
2657,24,249,23,238,25,257
2658,25,250,23,237,25,259
2659,24,248,23,232,25,253
2660,25,251,25,255,25,250
2661,25,259,24,249,25,259
2662,24,247,24,240,25,257
2663,26,266,26,266,25,258
2664,25,254,25,254,26,264
2665,26,267,25,259,27,270
2666,25,257,24,243,26,268
2667,24,248,24,247,26,264
2668,26,263,26,266,25,258
2669,24,245,25,259,26,266
2670,26,263,25,256,26,260
2671,24,249,25,251,25,254
2672,25,256,24,248,26,263
2673,25,259,25,251,27,270
2674,23,237,25,250,25,258
2675,25,254,25,250,25,259
2676,25,257,24,246,26,268
2677,25,256,25,250,26,260
2678,26,262,24,240,25,259
2679,26,269,26,263,26,265
2680,25,258,26,266,25,254
2681,25,257,25,253,25,254
2682,25,256,25,253,26,261
2683,25,254,25,259,26,262
2684,25,255,25,257,25,252
2685,27,273,26,261,26,267
2686,26,263,25,254,25,250
2687,24,248,23,234,24,248
2688,24,244,24,243,24,241
2689,24,240,25,253,24,248
2690,25,251,23,238,25,252
2691,26,269,24,248,26,262
2692,24,242,25,252,24,247
2693,25,254,24,242,25,252
2694,25,252,24,241,24,244
2695,25,258,23,236,24,244
2696,24,245,23,236,23,238
2697,25,251,26,260,24,245
2698,24,241,24,244,24,247
2699,25,256,23,239,25,253
2700,27,271,25,254,24,240
2701,25,252,26,264,23,239
2702,23,239,26,263,24,244
2703,26,262,26,267,25,254
2704,25,257,26,260,26,269
2705,25,251,26,268,25,258
2706,25,252,25,256,26,261
2707,25,256,25,259,25,251
2708,24,246,26,267,26,260
2709,25,258,26,263,25,257
2710,24,245,26,262,23,238
2711,25,252,27,270,25,250
2712,25,253,25,255,26,263
2713,25,253,24,248,24,248
2714,24,243,25,254,26,262
2715,25,254,25,258,24,243
2716,24,248,25,258,26,262
2717,25,251,24,245,25,251
2718,26,268,25,257,23,236
2719,24,242,26,266,24,248
2720,24,242,26,265,24,248
2721,25,252,25,254,25,250
2722,25,259,25,256,24,247
2723,25,257,24,249,22,229
2724,25,253,26,265,24,240
2725,24,247,24,241,23,239
2726,25,254,24,249,25,253
2727,24,249,24,247,25,251
2728,24,244,25,255,25,259
2729,24,245,24,249,25,254
2730,24,248,24,246,24,242
2731,23,233,25,251,25,252
2732,23,234,25,255,25,254
2733,23,237,25,251,25,257
2734,24,243,24,246,25,250
2735,25,259,24,240,26,264
2736,24,249,26,263,24,243
2737,22,228,25,252,24,248
2738,24,246,24,249,25,254
2739,25,255,25,252,25,256
2740,24,248,24,246,24,243
2741,25,251,24,247,25,252
2742,23,236,23,233,25,259
2743,22,226,24,244,25,259
2744,23,238,24,245,24,240
2745,24,242,23,232,24,242
2746,24,241,23,239,23,239
2747,23,234,23,236,24,245
2748,23,236,24,247,24,245
2749,24,247,24,246,24,243
2750,25,257,24,241,24,245
2751,25,256,25,258,23,235
2752,25,251,25,252,22,227
2753,23,236,23,230,23,231
2754,25,254,23,237,24,246
2755,24,243,24,246,24,240
2756,25,251,27,272,23,234
2757,25,250,22,228,24,244
2758,25,251,25,252,23,230
2759,24,249,25,253,22,229
2760,24,246,25,256,23,234
2761,24,248,24,241,24,245
2762,25,254,26,265,24,249
2763,25,259,25,256,23,239
2764,24,242,25,252,24,246
2765,25,250,26,266,25,257
2766,24,242,25,255,24,246
2767,25,254,25,256,26,268
2768,24,242,26,260,24,249
2769,25,252,26,265,25,257
2770,24,241,23,239,25,256
2771,24,248,25,255,26,264
2772,25,251,25,252,26,260
2773,25,253,24,248,24,249
2774,25,254,24,246,24,248
2775,25,251,25,253,25,254
2776,24,248,26,263,24,247
2777,24,240,24,247,25,251
2778,23,238,25,250,22,228
2779,25,250,26,265,25,251
2780,24,245,24,249,23,236
2781,23,232,25,251,23,235
2782,24,244,25,253,23,239
2783,23,236,24,241,24,246
2784,23,238,24,243,25,251
2785,24,249,24,248,23,238
2786,23,238,22,228,23,238
2787,23,239,24,240,24,244
2788,24,242,23,236,23,230
2789,24,242,24,242,23,238
2790,24,245,23,239,24,240
2791,24,243,22,224,23,235
2792,25,257,24,240,24,244
2793,24,246,25,255,23,235
2794,24,249,24,245,22,224
2795,24,246,23,239,23,232
2796,23,236,22,225,22,221
2797,24,241,23,239,23,232
2798,24,244,25,251,24,242
2799,23,236,24,245,23,234
2800,23,232,23,232,22,224
2801,23,237,23,234,23,236
2802,23,237,24,244,21,219
2803,24,241,24,246,22,229
2804,23,237,24,242,22,221
2805,23,237,24,248,24,248
2806,22,222,24,242,23,234
2807,23,236,24,246,23,231
2808,23,237,24,245,23,238
2809,21,218,24,243,23,231
2810,23,239,23,237,24,241
2811,24,243,22,223,23,231
2812,23,231,23,230,22,220
2813,22,226,22,226,21,218
2814,21,216,21,219,21,214
2815,23,231,22,229,21,214
2816,22,225,22,221,21,219
2817,22,222,23,230,20,205
2818,22,229,22,227,21,211
2819,23,233,24,240,21,218
2820,24,242,23,232,21,217
2821,23,232,22,221,22,224
2822,24,241,23,236,23,234
2823,23,234,22,229,22,228
2824,23,233,22,222,22,223
2825,23,232,22,223,21,212
2826,24,241,22,222,22,229
2827,24,241,21,216,22,221
2828,23,236,22,226,22,229
2829,22,228,22,222,22,228
2830,22,227,23,232,23,236
2831,23,231,22,223,23,233
2832,23,235,22,226,22,227
2833,22,229,23,233,22,224
2834,22,226,22,228,22,220
2835,22,224,21,218,22,220
2836,22,226,22,226,22,222
2837,22,223,22,227,23,231
2838,21,217,21,218,22,223
2839,20,206,20,207,21,210
2840,21,213,22,220,21,216
2841,20,209,23,236,22,227
2842,21,217,21,217,21,210
2843,23,231,22,228,21,216
2844,21,218,21,214,22,229
2845,21,216,22,229,22,221
2846,22,223,21,212,22,227
2847,22,227,20,207,21,217
2848,21,211,21,215,22,228
2849,20,209,21,216,23,237
2850,23,230,21,219,23,235
2851,23,231,23,236,22,224
2852,22,225,23,235,24,240
2853,22,228,24,242,22,229
2854,23,237,24,241,23,233
2855,22,220,26,261,25,252
2856,23,231,25,259,23,237
2857,22,229,25,257,23,231
2858,23,235,23,232,24,244
2859,25,253,25,254,22,228
2860,24,241,24,247,23,239
2861,24,240,22,226,23,230
2862,22,229,24,245,22,227
2863,24,240,22,228,23,234
2864,25,251,23,234,23,234
2865,24,243,24,249,24,240
2866,24,242,25,254,23,232
2867,23,236,22,228,23,238
2868,24,240,24,246,23,238
2869,22,220,23,231,22,223
2870,22,225,23,239,23,235
2871,23,235,24,249,24,242
2872,22,226,23,237,23,237
2873,21,217,23,234,25,252
2874,22,226,22,227,24,241
2875,22,228,23,236,23,233
2876,23,232,24,249,22,229
2877,23,238,23,233,24,249
2878,23,230,24,243,25,250
2879,23,234,23,237,23,232
2880,22,228,23,234,24,248
2881,24,240,24,241,25,250
2882,22,224,25,250,24,248
2883,22,225,24,245,23,238
2884,22,229,24,249,25,254
2885,24,245,23,238,24,244
2886,23,236,24,247,24,247
2887,24,242,25,250,24,245
2888,23,231,24,249,25,251
2889,23,233,23,235,25,250
2890,23,235,23,237,25,250
2891,24,249,23,235,26,260
2892,24,249,24,240,25,255
2893,25,254,25,250,24,240
2894,25,256,25,254,25,255
2895,23,239,24,247,23,239
2896,24,249,25,258,24,242
2897,25,253,24,243,26,263
2898,24,241,25,257,24,248
2899,22,225,24,248,24,247
2900,24,248,25,259,24,246
2901,23,236,25,254,24,245
2902,24,242,24,245,25,254
2903,22,227,24,249,24,245
2904,25,258,24,245,24,243
2905,24,244,23,238,24,244
2906,24,241,24,243,23,236
2907,24,249,24,243,23,237
2908,24,240,23,238,24,241
2909,25,253,25,254,23,239
2910,22,225,24,245,23,233
2911,24,246,23,239,25,251
2912,25,254,24,241,24,247
2913,24,240,25,252,23,236
2914,25,250,25,256,25,251
2915,23,233,25,252,24,242
2916,24,249,25,257,23,232
2917,25,258,24,243,24,241
2918,24,243,22,229,25,251
2919,25,258,23,232,24,241
2920,23,236,23,237,23,238
2921,25,254,25,251,23,239
2922,24,246,24,242,22,228
2923,23,232,23,237,23,237
2924,23,238,22,229,25,252
2925,22,229,23,230,23,237
2926,23,239,24,241,23,231
2927,22,225,24,243,24,242
2928,22,220,24,247,23,239
2929,23,231,23,238,24,249
2930,24,247,22,228,24,246
2931,24,240,23,235,24,243
2932,24,243,23,233,23,237
2933,23,230,23,235,25,256
2934,23,233,23,233,23,239
2935,23,238,23,234,25,252
2936,23,230,25,255,22,222
2937,23,236,24,241,24,245
2938,22,227,23,237,23,234
2939,24,247,23,234,23,238
2940,22,221,23,239,24,241
2941,24,240,24,245,24,243
2942,24,241,23,234,24,248
2943,23,231,23,231,24,248
2944,24,241,24,240,23,237
2945,23,236,23,237,24,241
2946,24,249,25,254,23,230
2947,25,252,25,256,24,248
2948,24,243,25,252,25,253
2949,23,234,25,252,25,258
2950,24,245,24,247,24,244
