/Users/lukas/PycharmProjects/Dissertation/experiments/exp_train/data/_2_SUMMER.mov
/Users/lukas/PycharmProjects/Dissertation/experiments/exp_train/data/_1_SPRING.mov
/Users/lukas/PycharmProjects/Dissertation/experiments/exp_train/data/_3_FALL.mov
/Users/lukas/PycharmProjects/Dissertation/experiments/exp_train/data/_4_WINTER.mov
mode: ORB
video_frame,good_matches_1in0,all_matches_1in0,good_matches_2in0,all_matches_2in0,good_matches_3in0,all_matches_3in0
0,21,216,28,286,19,195
1,22,228,27,270,20,205
2,23,236,29,293,20,206
3,23,236,28,283,18,185
4,23,231,31,311,17,179
5,23,231,29,290,18,185
6,20,209,28,288,19,190
7,22,225,28,284,19,198
8,23,235,28,287,19,193
9,21,217,27,279,18,181
10,21,217,28,283,18,189
11,21,214,28,284,20,201
12,21,215,27,274,19,197
13,22,222,28,281,19,198
14,21,219,29,294,20,202
15,22,221,28,288,20,204
16,22,222,28,285,20,206
17,23,234,29,292,21,215
18,23,235,29,291,18,188
19,22,224,28,289,21,212
20,22,223,29,292,20,201
21,22,226,28,281,19,190
22,22,225,28,288,18,189
23,22,228,28,284,20,202
24,21,217,27,279,19,193
25,21,212,28,288,20,200
26,21,219,29,292,20,208
27,20,209,29,290,20,209
28,22,224,28,288,19,194
29,21,211,28,286,19,198
30,20,207,27,272,19,190
31,21,219,28,281,19,197
32,22,228,28,286,20,202
33,22,228,27,275,21,213
34,23,239,29,290,20,200
35,23,234,28,288,20,208
36,23,231,27,274,19,197
37,24,244,28,287,19,199
38,24,242,28,289,19,194
39,24,240,30,304,18,188
40,22,229,27,275,19,191
41,24,244,28,280,18,185
42,23,237,28,284,19,198
43,23,236,28,289,19,198
44,23,237,28,287,20,202
45,24,242,27,271,20,204
46,24,245,28,282,20,204
47,23,232,29,291,20,203
48,23,232,28,285,19,197
49,24,244,26,263,19,199
50,24,241,28,285,21,212
51,23,232,27,273,20,201
52,23,237,28,284,19,199
53,23,239,27,272,20,207
54,23,233,27,279,21,212
55,22,226,28,286,20,204
56,22,226,29,290,19,193
57,23,234,28,289,19,199
58,24,247,28,280,20,200
59,23,232,29,299,19,196
60,23,237,27,279,20,205
61,22,222,27,271,18,182
62,23,231,27,279,19,193
63,23,238,26,264,17,178
64,25,252,26,265,18,189
65,24,244,27,274,19,193
66,24,245,28,284,18,186
67,24,249,27,270,19,190
68,25,250,28,288,19,198
69,25,254,28,288,20,204
70,24,243,29,290,20,208
71,26,262,28,281,20,202
72,24,240,31,310,19,192
73,22,226,30,301,19,191
74,23,235,31,314,19,197
75,23,236,32,325,21,217
76,23,231,30,308,20,203
77,23,235,31,312,20,209
78,23,237,30,304,19,193
79,24,245,30,304,18,182
80,22,229,31,313,18,187
81,24,243,29,290,19,199
82,24,248,31,313,20,202
83,23,237,31,310,19,191
84,23,239,31,310,17,178
85,25,252,32,320,19,194
86,23,238,31,317,20,205
87,23,233,31,310,19,197
88,24,243,31,317,18,189
89,22,228,30,305,19,198
90,24,244,30,304,20,200
91,24,243,32,325,19,191
92,22,227,31,310,17,179
93,21,219,31,314,17,176
94,21,219,31,316,18,184
95,22,229,31,313,18,188
96,22,229,31,313,18,189
97,22,229,32,320,17,172
98,21,213,30,309,19,190
99,22,221,30,302,20,205
100,24,243,30,308,20,205
101,22,221,29,298,19,190
102,23,235,30,305,20,205
103,22,223,29,298,19,195
104,23,235,30,308,20,208
105,24,246,30,302,20,202
106,24,247,31,310,19,196
107,23,231,30,304,19,191
108,24,249,30,305,20,200
109,25,250,30,308,21,215
110,23,235,31,317,21,211
111,23,236,30,307,19,192
112,24,243,30,308,19,199
113,23,233,29,298,19,195
114,23,236,29,298,18,182
115,24,241,29,292,21,211
116,24,243,30,305,19,197
117,23,238,30,301,20,205
118,23,235,30,304,19,196
119,24,243,28,289,20,200
120,24,246,29,290,20,201
121,23,239,30,302,21,218
122,24,243,29,296,20,201
123,23,231,29,298,20,206
124,24,243,28,285,20,206
125,24,246,29,294,20,201
126,25,250,28,282,19,198
127,26,266,30,303,19,195
128,25,255,28,286,19,198
129,23,235,29,290,20,202
130,24,242,28,289,19,192
131,23,235,29,292,20,207
132,24,248,29,291,19,193
133,24,243,28,280,19,198
134,24,242,27,278,19,197
135,25,256,28,286,21,212
136,24,243,28,286,20,201
137,25,252,29,295,21,213
138,25,251,28,282,20,206
139,24,242,28,287,21,217
140,25,250,30,301,21,213
141,23,239,26,269,21,211
142,24,244,28,287,19,199
143,25,257,27,274,19,195
144,24,246,27,272,18,188
145,24,240,27,279,18,188
146,25,250,28,284,19,193
147,24,245,26,268,18,185
148,24,246,27,277,17,178
149,25,256,27,279,17,174
150,25,256,27,278,18,180
151,24,248,26,268,16,166
152,25,250,28,288,17,177
153,25,252,28,284,18,189
154,25,259,29,296,17,178
155,24,248,30,301,18,187
156,24,249,30,301,18,186
157,24,248,32,322,17,171
158,25,251,30,309,17,173
159,24,247,30,300,17,179
160,24,249,31,311,18,188
161,25,255,30,306,17,175
162,24,246,30,306,19,196
163,25,257,29,298,18,183
164,25,250,31,310,19,195
165,26,261,30,308,19,194
166,25,254,31,312,19,198
167,25,253,31,318,20,207
168,26,263,32,325,19,197
169,28,281,32,326,19,199
170,25,252,30,303,19,190
171,26,262,31,310,20,207
172,25,255,29,296,19,199
173,23,231,31,312,20,203
174,25,250,30,301,20,203
175,25,255,28,284,21,212
176,25,251,26,268,19,190
177,23,235,27,275,19,193
178,23,237,27,272,19,193
179,24,241,27,273,19,198
180,24,249,26,268,20,201
181,24,241,27,275,20,201
182,23,230,26,269,20,204
183,23,230,26,264,19,197
184,22,227,27,274,20,200
185,23,232,25,257,19,199
186,24,245,27,271,18,185
187,24,247,26,262,18,180
188,24,240,26,268,16,169
189,23,233,26,260,18,188
190,22,226,24,249,17,177
191,23,231,25,258,18,184
192,23,232,24,242,19,193
193,22,225,24,249,18,182
194,23,233,26,260,17,179
195,24,240,24,242,17,177
196,24,241,25,250,18,187
197,22,226,25,252,17,176
198,24,244,24,246,19,190
199,23,236,25,254,18,184
200,24,242,26,266,18,185
201,24,249,25,258,20,202
202,24,246,26,269,19,194
203,25,256,27,276,20,200
204,25,257,26,266,20,207
205,26,260,26,263,21,217
206,25,257,26,268,19,199
207,24,243,25,254,19,195
208,23,237,25,259,19,192
209,23,236,24,247,19,191
210,22,227,24,243,18,186
211,23,231,24,249,18,187
212,21,215,23,239,17,175
213,23,233,23,236,16,167
214,23,234,24,247,17,172
215,22,220,23,232,16,161
216,24,243,23,236,18,186
217,23,235,24,246,17,171
218,23,230,24,244,17,177
219,22,225,22,226,17,171
220,22,221,23,236,16,165
221,23,230,22,225,17,170
222,21,216,22,226,18,188
223,22,225,23,232,17,171
224,23,233,23,233,16,167
225,22,222,23,230,17,172
226,23,237,22,225,17,175
227,21,217,22,227,16,167
228,22,220,22,223,17,172
229,21,215,23,234,17,174
230,21,216,24,241,16,162
231,23,231,24,244,15,158
232,22,226,25,250,17,174
233,21,212,25,253,16,167
234,21,217,23,237,17,173
235,21,214,25,253,16,167
236,22,225,23,233,15,153
237,22,224,24,248,17,174
238,21,217,23,238,16,161
239,22,222,24,245,16,167
240,22,229,24,245,16,162
241,22,228,24,241,16,160
242,22,221,24,244,17,176
243,23,230,23,234,17,177
244,23,238,24,242,16,165
245,22,226,26,261,16,169
246,24,240,24,244,15,154
247,24,243,25,250,15,156
248,22,227,24,249,17,172
249,22,224,26,264,17,170
250,22,222,25,254,16,162
251,21,219,26,261,16,162
252,22,224,24,246,15,156
253,22,228,26,260,16,164
254,22,226,25,251,16,163
255,22,228,24,248,15,154
256,22,222,23,238,16,168
257,22,226,24,247,15,156
258,23,235,23,231,18,180
259,22,221,23,234,16,165
260,21,213,23,233,17,170
261,22,221,22,227,16,169
262,21,218,22,225,16,168
263,21,214,23,232,16,169
264,22,223,22,225,16,166
265,21,215,23,239,16,161
266,20,205,24,249,15,158
267,21,211,25,254,17,171
268,19,197,26,260,15,153
269,20,209,25,250,16,169
270,20,205,24,245,16,162
271,22,222,24,249,17,171
272,22,223,25,256,15,156
273,22,221,25,259,16,167
274,21,219,26,264,17,177
275,22,225,24,249,16,166
276,23,231,26,268,17,175
277,22,223,25,258,17,172
278,20,204,26,265,16,162
279,21,219,24,246,16,168
280,23,234,25,250,18,181
281,22,225,27,277,16,168
282,22,226,27,274,17,179
283,23,235,26,269,18,181
284,22,225,27,270,17,175
285,24,245,26,260,19,194
286,22,222,26,267,16,169
287,22,226,26,266,17,176
288,22,226,27,270,17,176
289,22,220,26,260,18,183
290,20,207,26,267,16,169
291,22,225,25,254,17,179
292,21,217,25,258,18,188
293,22,222,26,261,18,185
294,23,235,27,271,18,188
295,22,227,26,268,17,173
296,23,237,27,272,18,182
297,21,218,26,261,17,178
298,23,230,26,264,17,173
299,23,230,27,270,17,171
300,22,227,25,259,17,176
301,22,229,27,278,17,175
302,23,232,26,268,18,189
303,22,222,28,289,17,179
304,22,227,27,271,19,192
305,23,236,26,265,17,179
306,23,230,27,276,17,172
307,23,235,26,264,17,174
308,22,220,25,256,18,183
309,23,234,27,270,17,172
310,22,228,25,258,17,176
311,23,239,26,264,17,174
312,22,224,26,269,17,170
313,23,236,27,274,18,189
314,23,234,27,270,16,167
315,24,241,28,280,17,170
316,22,225,28,282,18,181
317,22,229,28,280,18,180
318,22,226,26,267,18,181
319,22,220,28,283,18,181
320,22,227,27,278,19,190
321,25,251,27,275,18,187
322,22,221,29,294,19,190
323,24,240,28,286,18,186
324,23,232,27,279,19,190
325,23,232,27,278,19,195
326,21,216,28,288,18,187
327,23,230,29,291,18,183
328,23,234,31,312,20,200
329,23,231,30,302,20,200
330,23,233,30,308,20,206
331,22,225,31,318,18,183
332,22,229,30,302,17,177
333,21,218,30,307,18,189
334,22,225,30,305,19,196
335,20,205,29,292,19,197
336,21,211,28,289,19,198
337,22,227,29,292,19,194
338,23,236,29,297,19,198
339,23,236,28,286,21,212
340,23,235,29,296,20,202
341,24,246,30,300,20,203
342,23,234,29,290,19,192
343,24,242,28,284,19,195
344,24,240,29,291,19,199
345,24,240,28,285,17,174
346,24,244,29,298,16,166
347,23,230,29,297,18,186
348,22,225,29,299,18,183
349,23,230,29,291,19,193
350,23,234,31,314,17,176
351,23,236,29,292,18,186
352,23,236,28,289,17,170
353,23,237,29,292,17,179
354,23,230,29,295,19,192
355,22,225,30,303,19,194
356,22,220,29,292,17,175
357,21,219,28,281,19,191
358,23,231,29,290,18,185
359,22,228,27,270,18,188
360,22,224,28,283,18,186
361,21,216,28,284,17,178
362,22,226,29,292,18,188
363,23,234,29,295,18,189
364,23,230,29,293,19,195
365,23,231,31,312,20,203
366,23,236,30,306,19,199
367,23,237,31,312,20,202
368,23,237,29,299,19,199
369,21,216,29,298,20,201
370,23,235,30,300,19,194
371,24,243,29,292,20,207
372,24,246,29,292,18,185
373,23,238,30,303,18,184
374,23,230,28,285,19,195
375,24,248,28,289,20,204
376,25,252,30,302,19,191
377,25,256,28,287,18,188
378,24,246,27,277,19,195
379,26,262,29,294,20,201
380,26,260,27,275,21,216
381,25,256,29,290,21,219
382,24,248,28,285,22,220
383,23,238,28,284,20,208
384,23,239,29,292,19,198
385,25,258,28,287,22,222
386,24,249,29,290,21,213
387,25,252,29,290,22,227
388,24,248,29,294,21,218
389,26,260,28,283,22,222
390,25,256,27,279,21,218
391,23,238,28,289,20,205
392,25,254,27,278,21,211
393,24,249,27,279,21,213
394,23,232,28,287,21,211
395,24,243,28,283,21,214
396,24,241,28,284,21,212
397,23,234,26,263,20,203
398,24,240,28,287,21,210
399,23,239,26,269,20,207
400,24,240,28,281,20,206
401,23,236,27,272,19,199
402,23,237,28,288,20,204
403,24,249,28,280,21,210
404,24,243,27,275,22,227
405,22,228,26,260,21,210
406,24,241,27,273,22,226
407,24,241,27,279,22,221
408,24,246,26,269,22,225
409,23,235,27,273,22,224
410,24,241,26,265,21,215
411,23,231,26,267,21,215
412,22,226,28,284,20,202
413,24,240,27,271,20,208
414,25,250,28,283,20,208
415,26,260,28,287,22,220
416,25,251,27,278,22,223
417,25,250,28,284,19,196
418,24,241,28,284,19,199
419,25,259,28,287,21,211
420,24,249,28,284,22,221
421,24,246,30,302,21,217
422,23,239,29,290,21,217
423,25,259,30,303,22,220
424,25,254,29,295,20,208
425,25,250,30,308,21,217
426,24,246,29,298,20,203
427,24,244,30,303,21,210
428,25,255,28,288,21,216
429,25,256,28,286,21,212
430,25,257,30,303,21,211
431,25,257,30,304,23,230
432,25,259,30,306,22,227
433,25,253,29,298,22,223
434,25,256,31,312,21,216
435,24,247,31,310,23,232
436,24,244,28,285,20,201
437,24,247,29,291,21,213
438,25,250,29,291,21,214
439,23,238,29,291,20,203
440,24,243,31,312,22,222
441,23,235,29,297,21,216
442,24,248,30,300,21,217
443,25,251,30,307,20,209
444,23,239,29,292,20,209
445,26,266,30,309,21,218
446,25,258,30,305,21,218
447,24,249,29,295,21,214
448,26,262,28,286,22,221
449,25,259,30,301,22,225
450,25,251,28,289,23,230
451,26,264,28,287,23,239
452,24,249,28,282,23,231
453,24,244,27,270,22,226
454,25,257,28,284,21,215
455,25,254,28,289,22,229
456,25,251,27,275,21,211
457,25,255,27,279,22,229
458,26,261,29,290,21,216
459,26,261,27,276,22,223
460,25,255,27,279,23,237
461,25,254,28,282,22,227
462,25,254,27,276,23,230
463,24,247,26,268,21,213
464,24,244,27,274,22,222
465,25,252,27,273,22,227
466,24,245,27,275,22,229
467,25,253,26,269,21,219
468,25,250,28,280,21,217
469,23,239,26,266,21,217
470,24,242,27,275,21,214
471,25,254,26,265,22,220
472,26,262,26,269,22,222
473,25,258,27,279,21,213
474,24,248,26,263,21,216
475,24,242,26,261,21,212
476,23,239,26,264,20,207
477,25,251,27,275,21,216
478,25,253,26,265,19,199
479,24,244,26,268,21,217
480,22,228,26,266,19,191
481,25,252,26,260,20,204
482,23,237,26,261,20,206
483,24,243,25,252,19,199
484,23,233,25,254,19,199
485,24,245,24,244,21,217
486,23,235,23,238,18,186
487,23,233,24,241,21,213
488,23,239,25,252,19,197
489,24,244,25,256,19,196
490,23,238,23,236,18,188
491,23,239,24,242,19,193
492,24,247,26,266,18,184
493,25,255,27,272,18,186
494,26,263,26,265,19,199
495,25,253,26,268,19,199
496,25,255,27,270,18,182
497,24,249,25,259,18,189
498,25,250,26,264,17,175
499,23,239,25,258,19,191
500,25,251,25,259,19,192
501,24,241,26,263,18,185
502,25,255,26,265,19,199
503,26,263,25,259,20,200
504,24,241,26,260,19,195
505,24,248,26,264,19,191
506,23,238,27,276,18,180
507,25,254,28,283,19,197
508,24,246,27,270,19,191
509,25,251,28,285,20,201
510,25,251,28,283,19,194
511,23,237,27,271,19,192
512,23,236,28,284,19,191
513,23,236,26,262,18,188
514,23,230,28,288,20,201
515,22,227,27,274,20,206
516,23,234,28,283,19,197
517,23,230,27,273,20,200
518,25,251,26,264,20,204
519,25,252,27,274,22,221
520,23,234,27,274,18,189
521,24,247,29,291,20,208
522,24,245,26,268,19,197
523,23,236,28,282,20,209
524,25,251,28,283,21,212
525,24,247,27,277,20,202
526,24,246,27,279,21,210
527,24,249,28,282,20,202
528,25,254,27,279,21,210
529,24,248,26,269,20,201
530,24,245,27,276,20,206
531,23,234,28,285,19,197
532,24,246,28,280,20,204
533,24,240,27,273,18,189
534,23,236,28,287,21,211
535,23,236,28,281,18,187
536,22,221,26,269,20,200
537,22,223,27,272,19,197
538,21,214,26,267,19,190
539,22,223,26,266,20,202
540,21,215,26,262,18,189
541,21,218,27,276,19,195
542,22,220,28,282,20,203
543,22,229,28,286,19,196
544,21,217,27,275,20,201
545,21,214,27,274,20,207
546,22,221,27,271,20,201
547,22,227,28,282,19,190
548,23,234,27,277,21,212
549,24,243,27,275,20,201
550,23,232,27,277,19,194
551,20,206,28,283,20,201
552,23,230,27,273,19,196
553,23,234,27,272,20,206
554,23,237,26,265,20,203
555,23,232,28,285,20,203
556,22,224,27,273,20,200
557,23,237,27,279,19,195
558,22,225,27,272,18,187
559,23,237,28,282,18,187
560,23,231,28,280,18,187
561,22,224,26,264,19,197
562,20,207,26,264,18,187
563,22,223,27,272,18,184
564,22,220,27,271,18,184
565,24,241,27,275,18,182
566,22,224,27,276,19,196
567,22,226,26,264,18,185
568,24,243,27,277,19,195
569,22,225,28,280,17,177
570,23,238,28,289,18,188
571,22,229,29,295,19,196
572,22,227,28,286,19,192
573,22,223,28,289,18,187
574,22,228,27,274,18,187
575,22,221,29,293,18,188
576,21,218,29,291,18,185
577,23,233,27,279,18,185
578,22,224,27,273,18,188
579,23,236,28,280,17,174
580,23,231,27,270,18,187
581,23,233,26,266,18,187
582,23,235,26,261,18,189
583,23,233,25,259,19,199
584,23,235,26,264,18,183
585,23,233,25,256,17,171
586,23,231,26,267,18,185
587,23,231,25,253,18,181
588,23,236,25,257,18,186
589,22,220,24,247,18,182
590,20,207,24,243,18,181
591,22,227,24,248,18,183
592,24,241,23,238,19,197
593,23,235,25,251,18,189
594,23,232,25,254,20,207
595,23,234,26,263,19,198
596,22,228,25,252,19,196
597,23,230,27,270,18,189
598,22,223,27,278,18,181
599,22,225,28,284,19,194
600,23,235,28,282,18,188
601,22,225,26,267,17,178
602,22,223,27,279,19,197
603,22,222,27,272,19,194
604,22,228,26,266,19,198
605,22,226,26,266,18,184
606,22,227,27,270,18,189
607,22,222,27,277,19,196
608,23,237,27,273,17,175
609,21,219,26,262,19,191
610,22,221,24,246,18,183
611,22,221,25,257,18,185
612,22,229,26,265,18,184
613,23,231,25,256,19,190
614,23,237,26,264,18,187
615,21,216,26,269,18,188
616,23,237,25,257,18,189
617,21,216,26,266,18,183
618,21,217,25,251,19,198
619,24,242,25,252,19,193
620,22,225,25,251,17,176
621,22,229,24,245,19,193
622,23,231,25,254,19,191
623,22,227,25,255,19,197
624,21,217,26,265,18,188
625,21,214,24,243,18,181
626,22,220,24,240,18,187
627,21,215,24,244,19,196
628,21,219,24,246,19,192
629,21,210,24,247,17,176
630,21,213,25,257,18,186
631,21,213,24,242,19,194
632,21,210,25,253,20,201
633,22,223,23,239,19,192
634,21,216,25,254,18,188
635,21,219,24,249,20,203
636,21,219,23,238,20,200
637,21,214,23,237,19,199
638,21,218,23,239,19,195
639,22,220,24,241,19,193
640,22,229,24,249,19,195
641,24,242,24,243,19,191
642,23,236,24,242,19,193
643,22,228,23,238,19,197
644,22,228,24,244,20,202
645,22,228,24,247,21,215
646,21,214,25,252,19,195
647,22,226,24,246,20,203
648,22,222,25,254,19,190
649,21,211,24,242,20,207
650,22,220,24,241,19,196
651,21,217,24,244,20,207
652,22,220,24,241,18,189
653,22,223,24,249,19,194
654,22,229,24,248,19,198
655,22,222,23,231,18,181
656,21,214,23,234,18,189
657,20,204,22,225,17,171
658,20,204,23,230,18,188
659,20,206,22,223,19,190
660,20,207,23,231,20,201
661,20,209,23,234,19,193
662,20,203,22,227,18,180
663,20,204,23,239,19,195
664,20,202,24,248,19,192
665,21,214,24,246,18,186
666,21,216,24,249,20,201
667,21,219,25,259,19,191
668,21,216,25,250,20,205
669,22,227,26,265,20,201
670,21,218,27,272,20,200
671,23,230,26,263,19,191
672,22,222,25,258,21,213
673,22,220,26,265,20,200
674,21,219,26,269,20,206
675,22,220,26,266,19,197
676,21,214,27,273,20,203
677,21,210,28,281,20,202
678,22,220,27,272,19,196
679,22,224,27,277,19,194
680,21,210,28,280,20,201
681,22,222,28,285,19,199
682,23,230,28,281,19,192
683,22,225,28,281,20,201
684,23,230,28,282,20,204
685,21,218,27,271,18,189
686,20,207,27,277,20,206
687,24,244,28,284,20,200
688,22,229,26,265,21,216
689,23,235,27,276,21,215
690,22,227,27,270,20,200
691,22,225,27,274,20,204
692,24,246,28,280,20,200
693,24,242,27,270,20,200
694,23,239,28,284,19,193
695,23,233,28,283,19,193
696,23,232,27,272,19,190
697,23,234,27,271,18,186
698,23,233,27,274,19,195
699,23,234,27,274,19,199
700,23,238,25,256,20,202
701,23,231,25,253,18,189
702,24,240,26,263,19,196
703,25,253,24,249,20,201
704,24,241,27,274,19,191
705,23,238,25,257,20,205
706,25,252,26,265,19,193
707,24,242,26,261,18,186
708,24,244,26,266,20,202
709,25,253,26,260,18,187
710,25,258,26,269,18,186
711,24,246,26,264,19,190
712,24,244,26,265,19,196
713,25,251,25,252,19,194
714,27,271,25,256,18,188
715,23,236,25,250,18,187
716,24,242,25,258,19,191
717,23,239,25,255,19,196
718,24,245,26,263,19,192
719,23,231,26,265,19,195
720,24,246,25,258,19,194
721,24,244,26,260,19,194
722,25,255,25,259,19,192
723,25,251,25,256,20,209
724,24,240,26,264,19,192
725,24,243,26,263,20,202
726,24,245,25,255,18,186
727,23,239,26,264,20,208
728,24,243,25,255,20,209
729,23,237,25,259,19,190
730,24,244,26,264,18,188
731,24,245,27,273,20,202
732,24,248,26,263,20,208
733,23,237,26,261,19,190
734,23,238,24,248,19,194
735,24,248,26,263,21,213
736,24,244,27,278,20,206
737,25,250,26,267,21,211
738,25,254,27,270,21,211
739,24,246,27,278,20,205
740,24,241,27,274,20,203
741,23,237,27,275,21,218
742,25,251,27,271,21,213
743,24,243,27,274,21,215
744,23,233,27,277,19,199
745,24,240,26,267,20,200
746,22,228,26,265,19,196
747,23,236,26,265,20,208
748,23,238,26,263,20,201
749,24,249,27,279,20,202
750,24,247,26,266,20,207
751,25,253,28,280,21,214
752,25,251,27,270,21,217
753,25,251,26,265,22,220
754,24,246,26,269,21,214
755,23,237,26,267,19,194
756,22,223,27,273,20,203
757,23,236,27,272,19,196
758,22,222,26,263,21,217
759,22,224,26,266,19,192
760,20,208,25,252,21,211
761,21,218,24,245,20,200
762,22,223,26,265,21,214
763,22,226,27,272,21,213
764,22,229,26,263,21,211
765,22,225,25,256,21,216
766,23,235,25,259,21,215
767,23,238,24,248,22,220
768,22,229,26,264,20,204
769,22,225,26,264,21,219
770,22,225,25,259,21,214
771,23,234,26,261,20,201
772,21,215,23,238,20,206
773,23,239,26,265,21,215
774,22,225,26,268,22,222
775,22,225,23,239,21,212
776,22,227,26,260,20,204
777,22,220,26,261,20,206
778,23,230,26,261,21,217
779,21,217,26,266,22,221
780,23,232,26,268,22,222
781,22,222,26,264,22,224
782,24,240,26,260,21,219
783,23,239,27,271,21,213
784,22,226,26,264,21,219
785,21,217,26,266,22,229
786,22,223,26,269,20,204
787,22,226,27,275,20,204
788,22,220,28,281,22,222
789,21,212,26,260,20,204
790,22,221,25,259,19,195
791,22,227,25,250,21,218
792,23,234,25,254,21,219
793,22,221,25,256,19,198
794,22,221,23,237,19,199
795,22,222,25,252,19,199
796,22,224,24,242,19,197
797,23,237,23,238,20,205
798,23,239,24,249,20,208
799,23,238,27,272,21,211
800,22,226,25,252,20,204
801,23,238,27,276,21,217
802,22,227,26,261,20,208
803,22,224,26,260,23,232
804,21,217,24,246,22,220
805,22,220,26,264,22,223
806,22,222,26,262,20,206
807,22,229,27,271,20,208
808,22,222,25,257,20,207
809,20,209,27,275,20,208
810,22,223,27,279,19,196
811,22,226,27,272,20,202
812,24,242,27,275,21,217
813,24,246,26,268,20,206
814,23,239,26,266,20,209
815,24,242,27,279,21,212
816,23,234,28,286,22,225
817,23,236,26,268,21,218
818,24,242,28,284,21,219
819,24,244,27,272,22,223
820,21,217,27,277,20,201
821,21,217,27,274,21,213
822,21,214,27,276,22,225
823,22,223,24,248,20,201
824,21,215,27,276,20,209
825,22,224,26,262,21,214
826,22,220,24,245,20,206
827,21,217,27,271,21,215
828,21,217,25,259,20,201
829,20,205,27,273,20,205
830,21,215,26,264,20,208
831,21,214,25,252,20,204
832,22,220,26,266,21,216
833,22,226,25,251,20,205
834,23,234,25,251,21,213
835,24,242,25,252,23,230
836,23,231,25,257,22,222
837,24,240,25,254,22,220
838,24,245,26,265,21,212
839,23,238,26,265,19,194
840,22,229,26,266,23,230
841,23,231,26,266,21,212
842,23,233,27,273,22,224
843,23,238,26,261,23,230
844,24,240,27,277,22,223
845,25,257,26,265,23,231
846,24,248,28,287,21,210
847,25,251,29,291,22,225
848,25,253,27,275,21,214
849,25,254,27,273,20,205
850,25,250,26,267,20,209
851,23,235,25,255,20,208
852,24,244,26,265,19,198
853,24,247,26,264,20,205
854,23,235,25,256,20,203
855,23,234,25,259,21,210
856,25,250,27,275,20,203
857,25,258,26,265,21,219
858,23,238,27,270,22,229
859,24,245,26,265,20,207
860,23,231,26,268,23,230
861,23,234,25,256,21,218
862,24,244,28,284,22,222
863,24,240,25,258,22,221
864,25,252,25,259,23,230
865,25,251,27,271,22,222
866,24,246,26,266,21,212
867,24,241,28,280,21,211
868,23,235,26,269,20,208
869,24,245,26,260,21,212
870,24,246,27,271,21,216
871,26,264,26,267,22,221
872,24,240,27,274,22,223
873,25,259,27,273,22,229
874,25,251,26,269,21,216
875,24,248,26,265,20,206
876,24,243,27,278,20,204
877,25,252,26,267,22,222
878,24,242,26,266,21,217
879,24,244,25,253,21,218
880,23,239,26,267,23,230
881,23,237,27,278,22,229
882,25,252,27,272,22,227
883,24,244,27,275,22,227
884,25,257,27,273,22,225
885,24,249,27,271,22,220
886,24,248,26,263,24,240
887,25,252,27,277,23,235
888,24,244,26,269,23,235
889,25,251,27,273,22,227
890,23,234,25,259,22,220
891,22,229,25,257,22,229
892,23,237,25,254,22,222
893,23,234,25,253,22,228
894,23,232,25,256,22,223
895,24,246,25,254,21,219
896,24,242,25,251,23,230
897,25,258,27,274,21,216
898,25,254,27,271,21,216
899,23,239,26,269,22,221
900,24,249,27,270,22,227
901,26,266,26,261,22,224
902,26,260,27,274,22,224
903,26,262,27,270,22,223
904,25,253,25,253,22,226
905,25,252,24,248,20,207
906,24,248,25,252,21,210
907,23,239,25,255,21,216
908,24,241,25,256,22,220
909,25,256,26,267,21,211
910,24,247,26,264,21,217
911,24,248,27,276,22,223
912,24,243,26,267,21,214
913,24,248,26,267,22,229
914,23,238,25,257,22,225
915,25,250,27,275,21,214
916,24,245,27,276,21,218
917,24,241,26,261,22,220
918,23,235,26,266,21,215
919,24,249,26,269,22,223
920,26,262,27,276,22,222
921,25,259,27,278,21,216
922,25,258,29,297,21,216
923,25,251,29,292,20,205
924,23,238,26,267,22,220
925,23,239,25,258,21,211
926,23,239,26,269,21,214
927,23,235,26,263,20,208
928,23,235,26,260,22,221
929,23,233,28,283,19,192
930,24,245,28,287,21,213
931,23,232,26,267,19,194
932,24,243,28,287,21,211
933,24,243,28,282,20,206
934,24,243,29,291,20,208
935,23,234,28,284,22,220
936,24,240,29,291,20,209
937,24,241,28,287,21,217
938,23,235,27,276,21,210
939,23,231,27,279,21,219
940,21,214,26,260,19,199
941,24,245,25,251,20,205
942,24,244,25,252,20,202
943,23,231,24,249,18,185
944,24,241,24,247,19,193
945,24,249,24,247,21,212
946,23,233,25,255,20,209
947,23,238,26,269,18,189
948,25,252,25,251,19,198
949,23,237,25,259,20,200
950,25,250,25,251,19,190
951,25,256,25,251,21,214
952,25,250,27,271,20,207
953,23,237,26,266,20,206
954,23,234,27,274,22,224
955,22,228,27,275,20,204
956,23,232,26,261,20,205
957,24,243,26,266,20,208
958,23,237,28,287,21,211
959,23,233,28,286,20,207
960,23,231,26,264,20,203
961,23,230,24,247,20,206
962,23,239,27,277,21,217
963,24,247,25,256,22,227
964,23,236,25,258,21,212
965,23,232,27,270,21,214
966,23,233,25,259,21,218
967,22,229,25,255,23,234
968,24,246,25,254,22,227
969,24,243,25,258,22,225
970,23,234,27,271,23,231
971,25,255,26,263,22,228
972,23,231,26,264,20,204
973,23,237,27,278,21,214
974,25,250,28,285,22,225
975,24,247,27,274,22,224
976,25,252,25,259,22,229
977,24,247,27,277,23,233
978,24,244,27,274,22,220
979,24,241,27,272,21,219
980,22,226,27,270,20,205
981,23,236,27,276,22,221
982,24,243,27,271,21,215
983,23,233,26,265,22,222
984,24,245,29,291,24,240
985,23,235,28,284,22,225
986,25,251,28,288,23,237
987,24,248,28,284,24,242
988,23,234,30,300,23,235
989,23,234,30,301,23,234
990,23,236,30,300,23,232
991,23,235,29,293,22,224
992,23,239,28,286,21,219
993,23,233,29,291,22,222
994,23,236,29,298,22,229
995,23,232,28,289,22,220
996,24,243,30,308,21,215
997,23,239,28,284,23,239
998,25,254,28,289,21,217
999,25,256,29,291,22,229
1000,24,246,30,300,21,218
1001,25,252,29,298,21,213
1002,24,240,29,296,21,218
1003,25,250,29,290,22,227
1004,25,254,30,309,21,219
1005,25,256,29,299,22,229
1006,23,236,30,306,21,211
1007,24,240,30,306,20,209
1008,24,243,32,325,21,217
1009,25,256,30,308,22,226
1010,25,251,30,306,23,230
1011,25,258,30,304,23,230
1012,24,243,31,315,21,219
1013,24,245,31,314,23,236
1014,24,242,30,301,22,223
1015,23,231,28,287,23,239
1016,23,236,29,292,21,213
1017,22,229,30,305,21,213
1018,23,232,30,304,21,212
1019,22,229,30,300,21,210
1020,21,216,29,298,21,212
1021,23,234,31,312,22,223
1022,22,228,29,298,23,231
1023,23,235,30,303,23,234
1024,22,221,30,307,22,229
1025,21,217,30,305,21,214
1026,22,223,31,311,22,223
1027,23,236,30,304,21,216
1028,23,234,31,314,22,227
1029,22,229,31,314,22,228
1030,22,226,31,314,22,223
1031,21,216,32,323,22,228
1032,21,210,31,319,23,230
1033,20,208,31,311,23,230
1034,21,212,30,309,21,211
1035,21,217,30,303,21,212
1036,21,212,30,307,22,221
1037,22,224,31,314,22,225
1038,21,217,32,324,20,207
1039,22,227,32,328,21,217
1040,23,230,33,331,20,208
1041,21,218,31,316,20,201
1042,23,232,31,318,20,203
1043,22,225,31,319,20,208
1044,22,225,31,311,20,208
1045,21,217,30,302,21,212
1046,22,222,31,317,20,201
1047,21,217,30,303,19,197
1048,21,216,29,299,20,204
1049,22,220,29,294,20,209
1050,22,220,29,290,21,217
1051,22,228,28,284,19,198
1052,21,219,29,291,21,213
1053,22,225,30,304,20,202
1054,21,211,28,289,20,205
1055,20,204,29,290,20,205
1056,21,216,28,289,20,201
1057,22,221,28,284,21,214
1058,21,210,30,300,20,203
1059,22,223,29,291,20,205
1060,21,214,27,279,21,216
1061,22,220,28,283,20,206
1062,20,206,27,272,20,202
1063,20,202,27,271,20,201
1064,20,203,26,262,20,206
1065,19,197,26,262,19,193
1066,20,208,25,253,20,202
1067,20,207,25,256,20,208
1068,20,207,24,248,20,206
1069,21,212,23,231,19,196
1070,20,206,24,245,19,193
1071,20,201,24,242,20,200
1072,20,209,26,264,18,184
1073,20,209,25,253,20,208
1074,21,214,27,271,20,206
1075,21,212,26,263,20,204
1076,22,226,27,272,20,201
1077,21,210,25,259,20,202
1078,21,217,28,280,20,202
1079,21,213,27,275,21,212
1080,21,217,26,264,20,205
1081,20,208,26,263,18,189
1082,22,226,28,285,19,191
1083,22,221,27,275,20,201
1084,22,229,27,278,20,201
1085,22,222,29,291,19,197
1086,22,220,28,283,19,198
1087,22,229,27,279,19,194
1088,20,200,26,269,19,198
1089,23,230,28,281,20,203
1090,22,220,28,285,21,212
1091,21,219,27,274,20,205
1092,22,227,26,262,20,206
1093,24,245,27,277,19,199
1094,23,239,27,274,19,197
1095,23,239,29,292,20,200
1096,23,233,28,280,19,198
1097,25,250,29,296,21,216
1098,25,257,29,290,22,220
1099,24,243,30,302,21,218
1100,24,242,29,290,21,215
1101,24,241,28,286,21,212
1102,22,224,26,266,19,196
1103,23,231,28,280,19,198
1104,22,229,28,287,20,201
1105,22,229,27,276,19,196
1106,24,246,26,266,21,217
1107,23,232,27,275,21,211
1108,23,232,27,277,22,221
1109,22,223,27,273,22,229
1110,23,238,27,270,22,226
1111,23,236,26,269,22,221
1112,23,239,28,283,22,220
1113,24,241,28,288,23,232
1114,23,234,29,290,22,224
1115,24,245,28,289,21,218
1116,23,233,29,291,22,224
1117,24,248,29,295,23,232
1118,24,248,29,296,21,219
1119,24,241,29,297,21,217
1120,24,243,30,309,23,238
1121,24,247,31,310,22,229
1122,24,245,29,296,24,240
1123,23,234,28,287,21,214
1124,25,254,29,298,22,227
1125,23,232,30,301,22,223
1126,24,248,29,294,21,217
1127,25,254,29,291,22,227
1128,25,250,29,292,23,230
1129,24,240,28,288,22,222
1130,24,242,28,284,22,221
1131,23,237,28,286,21,218
1132,23,232,28,281,21,211
1133,24,241,28,281,20,202
1134,23,232,28,283,20,202
1135,22,229,28,282,21,210
1136,21,215,27,273,20,204
1137,22,220,27,272,19,194
1138,21,219,26,260,19,191
1139,21,219,25,259,21,211
1140,22,227,24,243,20,201
1141,23,233,26,268,21,219
1142,21,218,25,259,19,192
1143,24,240,26,265,20,206
1144,22,226,25,259,21,211
1145,23,238,25,253,23,231
1146,22,228,26,269,21,212
1147,22,226,26,266,22,227
1148,22,227,26,269,22,226
1149,22,225,27,274,22,224
1150,22,227,27,278,22,221
1151,21,219,28,281,22,224
1152,22,227,28,284,24,242
1153,22,221,27,273,22,228
1154,22,229,28,288,22,228
1155,23,236,28,283,21,217
1156,22,225,28,281,22,224
1157,22,228,30,303,24,243
1158,20,209,28,283,23,232
1159,22,222,28,282,22,221
1160,22,227,28,281,23,231
1161,22,229,28,287,22,229
1162,22,225,28,284,22,226
1163,21,216,28,287,23,235
1164,21,218,27,275,22,228
1165,22,223,28,288,24,243
1166,22,220,28,284,23,234
1167,22,221,29,292,23,232
1168,22,223,26,268,23,238
1169,24,247,28,288,24,242
1170,23,237,28,282,24,248
1171,23,238,29,290,23,236
1172,24,247,28,284,24,241
1173,24,248,27,276,23,233
1174,23,233,28,281,24,248
1175,21,219,28,284,23,232
1176,23,236,27,279,23,239
1177,23,231,28,282,23,232
1178,23,233,25,253,24,246
1179,22,228,27,277,21,216
1180,22,226,27,276,20,208
1181,22,229,26,269,23,230
1182,21,219,26,263,22,221
1183,21,217,26,262,21,217
1184,20,209,23,234,20,207
1185,22,224,26,260,20,207
1186,23,230,25,256,22,225
1187,23,238,26,260,21,219
1188,22,227,26,261,21,216
1189,22,220,25,257,21,214
1190,22,224,25,258,22,222
1191,22,221,24,249,23,230
1192,24,240,26,266,23,233
1193,22,222,26,263,21,216
1194,23,236,26,263,23,234
1195,23,237,28,282,24,249
1196,23,234,27,279,22,229
1197,21,213,27,277,23,235
1198,22,222,26,264,21,210
1199,21,217,26,265,21,216
1200,21,217,25,259,19,194
1201,21,210,25,255,18,185
1202,21,213,26,263,19,194
1203,21,213,27,278,18,183
1204,22,220,27,270,21,211
1205,22,220,26,266,19,190
1206,21,217,27,275,20,206
1207,22,222,28,281,20,203
1208,22,227,27,277,19,191
1209,21,211,28,284,21,212
1210,21,216,28,285,22,228
1211,22,223,26,267,21,211
1212,21,215,27,270,21,212
1213,21,218,27,271,20,204
1214,21,219,27,272,19,198
1215,22,224,27,277,20,200
1216,21,218,27,273,20,206
1217,22,224,26,268,19,193
1218,22,227,28,282,19,195
1219,21,212,29,290,19,196
1220,22,227,26,268,19,198
1221,21,215,28,284,20,202
1222,21,218,28,287,20,200
1223,21,214,27,274,20,208
1224,21,217,27,275,21,212
1225,23,235,28,289,21,217
1226,23,237,29,298,21,218
1227,22,226,28,285,22,221
1228,23,230,28,282,21,216
1229,22,224,29,293,22,222
1230,21,216,29,294,21,215
1231,21,219,28,285,21,210
1232,22,223,27,276,22,222
1233,21,214,28,282,22,221
1234,22,228,29,297,21,215
1235,21,215,27,276,20,207
1236,22,224,28,282,20,204
1237,22,221,29,293,22,221
1238,22,220,29,292,20,208
1239,23,234,29,291,21,215
1240,23,231,28,285,22,220
1241,20,202,28,284,22,226
1242,22,222,27,274,20,205
1243,20,204,28,286,20,205
1244,21,216,28,281,20,209
1245,22,223,27,275,21,216
1246,21,219,28,283,21,219
1247,21,215,27,279,21,218
1248,21,215,28,284,21,217
1249,20,205,28,286,20,204
1250,20,207,27,275,20,208
1251,21,213,27,272,19,197
1252,21,210,27,272,21,213
1253,22,221,27,273,21,210
1254,21,217,27,276,21,216
1255,21,215,28,282,21,211
1256,20,202,27,274,19,198
1257,19,198,27,278,20,200
1258,22,228,26,268,20,200
1259,21,218,25,257,20,204
1260,20,205,26,266,20,200
1261,21,215,27,277,19,199
1262,23,231,26,269,21,210
1263,22,222,27,272,21,216
1264,22,229,27,276,21,217
1265,21,212,26,269,20,209
1266,20,206,26,267,20,203
1267,19,197,27,274,20,201
1268,21,212,27,279,20,205
1269,20,208,28,280,20,203
1270,20,209,27,279,22,220
1271,20,207,29,297,21,213
1272,19,199,29,291,22,222
1273,20,201,27,273,21,211
1274,21,210,28,288,21,211
1275,21,216,27,273,23,236
1276,21,218,28,285,23,237
1277,20,209,28,280,21,217
1278,21,210,26,268,21,212
1279,21,213,26,263,21,216
1280,21,210,27,274,21,219
1281,21,212,26,268,21,217
1282,21,217,27,275,22,221
1283,21,217,26,265,20,205
1284,21,213,26,260,21,212
1285,20,206,26,260,21,219
1286,22,222,25,258,22,220
1287,21,211,26,268,21,215
1288,21,213,27,271,20,209
1289,20,206,27,274,20,209
1290,21,211,28,289,20,205
1291,20,209,28,288,21,214
1292,21,212,28,289,21,217
1293,21,218,29,294,21,211
1294,22,225,28,284,22,229
1295,20,209,27,276,21,212
1296,21,219,28,281,19,199
1297,22,225,27,278,20,200
1298,22,222,27,274,20,203
1299,22,225,29,294,19,194
1300,23,230,28,283,20,208
1301,23,234,26,263,18,186
1302,23,230,29,292,19,198
1303,22,224,28,281,20,208
1304,23,233,28,285,20,206
1305,22,224,29,291,20,209
1306,23,235,28,286,20,209
1307,23,235,30,302,20,204
1308,22,225,29,291,19,198
1309,23,239,29,290,20,201
1310,22,227,29,297,18,188
1311,22,228,28,285,19,192
1312,23,230,27,272,19,195
1313,23,231,26,266,19,195
1314,23,236,27,273,21,213
1315,25,259,26,267,20,209
1316,22,222,27,271,22,222
1317,24,246,26,268,21,215
1318,23,239,29,296,22,220
1319,24,246,29,295,21,213
1320,25,253,29,290,21,210
1321,23,232,26,265,21,211
1322,23,238,27,277,20,201
1323,23,233,26,267,20,204
1324,24,245,27,271,20,207
1325,23,237,28,283,23,232
1326,23,233,27,270,22,223
1327,24,241,26,264,21,219
1328,23,231,26,268,22,224
1329,24,240,26,269,21,213
1330,21,212,28,284,20,200
1331,23,239,26,268,21,210
1332,22,222,25,254,20,209
1333,22,223,26,266,21,218
1334,22,224,27,272,20,207
1335,21,215,26,261,22,222
1336,21,219,26,260,20,207
1337,20,208,26,267,22,224
1338,21,215,26,262,21,211
1339,21,211,24,246,20,202
1340,21,218,26,264,20,200
1341,20,209,27,270,19,194
1342,20,205,26,262,19,193
1343,21,210,26,268,18,183
1344,20,209,26,265,19,195
1345,20,205,26,269,18,188
1346,20,207,26,267,18,185
1347,20,203,26,268,20,202
1348,21,213,26,265,19,194
1349,22,224,26,264,19,198
1350,21,213,26,266,18,189
1351,20,208,27,273,18,181
1352,20,200,26,264,18,181
1353,20,207,27,271,20,200
1354,19,195,26,269,19,195
1355,20,205,27,277,20,200
1356,19,191,26,265,19,196
1357,20,200,27,276,19,198
1358,20,204,26,267,19,191
1359,22,223,26,269,20,202
1360,22,226,27,271,20,207
1361,22,229,26,267,21,212
1362,21,217,25,257,20,204
1363,22,225,27,275,19,194
1364,22,228,26,261,20,205
1365,21,210,25,258,20,206
1366,23,231,26,266,21,215
1367,23,234,28,282,20,209
1368,23,232,27,271,21,211
1369,21,213,26,261,22,221
1370,21,216,26,260,22,220
1371,22,221,26,269,22,223
1372,23,233,27,274,23,230
1373,22,228,26,263,22,221
1374,23,231,26,267,22,225
1375,23,231,24,246,22,224
1376,21,219,28,285,20,207
1377,23,233,27,272,24,241
1378,23,233,28,288,21,212
1379,22,224,28,285,21,210
1380,23,230,29,290,20,202
1381,21,215,28,288,19,193
1382,20,206,28,286,19,196
1383,21,217,28,281,17,171
1384,21,214,28,281,18,185
1385,20,201,28,285,17,173
1386,20,205,28,284,19,190
1387,19,193,29,293,17,177
1388,20,209,27,277,19,196
1389,20,209,28,281,19,194
1390,21,212,30,301,19,194
1391,23,233,29,297,20,203
1392,21,210,28,283,19,194
1393,21,218,28,280,19,194
1394,20,208,27,272,20,207
1395,22,221,27,279,18,183
1396,19,198,27,274,18,186
1397,18,188,26,266,18,182
1398,20,203,27,278,17,176
1399,22,222,27,271,18,180
1400,20,209,28,281,19,197
1401,20,207,28,284,18,187
1402,20,208,28,286,19,193
1403,21,218,28,283,19,198
1404,22,220,27,274,19,195
1405,22,220,26,266,19,195
1406,22,221,26,268,19,197
1407,21,213,26,265,20,202
1408,21,214,26,265,19,191
1409,22,229,26,267,21,213
1410,22,224,26,267,21,210
1411,24,245,26,265,21,210
1412,23,231,26,261,21,210
1413,22,229,27,278,21,210
1414,22,225,28,286,22,221
1415,23,236,28,285,20,207
1416,23,233,29,291,20,208
1417,22,226,27,275,19,193
1418,23,234,28,282,19,196
1419,24,243,28,288,18,188
1420,23,235,27,274,20,202
1421,24,240,27,279,18,188
1422,24,249,30,303,22,223
1423,26,260,28,285,23,232
1424,24,248,28,289,20,209
1425,26,260,29,292,21,214
1426,25,259,29,297,21,217
1427,25,259,30,301,20,205
1428,25,252,29,291,22,220
1429,23,236,29,292,21,215
1430,25,254,28,282,23,231
1431,23,238,27,279,22,222
1432,24,248,28,283,20,204
1433,24,244,27,276,22,222
1434,23,239,27,275,22,224
1435,23,233,26,267,23,232
1436,25,251,28,280,23,233
1437,25,257,28,287,22,227
1438,23,230,26,261,22,224
1439,24,246,28,282,22,223
1440,24,245,29,296,21,218
1441,25,254,31,314,22,223
1442,24,248,31,315,22,223
1443,24,247,28,289,24,243
1444,26,262,29,294,23,232
1445,25,250,29,291,22,226
1446,24,243,28,281,22,226
1447,23,236,28,285,22,226
1448,24,243,28,281,24,242
1449,23,231,28,283,22,227
1450,25,250,29,291,23,231
1451,23,237,27,271,23,230
1452,23,232,27,278,22,226
1453,23,235,28,287,20,204
1454,24,244,28,283,20,208
1455,23,236,28,282,20,206
1456,22,222,26,267,21,210
1457,23,239,27,274,21,218
1458,23,235,30,301,21,211
1459,22,220,30,304,20,204
1460,22,228,30,304,22,221
1461,23,239,28,288,21,215
1462,25,257,29,292,21,214
1463,22,227,28,285,20,209
1464,23,232,28,284,21,219
1465,22,225,30,300,21,217
1466,22,228,29,291,23,233
1467,23,238,29,290,21,213
1468,22,229,30,305,23,232
1469,21,213,28,284,22,223
1470,21,217,27,279,20,209
1471,21,217,28,280,20,201
1472,22,224,27,275,18,188
1473,21,217,27,275,17,174
1474,22,222,27,270,19,193
1475,21,215,29,296,19,190
1476,21,218,28,285,18,188
1477,21,211,28,285,20,201
1478,20,203,27,274,18,188
1479,21,211,29,290,18,182
1480,21,211,28,282,19,199
1481,22,222,27,279,20,203
1482,22,224,26,269,19,196
1483,22,223,28,288,19,193
1484,22,229,28,285,19,191
1485,22,229,29,290,19,193
1486,22,224,27,275,18,188
1487,23,233,28,281,19,199
1488,25,258,29,290,19,193
1489,23,234,28,284,18,181
1490,23,234,26,269,18,182
1491,23,233,29,294,18,184
1492,23,233,27,271,18,189
1493,22,229,27,272,18,189
1494,23,231,27,273,18,189
1495,22,227,28,288,18,184
1496,22,229,28,284,21,211
1497,23,235,28,284,20,207
1498,23,236,28,283,19,193
1499,22,221,28,285,21,210
1500,23,232,29,290,22,224
1501,23,238,27,277,22,224
1502,21,219,27,274,21,213
1503,22,228,29,291,20,207
1504,23,232,29,295,19,195
1505,21,214,29,295,20,205
1506,23,238,29,293,20,206
1507,24,240,29,292,20,207
1508,21,214,27,279,19,198
1509,21,215,27,273,20,208
1510,22,228,27,273,20,207
1511,22,226,27,279,19,199
1512,22,223,28,280,20,205
1513,23,235,29,290,20,201
1514,22,221,27,277,19,192
1515,22,222,29,293,20,205
1516,22,226,27,279,19,198
1517,20,204,27,278,21,212
1518,22,225,26,266,20,202
1519,20,207,28,282,20,205
1520,22,221,25,259,20,207
1521,22,226,26,266,21,217
1522,21,212,27,272,20,205
1523,21,212,29,291,21,212
1524,23,231,29,294,22,221
1525,22,222,28,285,20,209
1526,22,225,29,295,21,212
1527,21,212,29,295,21,213
1528,21,217,28,286,21,210
1529,21,218,27,275,20,207
1530,22,228,27,274,19,199
1531,21,216,27,272,20,202
1532,22,224,27,273,21,211
1533,21,217,28,282,20,200
1534,21,218,27,272,20,201
1535,22,227,27,273,20,202
1536,21,218,28,281,20,206
1537,21,212,29,292,22,223
1538,21,216,29,297,21,217
1539,21,219,28,287,23,237
1540,23,232,29,295,22,223
1541,21,219,27,272,22,223
1542,21,216,27,270,22,225
1543,23,234,26,269,22,221
1544,23,237,27,272,21,212
1545,24,240,26,262,22,224
1546,24,241,26,266,22,227
1547,22,227,26,268,21,218
1548,23,235,27,279,20,209
1549,22,226,27,275,23,233
1550,23,233,28,281,20,201
1551,23,237,26,268,21,212
1552,23,237,26,267,22,224
1553,25,250,26,266,21,210
1554,23,236,25,255,21,212
1555,23,237,26,262,22,223
1556,24,248,25,259,22,220
1557,23,238,26,262,20,207
1558,24,248,26,263,22,229
1559,23,233,26,267,23,239
1560,22,229,24,243,22,227
1561,23,235,25,257,21,217
1562,22,226,25,256,22,227
1563,21,216,26,261,20,208
1564,22,221,25,256,21,214
1565,21,215,25,254,19,198
1566,22,226,24,245,19,194
1567,21,219,25,252,19,195
1568,22,225,24,241,18,187
1569,21,215,24,242,18,186
1570,21,216,25,253,19,191
1571,23,230,24,246,20,207
1572,22,226,24,248,21,216
1573,21,219,24,242,21,212
1574,22,224,26,260,18,184
1575,21,217,26,261,19,197
1576,22,224,26,264,20,203
1577,21,219,27,277,21,212
1578,23,231,27,273,22,221
1579,22,226,26,260,22,226
1580,22,220,26,260,20,208
1581,23,236,27,270,22,226
1582,23,231,26,264,22,220
1583,24,240,26,264,20,205
1584,21,217,27,274,21,215
1585,23,239,26,262,20,206
1586,23,231,24,247,19,195
1587,23,233,23,237,19,196
1588,23,230,25,250,19,198
1589,24,241,25,257,19,195
1590,22,222,27,272,20,200
1591,22,228,26,267,19,197
1592,22,224,27,274,18,185
1593,22,225,25,259,19,196
1594,22,224,25,258,19,193
1595,22,223,27,279,19,198
1596,24,241,26,265,21,216
1597,23,237,26,260,21,214
1598,22,226,26,269,20,205
1599,23,231,24,247,21,210
1600,23,231,25,259,22,227
1601,24,245,26,267,20,205
1602,22,228,25,258,21,217
1603,23,236,25,254,21,214
1604,22,228,26,268,22,225
1605,22,225,25,258,21,213
1606,24,242,26,268,20,208
1607,23,230,27,273,20,202
1608,24,244,25,255,19,196
1609,22,228,27,274,20,206
1610,23,232,26,263,20,208
1611,22,225,27,275,19,193
1612,23,238,25,259,21,214
1613,24,240,26,261,21,210
1614,22,228,25,258,20,201
1615,23,233,24,249,20,209
1616,22,226,25,254,21,217
1617,23,234,25,251,21,218
1618,23,232,25,256,22,227
1619,24,243,27,271,22,223
1620,24,249,26,267,21,219
1621,23,236,25,256,20,208
1622,23,232,27,274,21,214
1623,23,236,27,273,21,213
1624,23,232,27,272,21,212
1625,23,236,27,271,23,236
1626,22,222,26,267,21,217
1627,24,240,27,271,22,225
1628,23,233,27,276,21,214
1629,22,221,26,266,22,225
1630,24,241,27,270,22,226
1631,23,231,27,279,23,233
1632,23,235,27,270,23,232
1633,24,241,27,277,23,233
1634,24,240,27,272,21,219
1635,22,229,27,275,23,230
1636,23,233,28,282,21,219
1637,24,240,27,276,23,235
1638,22,229,28,281,22,225
1639,23,233,27,276,22,228
1640,23,233,29,293,22,228
1641,23,231,28,281,23,232
1642,24,244,29,295,23,234
1643,24,240,28,289,22,221
1644,24,244,27,277,23,236
1645,25,250,27,279,22,224
1646,24,247,29,296,21,215
1647,25,256,28,284,22,227
1648,25,252,28,280,23,231
1649,24,244,29,293,23,231
1650,25,256,29,298,23,231
1651,24,245,29,294,23,233
1652,25,252,29,296,23,237
1653,26,260,30,300,23,232
1654,25,250,28,287,23,235
1655,23,235,27,271,23,237
1656,23,237,29,291,23,230
1657,24,243,27,273,22,225
1658,23,238,27,272,22,222
1659,23,236,26,266,21,219
1660,23,237,26,262,21,219
1661,21,214,25,258,21,216
1662,22,221,26,260,22,220
1663,22,227,26,268,21,210
1664,22,220,27,279,21,216
1665,23,235,26,264,21,218
1666,23,234,25,257,21,210
1667,23,232,26,260,21,215
1668,21,216,26,263,20,207
1669,22,222,25,251,19,199
1670,22,221,26,265,21,210
1671,21,219,27,273,21,217
1672,23,233,27,274,21,213
1673,21,216,27,271,21,210
1674,23,231,26,260,20,206
1675,23,235,25,256,20,206
1676,22,225,24,249,22,220
1677,22,225,26,268,21,211
1678,23,231,25,259,21,216
1679,22,223,27,271,20,205
1680,22,224,28,282,22,224
1681,23,233,28,284,23,234
1682,22,226,27,278,22,229
1683,23,235,29,294,22,227
1684,21,213,28,285,21,219
1685,24,241,28,289,24,242
1686,24,243,28,287,23,237
1687,24,246,28,282,25,251
1688,24,246,28,289,22,228
1689,24,243,27,276,25,252
1690,24,240,27,278,24,242
1691,23,237,27,278,25,250
1692,25,253,27,274,23,239
1693,23,230,27,277,23,239
1694,23,237,27,278,24,241
1695,24,244,28,280,23,239
1696,24,240,28,282,23,233
1697,25,256,28,280,23,235
1698,24,243,27,277,24,243
1699,24,247,27,275,23,234
1700,23,238,26,267,22,229
1701,23,239,27,277,22,226
1702,23,236,25,259,23,233
1703,25,251,27,272,23,234
1704,24,243,27,276,24,247
1705,24,243,26,268,24,244
1706,25,258,27,275,23,239
1707,23,233,28,288,24,240
1708,22,226,28,281,23,231
1709,22,227,28,285,24,248
1710,22,226,28,285,23,232
1711,23,239,27,275,22,227
1712,23,233,27,275,22,226
1713,21,218,27,279,23,231
1714,21,219,28,280,22,226
1715,21,219,27,274,23,232
1716,23,230,26,267,22,229
1717,23,233,27,272,22,227
1718,22,226,26,269,21,212
1719,22,229,26,266,21,218
1720,21,212,25,255,22,225
1721,21,219,27,270,22,222
1722,21,217,25,255,22,227
1723,21,216,25,254,22,221
1724,22,228,26,269,23,233
1725,21,213,27,275,23,231
1726,22,229,25,259,22,226
1727,23,236,25,258,21,218
1728,23,230,25,258,20,208
1729,22,226,27,273,22,222
1730,23,230,27,276,23,237
1731,22,229,27,276,22,228
1732,24,242,27,275,24,241
1733,23,232,27,279,23,238
1734,22,229,27,278,23,237
1735,22,226,26,265,22,228
1736,23,232,26,261,23,230
1737,23,235,27,271,23,235
1738,24,249,27,279,23,233
1739,24,243,28,284,23,237
1740,23,233,27,271,22,229
1741,23,230,28,283,24,243
1742,23,232,28,284,23,231
1743,23,232,27,272,22,228
1744,20,209,27,273,22,225
1745,22,227,27,273,23,233
1746,20,203,28,284,23,232
1747,20,207,28,285,22,228
1748,20,209,27,278,22,223
1749,21,218,27,272,22,226
1750,22,223,27,275,22,228
1751,20,209,26,264,21,217
1752,22,223,26,264,22,228
1753,21,212,27,271,23,234
1754,21,215,25,254,20,207
1755,21,211,26,269,21,218
1756,22,223,28,288,22,221
1757,23,230,27,276,22,220
1758,22,228,29,290,21,217
1759,22,227,28,287,24,242
1760,22,229,28,284,22,227
1761,23,234,28,287,23,236
1762,22,228,29,291,24,242
1763,23,235,27,278,23,239
1764,24,241,27,279,24,247
1765,23,237,27,275,24,241
1766,22,229,28,288,23,237
1767,23,236,27,277,22,229
1768,23,234,28,283,23,238
1769,24,244,27,277,24,243
1770,22,229,27,277,23,236
1771,21,217,27,272,24,241
1772,23,231,27,279,24,242
1773,22,220,27,276,23,238
1774,22,224,28,287,22,221
1775,22,227,29,291,21,219
1776,20,205,27,277,22,223
1777,22,222,28,284,20,208
1778,21,211,28,287,20,209
1779,20,204,30,301,21,213
1780,20,206,30,300,20,208
1781,20,200,29,291,20,206
1782,21,216,27,273,19,195
1783,21,219,27,278,21,214
1784,22,228,27,277,21,219
1785,21,215,27,275,22,226
1786,21,219,27,271,22,224
1787,22,228,28,280,21,216
1788,22,229,27,278,21,217
1789,22,229,27,277,21,214
1790,22,221,27,277,21,212
1791,23,235,28,288,21,218
1792,23,231,28,285,22,228
1793,22,228,29,292,22,222
1794,23,234,28,281,22,222
1795,22,220,29,298,19,199
1796,22,222,30,303,21,218
1797,21,214,31,310,21,213
1798,21,217,30,302,21,217
1799,21,216,31,316,21,214
1800,23,230,29,297,22,225
1801,22,220,30,302,21,216
1802,21,219,31,312,20,204
1803,23,230,30,308,20,207
1804,22,226,28,288,21,216
1805,23,233,29,299,20,206
1806,22,229,28,285,22,224
1807,24,241,29,295,21,216
1808,21,217,31,311,21,212
1809,23,235,32,320,21,219
1810,23,230,29,295,21,217
1811,22,224,30,300,22,224
1812,22,226,29,292,22,221
1813,23,232,27,276,22,223
1814,20,207,28,284,20,208
1815,21,210,28,281,21,215
1816,21,218,27,270,22,228
1817,21,212,27,272,21,214
1818,20,205,26,262,22,224
1819,20,201,26,263,22,229
1820,21,217,25,250,22,223
1821,21,219,25,250,23,237
1822,22,225,26,265,22,221
1823,22,228,25,252,22,228
1824,23,235,27,274,23,234
1825,22,221,25,252,23,233
1826,22,228,27,270,23,235
1827,22,228,27,274,22,225
1828,23,230,29,294,23,232
1829,22,223,27,270,23,230
1830,21,213,28,288,22,227
1831,21,210,27,278,22,224
1832,21,210,26,269,22,221
1833,22,220,28,284,21,215
1834,21,219,26,265,20,206
1835,22,227,27,279,21,217
1836,23,231,27,276,19,198
1837,22,220,27,275,22,221
1838,22,220,27,278,22,224
1839,22,223,27,278,21,218
1840,23,232,27,277,21,217
1841,21,212,26,264,23,236
1842,23,233,27,273,21,217
1843,23,230,27,271,21,217
1844,22,224,26,268,22,226
1845,21,218,25,254,21,219
1846,21,219,24,246,19,198
1847,20,208,26,264,19,198
1848,21,214,25,252,20,208
1849,20,206,26,266,20,203
1850,19,191,25,256,21,211
1851,21,211,26,266,20,206
1852,21,215,25,255,21,210
1853,21,216,26,262,20,209
1854,21,216,27,273,21,218
1855,20,208,25,258,23,233
1856,22,222,26,269,21,218
1857,22,226,26,262,20,204
1858,21,212,26,264,21,217
1859,23,230,25,259,21,219
1860,24,247,26,267,22,228
1861,21,213,26,268,21,215
1862,22,229,27,276,20,209
1863,22,222,25,250,21,219
1864,23,231,26,262,21,215
1865,21,215,26,266,22,227
1866,20,207,25,258,20,202
1867,23,233,26,265,22,222
1868,23,233,26,265,21,218
1869,21,217,26,264,20,208
1870,21,218,26,262,21,216
1871,21,212,25,258,21,218
1872,21,212,25,259,21,212
1873,21,217,26,264,21,211
1874,21,216,25,254,21,210
1875,21,217,25,254,22,222
1876,20,207,23,237,20,207
1877,21,213,24,249,21,219
1878,21,218,25,250,20,206
1879,21,217,26,261,21,218
1880,21,212,25,258,20,208
1881,20,208,25,258,19,199
1882,21,214,26,268,20,208
1883,22,227,26,265,21,215
1884,21,218,27,276,21,211
1885,22,222,26,263,21,217
1886,23,233,25,253,21,214
1887,21,219,25,257,21,214
1888,22,222,25,255,21,210
1889,22,223,24,249,22,223
1890,21,212,26,262,21,210
1891,21,211,28,283,22,222
1892,20,200,26,268,20,208
1893,21,210,27,276,20,209
1894,21,211,28,283,21,218
1895,21,211,28,281,21,219
1896,23,231,28,281,21,217
1897,22,221,29,293,21,212
1898,21,217,29,294,21,213
1899,22,225,28,289,21,218
1900,22,223,28,283,20,209
1901,22,229,28,281,22,220
1902,22,221,26,264,21,215
1903,21,217,27,278,18,189
1904,22,220,26,261,19,194
1905,22,227,26,268,20,207
1906,23,237,26,265,20,200
1907,22,227,25,250,19,194
1908,23,232,25,252,20,209
1909,22,229,25,254,19,198
1910,22,223,26,263,21,216
1911,21,214,25,257,20,207
1912,22,228,26,260,20,204
1913,21,217,25,253,20,204
1914,22,220,24,246,20,204
1915,22,222,23,236,18,188
1916,22,229,23,237,18,189
1917,22,222,24,245,19,195
1918,22,225,25,251,20,204
1919,21,218,25,253,20,201
1920,22,223,25,254,20,200
1921,21,215,24,246,20,201
1922,21,215,25,258,20,205
1923,21,214,24,248,20,202
1924,21,214,25,254,19,199
1925,21,215,26,264,22,222
1926,21,211,25,253,19,194
1927,21,216,26,266,21,217
1928,22,223,26,267,21,214
1929,20,205,26,268,22,225
1930,22,223,27,274,21,211
1931,21,216,27,273,21,216
1932,20,205,26,264,21,219
1933,21,217,27,270,22,226
1934,21,213,26,264,22,221
1935,22,226,26,267,22,228
1936,23,230,28,285,22,225
1937,23,239,28,281,23,230
1938,23,236,28,282,23,230
1939,22,221,28,285,21,218
1940,22,227,28,282,23,231
1941,21,217,27,276,21,214
1942,23,238,27,275,21,216
1943,23,233,28,288,20,206
1944,23,233,28,288,22,222
1945,24,241,27,279,20,209
1946,22,229,28,281,21,211
1947,24,240,27,270,20,202
1948,23,238,27,276,21,210
1949,24,241,26,266,20,204
1950,24,240,27,270,19,194
1951,23,233,27,276,19,192
1952,24,242,26,267,20,201
1953,23,235,26,262,21,210
1954,23,232,27,277,20,209
1955,21,217,26,261,21,213
1956,23,232,25,258,21,210
1957,23,231,27,277,20,206
1958,22,229,26,260,21,219
1959,22,221,26,261,21,218
1960,23,232,25,255,22,222
1961,24,240,25,254,23,232
1962,22,224,23,233,22,229
1963,22,228,26,265,23,235
1964,22,229,26,262,22,220
1965,23,236,26,262,22,221
1966,23,237,26,260,23,236
1967,24,242,25,257,22,220
1968,22,229,23,235,23,235
1969,24,243,24,249,23,234
1970,23,237,24,241,21,218
1971,23,232,25,255,22,222
1972,23,236,25,254,21,214
1973,23,237,24,247,22,221
1974,23,237,25,253,21,217
1975,22,228,24,243,20,204
1976,24,240,25,252,20,204
1977,24,241,24,248,22,229
1978,24,241,24,245,21,213
1979,24,240,26,265,21,218
1980,23,234,25,258,20,206
1981,25,255,26,265,22,223
1982,24,240,25,254,22,226
1983,25,250,26,268,21,218
1984,24,249,24,249,21,218
1985,24,241,26,267,21,216
1986,25,255,26,261,21,210
1987,23,238,26,268,20,206
1988,23,238,26,267,22,221
1989,24,241,25,250,21,218
1990,23,231,24,245,22,222
1991,23,235,25,257,22,229
1992,23,237,25,254,22,225
1993,23,235,25,258,23,233
1994,21,218,26,262,22,226
1995,24,243,25,256,22,225
1996,23,232,26,265,22,224
1997,23,238,25,257,21,211
1998,23,231,26,260,22,222
1999,25,254,26,268,23,234
2000,23,238,25,257,22,223
2001,23,235,25,258,22,222
2002,23,235,25,255,22,228
2003,22,228,26,262,22,223
2004,22,223,27,270,22,225
2005,23,238,25,252,22,221
2006,23,233,23,239,22,228
2007,23,238,26,266,21,213
2008,22,229,26,263,23,232
2009,23,238,26,261,22,226
2010,23,233,25,259,22,227
2011,23,230,26,268,22,229
2012,22,222,26,269,23,232
2013,23,237,25,258,22,222
2014,24,242,26,262,22,228
2015,24,242,26,266,23,236
2016,24,240,25,254,23,231
2017,24,243,26,265,22,222
2018,22,226,24,245,23,230
2019,23,231,25,253,20,206
2020,23,230,24,247,23,236
2021,23,238,22,227,21,210
2022,23,238,24,242,21,212
2023,23,230,24,245,21,218
2024,24,241,25,252,22,229
2025,22,229,24,249,21,217
2026,22,225,25,254,22,227
2027,22,224,24,240,23,232
2028,22,222,23,236,23,231
2029,22,227,25,250,24,244
2030,23,232,24,243,23,236
2031,23,234,25,254,23,234
2032,23,236,25,255,24,243
2033,23,235,24,249,24,248
2034,23,233,23,236,23,232
2035,21,217,25,255,24,249
2036,22,224,25,254,24,244
2037,23,234,26,267,23,236
2038,22,228,25,259,24,246
2039,24,242,26,260,25,252
2040,22,226,25,256,24,240
2041,23,239,27,275,25,251
2042,24,247,26,266,25,257
2043,24,240,27,278,25,255
2044,23,234,27,279,24,241
2045,21,218,27,276,24,241
2046,22,221,27,279,25,255
2047,22,225,27,276,23,232
2048,21,218,26,268,23,239
2049,21,216,27,276,23,236
2050,22,228,27,273,23,238
2051,21,215,27,278,22,227
2052,21,213,26,263,22,221
2053,22,220,26,269,22,225
2054,21,211,25,259,22,221
2055,20,209,27,274,23,230
2056,22,223,27,272,21,215
2057,21,211,27,274,22,227
2058,21,216,27,274,24,245
2059,21,217,25,258,23,230
2060,21,213,25,259,23,238
2061,21,219,26,262,23,234
2062,22,229,25,257,23,237
2063,22,229,24,249,25,254
2064,20,207,24,245,23,230
2065,21,218,23,237,23,235
2066,22,225,24,249,24,244
2067,22,226,24,247,23,238
2068,22,223,25,251,23,238
2069,22,225,24,246,23,230
2070,21,218,24,244,24,244
2071,20,208,24,248,24,244
2072,22,229,25,253,23,233
2073,20,207,25,250,23,233
2074,20,209,24,245,24,242
2075,21,213,25,251,23,232
2076,21,217,26,261,24,241
2077,22,220,25,259,23,233
2078,22,220,26,265,23,236
2079,22,222,24,246,23,237
2080,22,221,26,262,24,243
2081,22,229,25,254,24,247
2082,23,232,25,254,24,242
2083,22,226,25,256,24,241
2084,22,226,26,267,24,245
2085,22,225,26,269,26,260
2086,23,239,27,274,23,234
2087,23,233,25,255,25,253
2088,24,242,26,268,24,240
2089,23,233,26,266,23,238
2090,23,233,26,262,24,241
2091,24,240,26,268,24,244
2092,24,248,27,270,24,244
2093,24,246,27,274,23,233
2094,24,246,26,268,22,222
2095,23,238,26,267,22,229
2096,25,251,28,286,25,250
2097,25,259,27,276,23,233
2098,24,247,27,270,25,251
2099,23,234,27,273,25,253
2100,23,239,26,264,25,252
2101,25,250,26,260,24,242
2102,23,238,26,267,23,235
2103,24,245,25,257,24,240
2104,24,241,24,244,25,258
2105,25,258,25,250,26,263
2106,25,257,24,241,25,252
2107,24,241,24,246,24,241
2108,24,247,27,273,24,247
2109,24,243,25,254,25,250
2110,23,239,27,276,23,231
2111,26,263,26,261,24,247
2112,25,259,25,256,24,247
2113,24,246,26,261,24,244
2114,23,239,27,272,23,232
2115,25,253,27,275,22,225
2116,24,248,27,271,22,223
2117,25,257,27,271,23,238
2118,24,241,25,256,23,239
2119,24,244,27,273,24,242
2120,22,227,25,253,22,228
2121,25,250,27,273,23,238
2122,24,241,26,267,24,243
2123,23,230,26,262,23,234
2124,22,224,26,260,23,232
2125,22,226,24,248,23,234
2126,22,229,25,250,22,225
2127,22,228,26,261,22,228
2128,23,234,24,248,22,227
2129,23,238,24,248,23,231
2130,24,244,24,242,21,218
2131,24,247,24,245,23,234
2132,23,231,24,243,23,233
2133,23,233,25,256,22,225
2134,24,244,24,247,22,223
2135,22,226,25,256,22,226
2136,21,218,26,264,22,224
2137,23,232,25,258,22,223
2138,21,219,25,250,21,217
2139,22,228,23,239,21,212
2140,22,228,23,237,20,207
2141,22,222,25,251,20,208
2142,23,235,24,240,20,208
2143,22,227,26,261,20,203
2144,23,232,24,241,21,211
2145,22,222,24,244,20,209
2146,23,233,25,256,21,217
2147,22,225,25,254,22,224
2148,22,227,26,268,22,228
2149,21,218,25,252,22,228
2150,23,238,27,270,22,226
2151,24,247,25,252,23,231
2152,23,234,26,262,22,223
2153,22,221,25,258,22,226
2154,24,245,25,259,20,208
2155,24,247,26,263,21,217
2156,23,235,25,257,23,230
2157,25,257,27,276,23,236
2158,23,236,25,257,23,236
2159,26,262,26,261,23,230
2160,27,272,26,263,23,232
2161,25,253,26,266,24,240
2162,25,252,26,266,23,233
2163,26,265,25,255,23,238
2164,23,238,26,265,22,223
2165,24,247,26,266,22,228
2166,24,241,27,271,24,244
2167,25,252,25,257,24,243
2168,25,253,27,276,22,226
2169,25,253,26,263,23,233
2170,24,242,27,270,21,217
2171,24,244,27,278,21,215
2172,23,237,26,269,22,220
2173,24,241,27,275,20,205
2174,24,249,25,259,21,218
2175,24,247,26,268,23,231
2176,24,249,26,268,23,234
2177,24,249,27,277,21,219
2178,24,246,26,263,21,214
2179,24,243,27,271,22,227
2180,26,261,27,276,24,245
2181,24,245,26,266,21,210
2182,24,241,28,281,23,231
2183,24,246,28,281,21,210
2184,22,228,28,281,21,219
2185,24,246,28,283,21,212
2186,25,250,27,271,22,220
2187,24,241,28,281,21,217
2188,24,247,27,271,22,220
2189,23,239,26,264,21,213
2190,24,246,27,271,21,217
2191,23,237,27,273,22,220
2192,23,238,26,266,22,224
2193,22,229,26,265,22,227
2194,23,237,27,273,22,225
2195,25,253,27,270,23,231
2196,25,257,26,268,22,227
2197,24,240,25,258,20,207
2198,26,262,27,272,22,224
2199,24,248,28,283,22,222
2200,24,245,25,258,20,200
2201,22,229,27,271,21,217
2202,24,248,27,272,22,222
2203,25,254,29,290,22,225
2204,25,253,28,287,21,216
2205,26,264,27,273,22,220
2206,23,239,28,287,20,207
2207,22,225,26,267,21,215
2208,24,242,26,260,20,209
2209,25,255,26,267,22,224
2210,25,259,26,264,22,226
2211,24,248,26,265,23,236
2212,25,250,26,268,21,218
2213,25,252,24,245,23,230
2214,24,246,24,245,22,220
2215,25,252,26,262,22,229
2216,23,230,26,262,22,220
2217,24,246,26,261,22,226
2218,24,241,26,263,21,216
2219,24,244,26,269,21,219
2220,25,251,27,271,21,214
2221,24,241,26,269,21,213
2222,25,251,23,239,22,220
2223,24,245,27,273,22,223
2224,24,246,27,274,23,239
2225,24,243,28,284,22,223
2226,23,236,26,268,22,228
2227,25,254,26,265,22,221
2228,24,247,26,261,21,217
2229,23,236,26,264,20,207
2230,24,240,25,253,22,220
2231,23,230,28,282,21,218
2232,22,225,27,270,21,212
2233,24,240,25,254,20,207
2234,23,236,25,251,20,202
2235,22,229,23,238,21,212
2236,24,241,22,229,20,208
2237,22,221,25,252,21,218
2238,24,240,24,248,21,215
2239,24,242,25,259,23,236
2240,25,253,26,260,24,242
2241,25,251,25,257,22,223
2242,26,262,26,267,23,237
2243,24,244,25,256,22,227
2244,26,260,27,277,25,252
2245,24,245,23,236,23,233
2246,24,247,25,253,22,225
2247,25,253,25,255,24,249
2248,24,244,26,263,24,244
2249,24,245,25,259,25,251
2250,24,248,25,253,25,253
2251,25,252,27,270,23,239
2252,23,239,26,267,24,246
2253,25,256,26,260,24,249
2254,24,243,26,261,24,240
2255,23,233,25,255,24,243
2256,23,236,25,251,24,243
2257,22,229,24,243,24,244
2258,23,237,25,255,24,243
2259,22,227,25,256,24,244
2260,22,228,24,242,24,246
2261,21,218,25,252,22,226
2262,23,233,25,258,22,228
2263,24,243,27,273,22,223
2264,24,240,26,265,22,229
2265,22,221,24,245,22,227
2266,21,215,24,244,22,222
2267,23,236,25,256,23,237
2268,21,215,25,250,23,234
2269,22,226,25,254,22,223
2270,22,228,26,261,23,234
2271,22,228,21,219,22,227
2272,21,217,24,249,22,223
2273,20,209,26,265,23,234
2274,21,217,25,259,22,223
2275,22,229,25,251,22,222
2276,23,235,25,253,22,226
2277,23,236,25,259,22,227
2278,21,214,25,250,23,237
2279,22,228,26,263,23,235
2280,23,236,26,261,24,243
2281,25,254,26,260,24,248
2282,23,233,27,277,22,224
2283,25,257,26,263,23,238
2284,23,239,27,270,22,223
2285,23,236,28,280,23,233
2286,24,240,26,260,22,220
2287,24,249,27,275,23,233
2288,24,242,25,253,22,220
2289,25,256,26,264,23,237
2290,24,248,26,260,24,242
2291,24,244,28,282,24,242
2292,24,246,28,280,22,229
2293,25,250,27,271,23,235
2294,23,230,26,265,23,231
2295,22,227,25,258,20,204
2296,22,228,26,269,21,219
2297,22,228,23,237,23,230
2298,22,221,23,239,21,213
2299,23,238,22,222,21,211
2300,22,225,23,235,19,198
2301,22,226,25,253,20,209
2302,22,222,24,242,21,211
2303,22,222,25,252,21,218
2304,23,237,25,257,21,213
2305,23,231,25,253,23,230
2306,22,222,26,260,21,217
2307,22,224,24,241,21,210
2308,24,244,25,253,23,231
2309,23,234,25,252,22,228
2310,22,226,25,250,22,225
2311,24,243,27,273,24,247
2312,25,256,25,257,25,254
2313,24,241,24,249,24,245
2314,25,257,25,252,23,233
2315,25,255,26,268,26,262
2316,26,268,26,264,24,248
2317,25,257,25,258,24,246
2318,25,252,26,262,25,252
2319,25,253,27,272,25,251
2320,26,264,27,278,24,246
2321,26,263,25,259,25,251
2322,24,241,26,265,24,241
2323,24,241,26,261,24,243
2324,25,257,27,270,24,246
2325,25,254,26,263,24,245
2326,23,239,26,267,23,238
2327,23,236,27,270,23,236
2328,22,225,28,283,23,230
2329,24,247,27,270,24,240
2330,24,248,28,280,23,231
2331,22,225,27,272,22,221
2332,20,208,26,268,20,206
2333,22,226,26,269,21,210
2334,21,211,26,264,19,199
2335,21,214,26,264,20,209
2336,21,210,27,276,21,219
2337,22,220,26,267,21,211
2338,21,212,26,266,18,188
2339,19,194,26,260,19,190
2340,20,208,27,270,20,202
2341,21,215,25,258,21,211
2342,20,208,26,263,20,203
2343,21,212,26,267,20,206
2344,20,206,26,264,20,201
2345,19,196,28,280,19,198
2346,22,224,27,275,19,198
2347,20,209,27,270,20,203
2348,19,199,28,281,19,192
2349,20,205,28,282,18,182
2350,20,202,29,290,19,193
2351,20,202,27,277,18,188
2352,21,218,27,274,21,215
2353,22,223,26,269,21,219
2354,22,224,24,249,21,215
2355,22,229,25,257,22,222
2356,23,236,26,262,22,228
2357,22,225,26,264,24,242
2358,22,229,24,244,23,232
2359,24,241,23,238,23,230
2360,22,227,23,238,22,222
2361,22,227,25,251,22,223
2362,23,236,26,262,22,229
2363,22,225,25,255,22,225
2364,23,234,25,258,21,217
2365,22,228,24,242,21,213
2366,22,225,24,249,21,211
2367,22,225,25,254,22,224
2368,22,223,25,252,21,211
2369,21,219,24,241,21,214
2370,22,225,25,259,20,208
2371,22,221,25,256,20,206
2372,21,212,24,244,22,226
2373,20,209,24,245,21,219
2374,22,225,25,250,22,227
2375,21,213,25,255,21,216
2376,22,221,24,246,21,215
2377,23,236,23,238,21,218
2378,22,229,24,243,23,238
2379,22,225,22,228,21,216
2380,21,217,24,243,21,212
2381,21,219,23,238,21,213
2382,21,215,24,241,21,210
2383,22,221,24,243,21,214
2384,22,221,24,246,21,214
2385,21,218,24,241,22,226
2386,23,232,24,242,21,212
2387,20,202,23,231,22,226
2388,20,209,24,246,22,223
2389,21,213,24,248,21,216
2390,21,211,25,255,21,217
2391,19,198,23,230,19,199
2392,20,201,25,253,20,204
2393,20,207,24,247,20,206
2394,20,205,24,248,20,200
2395,19,199,23,231,19,194
2396,19,199,24,242,19,196
2397,19,194,25,256,19,197
2398,19,191,24,249,18,185
2399,18,181,25,253,19,190
2400,18,184,25,254,17,177
2401,17,172,23,234,18,183
2402,18,186,23,234,18,181
2403,18,185,25,250,16,169
2404,19,192,25,253,19,196
2405,18,188,25,256,16,163
2406,18,182,26,266,16,162
2407,18,181,26,261,18,186
2408,18,186,23,234,16,165
2409,18,180,24,247,18,189
2410,16,165,24,247,17,176
2411,18,187,23,239,17,178
2412,18,187,25,258,17,173
2413,18,185,24,241,16,167
2414,19,192,25,250,15,158
2415,18,185,25,253,17,172
2416,19,197,24,248,18,187
2417,19,190,26,268,20,200
2418,18,183,25,251,19,193
2419,19,195,24,247,19,192
2420,20,206,25,255,19,191
2421,21,211,23,234,21,212
2422,21,213,25,255,21,211
2423,20,208,23,239,19,199
2424,22,223,26,263,20,209
2425,20,209,25,257,19,198
2426,21,210,27,274,19,196
2427,21,215,26,269,21,210
2428,21,211,26,260,20,205
2429,21,217,25,256,19,191
2430,20,200,25,250,18,187
2431,20,203,27,276,18,187
2432,20,207,26,268,19,190
2433,21,210,26,262,20,202
2434,20,204,26,269,18,189
2435,19,198,25,259,17,178
2436,20,203,25,257,20,201
2437,22,221,25,251,20,206
2438,20,201,24,246,19,190
2439,19,192,26,263,19,191
2440,20,204,25,253,21,213
2441,18,188,25,252,20,203
2442,21,211,25,250,21,213
2443,19,197,24,248,19,195
2444,19,197,25,250,20,205
2445,19,191,25,254,19,198
2446,19,191,25,257,20,209
2447,20,201,26,263,19,192
2448,18,180,25,253,18,187
2449,19,191,23,239,18,183
2450,20,204,25,259,18,184
2451,19,192,25,252,18,188
2452,20,202,23,234,19,197
2453,20,208,23,239,20,200
2454,21,214,25,250,20,208
2455,20,208,25,254,17,179
2456,21,210,27,270,19,196
2457,21,211,27,278,19,190
2458,21,211,27,276,19,192
2459,20,203,25,258,20,205
2460,21,210,26,264,19,193
2461,21,214,28,285,20,209
2462,21,219,29,292,21,213
2463,21,216,30,305,21,215
2464,21,217,29,297,20,207
2465,21,215,28,284,21,214
2466,22,225,29,291,22,229
2467,23,230,29,291,21,215
2468,22,226,29,299,21,213
2469,23,231,28,287,19,197
2470,20,208,28,287,20,208
2471,24,246,28,284,19,199
2472,23,233,28,288,20,203
2473,21,218,27,272,19,198
2474,23,234,27,270,20,201
2475,20,207,27,278,18,183
2476,21,217,27,271,22,220
2477,21,212,26,267,18,187
2478,20,206,27,277,18,181
2479,19,191,25,257,18,187
2480,21,215,26,260,20,206
2481,20,204,25,259,19,191
2482,20,208,26,266,19,190
2483,20,207,25,258,19,194
2484,21,215,27,270,19,193
2485,20,207,26,264,18,186
2486,20,202,27,273,17,172
2487,20,205,28,280,19,192
2488,19,192,27,279,19,193
2489,19,196,28,284,17,179
2490,19,194,27,274,18,186
2491,19,192,26,266,19,195
2492,18,184,26,268,18,187
2493,19,192,27,272,19,193
2494,19,198,26,269,19,192
2495,19,197,26,269,19,190
2496,21,216,27,273,19,196
2497,22,220,28,283,20,202
2498,21,214,27,273,20,203
2499,21,214,29,292,19,192
2500,22,223,27,271,20,208
2501,22,222,28,280,20,202
2502,22,221,27,274,20,205
2503,22,227,26,261,20,200
2504,23,235,26,269,18,187
2505,23,238,24,249,20,205
2506,22,228,26,262,22,224
2507,24,248,26,268,21,211
2508,23,236,28,284,22,221
2509,24,244,27,271,22,222
2510,22,226,25,259,21,214
2511,24,248,28,282,20,209
2512,25,254,29,292,21,214
2513,25,254,28,285,22,220
2514,25,251,28,282,21,211
2515,25,259,27,277,21,216
2516,25,256,28,283,22,227
2517,25,253,26,268,24,246
2518,24,247,27,277,22,227
2519,26,267,26,268,23,234
2520,25,250,27,275,21,219
2521,25,252,27,277,22,221
2522,24,247,28,283,20,207
2523,25,254,28,281,23,231
2524,25,253,28,288,23,235
2525,26,263,27,277,24,243
2526,26,261,30,301,23,235
2527,26,266,29,295,22,226
2528,28,280,28,284,22,223
2529,26,264,30,302,22,228
2530,26,263,29,292,21,217
2531,27,276,29,290,23,231
2532,26,260,29,291,22,225
2533,26,263,29,292,21,217
2534,26,269,27,273,21,213
2535,27,272,29,290,22,225
2536,26,268,30,301,22,225
2537,26,262,29,292,24,241
2538,27,275,29,293,23,235
2539,26,260,29,299,24,242
2540,26,268,30,300,22,221
2541,27,271,29,290,24,243
2542,25,257,28,284,23,234
2543,25,256,29,299,22,224
2544,26,263,29,293,22,228
2545,26,260,27,276,25,258
2546,25,256,29,294,24,248
2547,26,263,26,268,23,233
2548,26,263,26,264,23,230
2549,26,267,26,267,23,230
2550,23,232,27,279,21,219
2551,25,250,28,281,21,216
2552,25,257,26,263,20,203
2553,24,248,26,264,20,202
2554,25,257,26,264,19,190
2555,24,241,24,249,16,169
2556,24,244,25,255,17,176
2557,23,234,24,248,18,180
2558,24,244,25,254,17,179
2559,25,250,24,249,17,175
2560,23,239,25,253,16,169
2561,22,226,27,272,16,163
2562,23,231,28,287,15,158
2563,22,221,28,280,15,154
2564,23,233,27,279,15,150
2565,23,235,26,267,15,151
2566,24,244,26,263,17,170
2567,24,242,27,270,15,152
2568,24,242,28,281,15,156
2569,23,234,26,260,16,162
2570,23,230,26,267,15,150
2571,24,241,26,262,15,158
2572,23,231,26,263,16,160
2573,24,242,27,271,15,155
2574,23,235,26,264,15,151
2575,23,231,26,263,16,163
2576,23,232,26,260,16,160
2577,22,223,26,265,17,172
2578,23,233,24,248,15,159
2579,22,226,27,270,15,152
2580,23,234,26,265,15,159
2581,24,248,25,257,15,150
2582,24,247,26,264,14,148
2583,24,245,27,277,16,168
2584,24,240,26,265,14,145
2585,26,265,27,276,17,172
2586,25,254,28,280,17,175
2587,25,253,27,277,18,189
2588,26,263,29,291,19,192
2589,25,258,28,288,18,186
2590,25,253,27,277,18,184
2591,25,255,28,280,19,194
2592,26,260,28,284,18,183
2593,25,257,27,270,18,182
2594,25,251,27,270,19,191
2595,26,262,26,263,17,179
2596,25,258,27,273,18,183
2597,26,268,26,266,17,178
2598,26,263,26,267,18,189
2599,25,254,27,279,17,179
2600,24,247,28,281,18,187
2601,23,237,27,278,18,187
2602,25,255,28,284,18,184
2603,25,250,28,284,18,187
2604,25,256,27,276,17,178
2605,25,252,27,279,18,184
2606,24,245,27,270,18,183
2607,25,254,27,278,19,195
2608,24,240,27,279,18,182
2609,23,234,29,297,18,189
2610,24,249,28,286,17,179
2611,25,253,28,285,17,177
2612,25,252,28,280,19,193
2613,25,256,29,290,18,186
2614,26,263,28,283,19,190
2615,26,263,29,294,19,194
2616,26,261,28,289,19,199
2617,27,270,29,294,20,203
2618,24,244,26,263,19,199
2619,24,240,27,270,19,198
2620,24,245,27,278,19,192
2621,25,257,29,299,19,195
2622,25,255,28,281,20,200
2623,25,254,28,284,21,213
2624,25,254,28,287,20,201
2625,26,264,27,278,19,197
2626,23,239,27,273,19,195
2627,24,247,27,279,19,194
2628,24,240,27,270,18,189
2629,25,251,28,284,21,218
2630,25,256,27,279,21,210
2631,26,264,27,278,21,211
2632,26,263,29,295,22,223
2633,25,256,28,286,21,218
2634,25,254,27,276,22,228
2635,25,252,26,267,21,218
2636,25,254,26,264,20,209
2637,24,246,26,269,21,217
2638,23,238,26,262,22,223
2639,25,254,29,292,21,214
2640,24,246,28,280,21,215
2641,24,248,27,279,21,212
2642,25,256,27,272,21,216
2643,24,248,29,290,23,236
2644,26,260,29,293,22,228
2645,26,264,29,294,22,220
2646,28,284,29,290,22,220
2647,27,275,27,277,20,208
2648,26,268,29,293,22,225
2649,26,262,29,291,21,215
2650,26,266,29,296,20,201
2651,25,257,28,281,21,219
2652,25,255,29,296,21,215
2653,26,261,28,287,21,213
2654,25,257,28,280,21,219
2655,26,261,28,286,23,230
2656,27,270,27,279,23,235
2657,26,260,28,280,21,218
2658,27,273,27,272,23,231
2659,27,270,27,270,23,239
2660,26,266,28,281,23,237
2661,26,269,28,281,23,236
2662,27,275,28,287,22,229
2663,26,265,28,285,24,241
2664,27,272,29,298,24,246
2665,26,268,28,284,24,241
2666,26,263,29,295,24,245
2667,26,261,29,291,24,243
2668,25,259,29,292,25,253
2669,27,273,28,287,23,238
2670,27,272,28,286,23,239
2671,27,273,28,287,22,228
2672,27,273,30,301,24,244
2673,26,267,29,292,23,237
2674,27,278,29,297,24,243
2675,26,263,29,291,25,254
2676,26,265,30,303,24,240
2677,26,263,29,298,24,245
2678,27,273,28,284,24,248
2679,25,259,27,279,24,246
2680,26,266,28,289,23,234
2681,26,260,28,286,23,233
2682,26,260,28,284,23,232
2683,26,264,28,288,21,217
2684,25,257,27,275,23,238
2685,26,264,29,291,24,242
2686,24,243,30,303,22,226
2687,27,279,29,294,24,245
2688,25,252,30,303,22,226
2689,24,244,28,287,23,232
2690,25,254,29,295,21,217
2691,24,248,29,298,23,239
2692,25,257,29,297,24,243
2693,25,257,29,298,23,239
2694,25,255,28,280,23,233
2695,25,253,29,290,23,236
2696,25,253,28,287,22,225
2697,24,248,27,273,22,227
2698,26,261,28,285,23,232
2699,25,257,28,284,23,236
2700,24,244,28,289,23,235
2701,25,251,28,287,23,234
2702,24,249,28,284,22,226
2703,24,240,29,293,22,224
2704,25,250,27,279,23,239
2705,24,247,26,268,24,241
2706,25,258,27,271,23,231
2707,25,254,28,283,24,243
2708,25,256,28,284,24,247
2709,25,259,28,284,23,234
2710,25,257,29,296,23,236
2711,25,254,28,286,25,252
2712,25,256,27,273,24,248
2713,26,267,27,278,24,247
2714,26,266,28,282,25,254
2715,26,265,28,281,24,249
2716,26,262,27,276,24,241
2717,27,273,27,279,23,236
2718,25,253,27,272,24,242
2719,26,264,28,280,24,240
2720,25,259,27,278,24,247
2721,25,258,27,276,24,247
2722,25,252,28,283,22,227
2723,25,251,27,275,24,246
2724,25,252,27,278,24,244
2725,26,263,28,281,24,244
2726,26,266,28,288,23,238
2727,26,266,27,272,21,217
2728,26,260,28,285,24,241
2729,25,252,29,296,22,224
2730,25,253,29,290,23,237
2731,26,262,29,293,23,236
2732,25,259,28,286,22,226
2733,24,246,29,296,23,236
2734,26,262,32,320,24,242
2735,25,259,31,318,22,227
2736,23,237,31,316,23,236
2737,24,243,31,316,23,234
2738,24,240,31,313,22,222
2739,26,268,30,305,24,244
2740,26,263,29,299,22,229
2741,25,252,29,299,23,234
2742,24,241,29,299,23,232
2743,24,246,29,297,21,214
2744,25,251,30,304,23,235
2745,24,243,31,312,21,219
2746,24,247,31,311,21,213
2747,25,255,30,308,21,219
2748,25,251,30,304,23,230
2749,23,239,29,294,22,225
2750,25,252,29,298,23,239
2751,25,250,31,310,22,229
2752,24,242,29,290,21,216
2753,23,231,28,286,22,225
2754,23,239,28,289,22,228
2755,24,240,27,273,21,219
2756,23,239,29,295,23,239
2757,24,245,29,294,23,239
2758,24,240,28,285,23,237
2759,24,248,27,279,24,243
2760,24,241,28,287,22,229
2761,24,248,28,285,23,236
2762,25,254,28,288,23,238
2763,24,249,28,283,23,235
2764,25,259,28,286,23,237
2765,24,240,27,279,22,225
2766,22,225,29,295,23,234
2767,24,242,27,277,24,244
2768,24,242,29,290,23,234
2769,26,265,28,287,24,242
2770,24,247,26,268,23,239
2771,25,257,29,294,23,234
2772,25,250,28,287,24,244
2773,22,229,29,297,23,239
2774,25,251,30,303,25,256
2775,25,251,28,289,23,238
2776,24,247,29,292,22,224
2777,25,254,28,286,22,222
2778,24,249,30,302,24,241
2779,25,257,29,292,23,237
2780,25,254,30,303,22,229
2781,25,250,28,285,23,235
2782,25,255,28,289,22,225
2783,25,254,29,290,20,204
2784,25,251,28,283,23,236
2785,24,241,27,277,23,230
2786,25,253,28,282,21,213
2787,26,263,29,290,22,222
2788,25,253,27,279,21,213
2789,23,235,29,291,21,217
2790,23,237,27,278,22,227
2791,24,244,27,276,20,202
2792,24,242,28,286,22,222
2793,24,247,27,276,21,217
2794,24,244,28,285,21,217
2795,22,225,26,268,20,208
2796,21,219,28,286,22,220
2797,21,212,28,280,21,215
2798,22,227,29,292,21,214
2799,22,225,28,280,21,215
2800,23,231,28,285,21,219
2801,24,240,27,271,20,203
2802,23,231,29,290,22,225
2803,23,237,28,286,22,227
2804,24,247,28,283,21,211
2805,25,250,27,279,22,220
2806,24,240,29,290,22,227
2807,24,245,28,283,22,223
2808,24,243,29,290,22,220
2809,24,240,29,292,21,211
2810,23,236,28,283,20,208
2811,24,244,29,292,22,226
2812,23,237,27,278,21,215
2813,23,239,27,278,22,222
2814,24,241,29,290,22,223
2815,23,239,28,282,22,225
2816,24,244,28,287,21,215
2817,25,251,28,283,21,219
2818,23,239,27,278,21,219
2819,23,230,28,282,21,216
2820,25,256,29,290,22,223
2821,24,243,28,289,21,219
2822,24,245,28,289,24,246
2823,22,227,27,277,23,238
2824,25,256,29,293,24,240
2825,23,235,28,288,23,230
2826,24,242,30,304,24,240
2827,23,239,29,290,23,237
2828,23,233,27,277,24,244
2829,23,236,27,278,23,231
2830,24,242,28,288,23,233
2831,23,235,28,288,23,230
2832,23,237,28,287,24,242
2833,23,235,29,291,22,229
2834,25,256,28,280,22,229
2835,25,252,29,298,22,221
2836,25,251,29,290,23,234
2837,25,256,28,289,23,237
2838,24,240,29,291,22,229
2839,24,249,29,292,23,236
2840,26,265,30,306,22,228
2841,25,250,29,292,22,229
2842,24,247,28,286,22,227
2843,25,250,28,284,24,242
2844,25,255,28,285,23,234
2845,24,241,27,279,22,226
2846,25,255,27,278,23,239
2847,24,247,27,277,23,237
2848,26,261,27,275,23,239
2849,25,253,27,276,22,229
2850,24,241,29,299,23,232
2851,24,248,28,286,22,223
2852,25,251,30,300,24,243
2853,23,238,30,302,23,231
2854,24,242,29,296,22,223
2855,24,248,30,301,22,227
2856,23,233,29,294,23,236
2857,24,248,30,301,24,241
2858,24,247,30,304,22,227
2859,24,243,29,297,22,229
2860,24,248,27,272,23,233
2861,24,248,27,277,20,209
2862,23,236,28,286,22,222
2863,24,246,29,297,22,225
2864,24,240,28,285,22,220
2865,25,251,29,293,22,223
2866,24,240,29,294,22,220
2867,24,244,27,279,22,221
2868,24,244,27,273,23,230
2869,22,229,26,268,21,211
2870,24,248,28,284,23,233
2871,25,250,29,298,21,219
2872,25,256,30,300,21,215
2873,24,242,29,297,23,233
2874,24,249,31,313,24,248
2875,26,260,29,298,23,238
2876,24,247,30,309,24,243
2877,25,251,28,288,23,236
2878,25,253,30,300,24,245
2879,25,255,29,292,22,222
2880,24,249,29,292,23,233
2881,25,250,30,304,23,233
2882,25,255,29,294,22,222
2883,23,238,28,288,22,228
2884,22,226,28,283,22,229
2885,23,235,28,280,22,226
2886,24,241,30,303,22,226
2887,23,238,29,294,22,220
2888,22,226,28,288,22,221
2889,23,231,27,279,20,209
2890,24,246,28,288,20,204
2891,23,238,27,277,20,209
2892,23,239,28,286,20,205
2893,24,241,29,295,21,210
2894,23,234,30,303,21,214
2895,21,219,28,284,19,192
2896,21,217,29,298,19,196
2897,22,221,30,303,18,187
2898,22,226,31,319,19,192
2899,24,241,30,309,19,195
2900,24,245,31,312,19,194
2901,23,232,30,308,19,195
2902,23,238,31,313,19,191
2903,23,233,30,308,17,175
2904,25,251,30,306,19,191
2905,23,238,30,300,17,177
2906,22,228,29,294,18,189
2907,23,239,29,299,18,180
2908,23,235,30,309,18,188
2909,24,249,30,301,19,195
2910,24,247,30,307,19,192
2911,24,248,29,298,20,207
2912,25,257,30,301,19,195
2913,24,246,29,299,20,204
2914,25,255,29,294,21,214
2915,25,256,28,284,21,219
2916,24,249,29,290,21,216
2917,26,261,28,287,23,236
2918,25,254,28,287,23,237
2919,24,240,27,270,22,225
2920,24,243,27,274,22,225
2921,23,237,28,289,22,228
2922,24,244,27,272,20,204
2923,23,235,30,305,21,213
2924,25,252,29,298,21,212
2925,25,253,30,305,23,236
2926,26,260,30,302,22,220
2927,24,242,27,276,23,231
2928,23,236,28,280,22,227
2929,23,239,26,260,22,224
2930,23,231,23,231,21,216
2931,20,207,22,221,21,216
2932,22,220,23,235,19,198
2933,21,216,24,240,20,207
2934,22,221,24,248,19,195
2935,22,223,25,256,18,182
2936,20,203,24,249,19,193
2937,21,215,25,257,20,204
2938,21,218,26,260,19,196
2939,21,219,27,275,20,207
2940,21,219,25,251,19,196
2941,22,225,25,258,21,211
2942,19,193,24,243,19,198
2943,19,196,26,262,22,220
2944,21,213,24,248,22,220
2945,21,211,25,255,21,214
2946,21,213,24,243,20,206
2947,20,205,25,256,19,192
2948,20,209,24,244,19,197
2949,21,213,24,246,20,207
2950,20,208,25,253,20,201
