/Users/lukas/PycharmProjects/Dissertation/experiments/exp_train/data/_1_SPRING.mov
/Users/lukas/PycharmProjects/Dissertation/experiments/exp_train/data/_2_SUMMER.mov
/Users/lukas/PycharmProjects/Dissertation/experiments/exp_train/data/_3_FALL.mov
/Users/lukas/PycharmProjects/Dissertation/experiments/exp_train/data/_4_WINTER.mov
mode: SIFT
video_frame,good_matches_1in0,all_matches_1in0,good_matches_2in0,all_matches_2in0,good_matches_3in0,all_matches_3in0
0,151,1326,116,1403,22,2316
1,134,1347,101,1415,20,2351
2,142,1339,114,1370,16,2231
3,130,1193,116,1326,18,2422
4,154,1278,111,1367,24,2331
5,136,1302,122,1370,20,2455
6,143,1248,119,1326,13,2203
7,150,1318,119,1268,25,2508
8,129,1332,104,1273,23,2380
9,139,1331,109,1263,27,2531
10,153,1289,108,1148,19,2367
11,129,1302,105,1192,18,2445
12,149,1276,119,1177,28,2520
13,135,1256,101,1130,27,2381
14,151,1215,122,1142,24,2631
15,132,1174,110,1108,23,2527
16,154,1177,115,1080,24,2660
17,130,1197,90,1035,18,2620
18,128,1184,86,1122,28,2600
19,117,1126,100,1089,24,2690
20,130,1109,96,1122,28,2609
21,120,1004,81,1083,21,2615
22,127,1076,97,1094,31,2781
23,138,1068,114,1083,28,2821
24,151,1052,86,1096,22,2783
25,126,1040,90,1110,25,2828
26,137,1063,96,1074,34,3016
27,135,1061,96,1044,28,2982
28,138,1088,89,1040,30,3206
29,124,1087,103,1073,36,3186
30,150,1105,101,1053,27,3268
31,144,1082,95,1026,26,3037
32,126,1054,91,1091,35,3255
33,129,1034,99,1047,40,3312
34,129,1090,100,1015,39,3207
35,119,1083,80,1024,47,3182
36,111,1076,85,1069,39,3221
37,125,1065,96,1082,36,3184
38,134,1078,95,1088,35,3128
39,120,1053,91,1070,30,3125
40,124,1055,87,1039,25,3162
41,104,1053,85,1054,35,3209
42,114,1067,83,1021,30,3220
43,103,1012,91,1003,30,3232
44,123,1041,103,1097,28,3217
45,138,1032,115,1114,38,3290
46,126,1060,97,1075,27,3242
47,112,1043,92,1088,33,3204
48,117,1062,93,1174,39,3193
49,107,1072,91,1135,31,3125
50,120,1100,100,1149,33,3040
51,127,1119,100,1170,31,2963
52,135,1163,109,1204,45,3102
53,107,1056,118,1239,38,2941
54,125,1139,119,1230,45,3112
55,123,1057,106,1212,40,3011
56,112,1102,118,1226,42,3041
57,108,1071,105,1297,32,3124
58,118,1166,112,1220,25,3091
59,94,1085,90,1271,21,2936
60,105,1147,84,1262,25,3061
61,84,1107,75,1288,25,3173
62,89,1040,72,1152,29,3238
63,104,1097,83,1141,32,3163
64,121,1141,92,1222,30,3164
65,118,1126,85,1205,27,3103
66,90,1113,96,1145,33,3071
67,104,1134,75,1151,19,3103
68,103,1114,105,1115,18,2970
69,86,1011,83,1191,20,3110
70,86,1081,79,1165,21,3013
71,93,1033,72,1126,32,2975
72,95,990,58,1147,19,2889
73,75,977,66,1194,15,2960
74,69,940,66,1083,17,3002
75,84,968,63,1150,24,2983
76,66,903,70,1101,30,2933
77,64,927,53,1104,30,3121
78,69,903,51,978,24,3107
79,69,850,60,1034,25,3068
80,72,916,70,1001,31,3198
81,70,912,67,971,28,3120
82,53,897,73,994,26,3150
83,64,911,70,977,28,3049
84,64,885,85,953,26,3064
85,69,879,63,1001,33,3121
86,62,899,64,960,27,3079
87,59,831,58,1030,20,3078
88,70,877,60,991,24,3180
89,75,850,79,1044,26,3290
90,69,921,68,1028,20,3180
91,93,876,99,1021,30,3039
92,72,947,72,1023,34,3209
93,66,889,73,1034,24,3199
94,82,943,94,1008,37,3252
95,70,949,72,1011,23,3253
96,84,916,86,1011,26,3230
97,79,925,70,1014,25,3248
98,75,951,61,958,25,3135
99,80,938,70,1017,28,3207
100,76,953,64,1006,29,3089
101,70,942,81,1046,31,3078
102,86,990,68,1015,37,3061
103,76,951,73,1060,30,2967
104,85,1026,80,1059,23,2981
105,118,1035,77,1033,22,2960
106,91,977,73,1075,24,3018
107,94,1044,75,1016,26,2984
108,94,1093,66,1018,26,3037
109,103,1066,70,1047,33,3007
110,98,984,82,997,26,2865
111,89,997,76,1025,17,2985
112,85,1052,66,955,21,3159
113,81,981,67,967,20,3055
114,86,1051,65,925,20,3120
115,67,960,72,1013,21,2884
116,73,1028,76,1008,25,3003
117,68,955,84,1043,24,3075
118,86,997,94,1058,19,2876
119,84,1010,59,1108,16,2931
120,74,1044,68,1036,12,3018
121,61,1023,48,1043,23,2988
122,77,1044,57,1066,24,2924
123,76,1046,56,1035,19,2774
124,67,1051,56,1060,21,2886
125,72,1067,65,1054,17,2874
126,71,1025,64,1066,13,2808
127,71,971,62,1020,25,2770
128,67,978,58,1071,16,2776
129,55,1012,59,1055,24,2839
130,67,1046,68,1057,25,2900
131,65,979,53,1103,27,2804
132,76,1041,57,1093,36,2746
133,72,983,55,1119,22,2814
134,64,1022,60,1098,37,2754
135,98,953,65,1129,36,2720
136,60,1018,59,1097,30,2835
137,61,988,44,1155,25,2775
138,76,1058,54,1167,26,2758
139,64,965,44,1156,24,2776
140,55,1034,54,1134,31,2712
141,64,1018,45,1129,23,2685
142,65,1035,44,1090,27,2696
143,58,968,38,1103,30,2743
144,58,1012,49,1142,33,2801
145,49,987,55,1116,32,2673
146,59,1014,47,1127,23,2627
147,45,986,44,1060,29,2814
148,65,1020,38,1105,37,2764
149,54,1032,37,1196,27,2867
150,44,992,42,1168,28,2895
151,37,990,38,1201,26,2818
152,34,993,33,1232,22,2810
153,39,971,43,1173,29,2876
154,45,1016,36,1220,24,2830
155,34,1004,36,1262,29,2788
156,35,1025,33,1297,30,2911
157,41,987,41,1297,29,2856
158,53,1069,41,1288,25,2882
159,38,1004,42,1257,27,2979
160,52,1011,38,1282,27,2792
161,49,1057,38,1307,30,2870
162,55,1034,39,1254,21,2988
163,47,1076,40,1357,22,2941
164,46,1014,41,1327,30,2993
165,48,1035,53,1313,29,3126
166,38,985,49,1295,30,2924
167,48,994,24,1261,29,2979
168,55,962,21,1247,27,3095
169,67,1014,40,1263,31,3113
170,54,1049,50,1221,24,3040
171,48,1059,44,1243,26,3156
172,60,1005,52,1167,20,3105
173,46,1045,51,1155,25,3064
174,56,1095,52,1143,22,3034
175,58,1087,41,1195,25,3006
176,65,1043,40,1229,21,3168
177,53,1030,37,1339,24,3175
178,61,1030,36,1284,24,3055
179,34,1089,31,1387,23,3178
180,44,1041,39,1448,22,3282
181,40,1062,35,1471,20,3145
182,45,976,35,1466,22,3075
183,49,1042,32,1459,17,2826
184,47,958,35,1413,16,2714
185,60,1010,34,1427,12,2762
186,52,977,30,1452,21,2752
187,57,988,42,1388,20,2803
188,57,1011,18,1332,17,2948
189,48,1022,30,1372,14,3088
190,38,920,15,1311,18,3108
191,46,903,20,1312,14,3135
192,37,880,25,1325,17,3176
193,45,931,32,1253,16,3148
194,52,920,29,1261,21,3057
195,52,976,20,1285,11,3040
196,51,871,35,1228,16,2954
197,57,881,28,1201,19,2975
198,35,873,24,1222,19,2711
199,59,918,32,1253,18,2763
200,46,920,26,1257,15,2774
201,50,933,22,1277,16,2820
202,54,869,36,1273,19,2828
203,43,898,24,1249,22,2987
204,47,881,27,1315,22,3027
205,48,899,19,1306,23,3028
206,50,894,21,1314,22,3116
207,49,925,18,1331,21,3193
208,47,904,27,1361,24,3205
209,47,983,32,1354,20,3164
210,51,1023,27,1406,22,3185
211,55,984,29,1338,21,3282
212,42,906,27,1342,14,3164
213,52,930,33,1405,28,3029
214,45,905,26,1451,29,3307
215,44,821,24,1412,28,3283
216,46,927,33,1502,26,3201
217,50,906,27,1462,26,3211
218,42,843,27,1436,26,3277
219,54,872,40,1453,22,2947
220,58,900,31,1479,19,3118
221,44,872,30,1533,23,3218
222,45,829,22,1499,21,3114
223,49,872,28,1493,11,3139
224,53,925,43,1519,28,3124
225,67,903,35,1472,20,3082
226,50,931,33,1451,16,3103
227,45,925,31,1540,18,3097
228,54,946,31,1591,16,3259
229,55,910,32,1583,22,3067
230,44,896,30,1653,24,3158
231,53,851,32,1591,24,3088
232,37,812,25,1615,24,3144
233,38,862,27,1587,20,3033
234,48,827,29,1623,15,2833
235,46,836,31,1682,20,2927
236,60,749,15,1699,24,2837
237,41,771,29,1701,15,2860
238,46,697,27,1801,27,3054
239,60,774,29,1721,23,2959
240,46,783,23,1661,21,3156
241,47,787,28,1561,19,3278
242,56,734,25,1580,20,3286
243,66,786,20,1592,13,3283
244,50,764,34,1652,22,3266
245,64,804,29,1670,19,2995
246,63,763,29,1710,24,3179
247,58,748,21,1654,28,3336
248,50,841,19,1653,27,3434
249,62,836,34,1539,30,3384
250,54,786,23,1514,34,3140
251,54,869,19,1523,15,3223
252,46,822,27,1518,30,3176
253,50,855,32,1586,18,3074
254,63,870,33,1568,15,3355
255,55,849,34,1652,13,3300
256,51,799,33,1586,20,3449
257,55,804,34,1738,22,3522
258,62,825,30,2064,14,3665
259,67,769,24,2066,24,3506
260,58,768,30,2060,16,3526
261,73,834,14,2073,16,3623
262,53,780,29,2121,31,3664
263,59,854,32,2086,29,3686
264,52,803,26,2151,24,3423
265,58,835,36,2058,22,3477
266,60,808,27,1934,23,3363
267,68,798,26,2047,23,3446
268,68,800,10,2217,14,3500
269,88,848,31,2299,24,3439
270,71,826,27,2277,29,3524
271,65,834,18,2465,25,3473
272,67,865,39,2464,22,3421
273,70,840,32,2440,30,3537
274,73,851,16,2332,31,3634
275,70,823,24,2396,29,3685
276,73,841,24,2562,28,3640
277,70,862,30,2472,35,3715
278,64,778,35,2471,32,3760
279,69,778,30,2469,23,3749
280,82,789,29,2522,22,3826
281,68,821,29,2728,31,3870
282,66,870,30,2852,32,3814
283,62,838,29,2920,25,3764
284,74,898,35,2871,22,3700
285,65,877,37,2851,14,3571
286,77,938,25,2759,17,4203
287,67,932,22,2399,14,4135
288,76,966,22,2288,22,4138
289,77,889,27,2246,32,4039
290,74,997,33,2148,30,4086
291,72,926,26,2132,24,4384
292,67,973,24,2120,18,4390
293,70,971,34,1990,18,4371
294,73,991,31,1869,25,4242
295,63,942,27,1981,25,4071
296,59,1008,32,1999,28,4075
297,57,915,30,1914,39,3899
298,63,996,29,2073,37,3782
299,53,890,25,2095,32,3801
300,73,938,34,2071,42,3806
301,75,947,33,2113,39,3787
302,64,934,30,2072,35,3627
303,59,886,26,2049,37,3616
304,60,944,25,2006,37,3511
305,69,942,31,2098,30,3398
306,73,982,27,2214,39,3385
307,61,867,21,2202,31,3285
308,58,977,32,2059,38,3103
309,72,938,34,2030,36,3015
310,70,895,39,1937,26,2987
311,57,942,31,2017,34,3190
312,57,937,30,2066,32,3248
313,61,944,32,1972,43,3175
314,52,952,31,1973,42,3289
315,73,934,31,1803,38,3338
316,72,976,44,1757,43,3588
317,51,959,43,1783,40,3527
318,73,909,26,1748,37,3410
319,68,942,22,1799,59,3280
320,73,987,45,1796,44,3068
321,73,902,47,1796,43,2971
322,77,993,56,1752,54,2799
323,53,913,37,1773,51,3015
324,65,972,36,1778,52,2925
325,69,993,35,1748,49,2894
326,56,1010,33,1854,57,2939
327,54,984,43,1752,49,3062
328,65,1067,38,1707,52,3024
329,71,1023,39,1625,64,3070
330,59,1055,28,1727,49,3159
331,62,973,50,1732,52,3176
332,67,1048,29,1781,45,3066
333,72,1013,41,1750,42,3001
334,67,1064,32,1691,56,3102
335,64,1106,39,1640,46,2973
336,59,1051,43,1656,41,3250
337,65,1058,41,1600,40,3210
338,68,1079,29,1709,50,3393
339,64,1041,42,1616,40,3336
340,70,1097,40,1798,47,3339
341,63,1118,45,1699,49,3126
342,60,1105,46,1788,40,3176
343,66,1195,38,1736,32,3252
344,61,1163,32,1892,44,3201
345,55,1100,35,1920,33,3130
346,60,1172,36,1941,33,3143
347,60,1153,45,1975,27,3004
348,63,1203,39,1985,34,2968
349,70,1162,47,1945,40,2779
350,55,1102,50,1840,43,3181
351,57,1156,48,1776,33,3149
352,65,1186,45,1679,45,3213
353,50,1060,37,1725,42,3304
354,53,1109,43,1747,44,3259
355,47,1120,39,1861,42,3235
356,53,1143,39,1797,41,3021
357,73,1123,45,1819,46,3030
358,49,1160,44,1786,53,3189
359,54,1132,46,1856,57,3200
360,54,1205,47,1871,46,3107
361,49,1119,52,1937,51,3233
362,45,1214,48,1980,56,3280
363,51,1197,50,1996,54,3299
364,44,1270,45,1933,56,3178
365,49,1217,35,1991,61,3351
366,47,1304,44,1969,51,3365
367,55,1207,50,1843,40,3257
368,61,1258,51,1744,42,3265
369,62,1185,44,1772,44,3263
370,42,1117,51,1668,78,3369
371,56,1177,38,1694,67,3279
372,66,1113,42,1617,58,3225
373,61,1165,53,1572,54,3250
374,51,1093,60,1540,61,3298
375,46,1088,53,1531,58,3432
376,52,1125,48,1492,46,3228
377,55,1059,56,1544,64,3206
378,76,1111,71,1655,55,3336
379,62,1107,63,1641,50,3269
380,69,1085,65,1697,53,3106
381,60,1087,60,1669,40,3158
382,72,1076,59,1651,71,3255
383,70,1077,59,1528,66,3008
384,82,1060,51,1658,60,3103
385,66,1110,66,1684,60,2984
386,58,1101,55,1620,44,3114
387,64,1124,57,1627,43,2959
388,63,1143,60,1700,60,3143
389,64,1175,53,1736,53,3023
390,60,1161,51,1632,71,3129
391,65,1183,49,1612,61,3110
392,72,1231,70,1615,45,3097
393,66,1216,53,1636,40,3078
394,59,1235,64,1641,67,3043
395,63,1220,49,1702,59,2980
396,68,1262,62,1690,59,2948
397,61,1277,51,1711,59,3063
398,71,1340,70,1747,56,3118
399,66,1286,50,1820,63,3040
400,58,1319,61,1815,50,3065
401,58,1365,57,1774,56,3062
402,59,1464,53,2057,59,3074
403,58,1429,65,1999,76,2864
404,67,1308,55,2083,64,2991
405,59,1372,69,2064,68,2775
406,53,1358,64,2086,71,2996
407,55,1371,67,2053,61,2779
408,80,1364,77,2023,60,2879
409,76,1433,69,1924,59,2691
410,80,1406,74,1910,64,2942
411,71,1472,62,1814,54,3001
412,71,1379,58,1821,45,2771
413,72,1390,62,1865,56,2909
414,67,1340,55,1903,38,2961
415,53,1361,65,1948,53,3028
416,57,1315,53,1961,54,2940
417,58,1316,51,1931,49,2867
418,75,1368,66,1969,63,2834
419,60,1237,57,1889,66,2919
420,65,1263,50,1829,63,2998
421,63,1347,43,1797,45,2996
422,62,1339,55,1817,67,2789
423,61,1400,45,1808,61,2732
424,62,1362,41,1754,59,2679
425,90,1411,55,1950,74,2695
426,76,1356,54,1945,69,2756
427,80,1425,55,1936,77,2816
428,72,1407,45,1975,79,2683
429,76,1432,51,2055,72,2914
430,66,1420,49,2095,69,2875
431,65,1441,49,2081,71,2775
432,87,1405,51,2017,78,2630
433,95,1401,58,2087,66,2823
434,88,1396,65,2123,56,2864
435,84,1413,72,2020,60,2800
436,82,1375,81,2061,73,2568
437,78,1430,82,2026,53,2912
438,74,1410,72,1953,47,2987
439,68,1428,66,1943,62,2880
440,71,1424,61,1863,58,2956
441,72,1412,77,1827,70,2921
442,80,1340,78,1813,64,2728
443,88,1352,72,1961,71,2766
444,78,1320,92,1919,59,2747
445,81,1356,77,1993,68,2717
446,76,1333,60,1922,64,2707
447,68,1258,51,1881,66,2711
448,77,1340,51,1895,68,2761
449,72,1328,58,1915,58,2706
450,82,1324,66,1951,48,2807
451,75,1423,71,1929,57,2895
452,77,1368,55,1978,49,2942
453,78,1395,74,2106,48,2941
454,90,1418,71,2065,50,2934
455,89,1447,96,2075,48,2810
456,82,1380,72,1947,49,2861
457,82,1399,86,1948,40,2865
458,84,1418,95,1936,39,2880
459,87,1443,85,1902,55,2814
460,101,1383,92,1854,55,2648
461,95,1439,81,1995,52,2752
462,92,1370,99,1940,37,2595
463,92,1452,81,1956,45,2701
464,87,1409,85,1960,52,2526
465,79,1447,88,1971,40,2574
466,92,1455,68,1934,50,2486
467,74,1372,103,1908,57,2383
468,81,1422,87,2068,46,2409
469,74,1476,89,2145,58,2462
470,56,1427,80,2078,51,2340
471,63,1412,80,2122,46,2410
472,76,1388,70,2061,55,2547
473,63,1422,79,2047,59,2522
474,64,1366,67,2055,57,2639
475,86,1412,82,2012,37,2619
476,71,1376,80,1938,41,2778
477,65,1305,66,1919,51,2631
478,79,1327,77,1847,57,2643
479,80,1320,78,1857,38,2528
480,92,1316,83,1823,42,2675
481,67,1305,94,1857,43,2632
482,73,1326,86,1949,29,2592
483,74,1327,79,1900,39,2428
484,72,1295,68,1854,41,2548
485,72,1296,100,1966,48,2588
486,72,1196,79,1986,36,2613
487,85,1316,99,2063,29,2631
488,85,1280,94,1996,39,2617
489,88,1336,89,2021,21,2536
490,80,1274,104,1921,36,2616
491,73,1220,83,1880,37,2591
492,63,1161,87,1778,25,2412
493,51,1121,85,1603,25,2428
494,61,1055,67,1462,23,2597
495,52,1061,55,1412,36,2553
496,47,936,62,1334,38,2486
497,64,1018,56,1302,31,2379
498,53,989,64,1208,26,2331
499,64,965,53,1165,30,2418
500,69,918,51,1085,28,2461
501,56,865,55,1089,37,2451
502,54,812,49,1096,34,2374
503,52,823,44,1092,27,2282
504,62,825,60,1104,30,2384
505,54,846,48,1082,35,2407
506,60,822,57,1077,24,2321
507,58,821,63,1117,19,2336
508,65,818,40,1086,28,2238
509,65,788,40,1027,22,2249
510,66,824,43,970,34,2321
511,60,839,29,984,25,2302
512,52,827,32,1075,29,2106
513,52,797,28,1071,23,2235
514,62,776,32,1061,21,2211
515,54,781,36,1095,25,1987
516,53,760,50,1140,31,2072
517,54,811,33,1088,20,2124
518,51,806,25,1107,26,2037
519,58,823,34,1066,34,2165
520,66,812,33,1038,35,2182
521,55,811,23,1075,25,2117
522,74,818,29,1026,20,2137
523,58,748,27,996,38,2081
524,56,786,28,1056,33,1912
525,40,797,31,1059,28,1976
526,53,791,26,1005,38,1921
527,53,790,38,1029,36,1930
528,54,792,29,1016,40,1852
529,52,742,39,993,47,1979
530,50,780,34,998,42,1944
531,58,824,30,970,41,1991
532,58,809,40,953,42,1953
533,72,723,46,968,31,1949
534,66,812,28,945,34,1976
535,61,815,25,927,36,1895
536,54,765,20,930,28,2009
537,75,731,37,956,32,1916
538,59,796,33,937,34,2168
539,67,797,36,1013,35,2131
540,46,769,25,977,38,2019
541,61,828,24,1005,43,2169
542,61,817,23,1000,46,2164
543,44,814,32,981,42,2114
544,65,896,19,949,40,2168
545,67,845,25,958,45,2220
546,69,940,28,958,34,2151
547,64,893,19,909,44,2151
548,67,932,26,973,39,1981
549,57,887,20,969,29,2021
550,70,915,14,990,53,1893
551,53,945,24,1036,30,1857
552,61,863,21,1074,32,1846
553,73,909,22,1091,36,1785
554,78,979,19,1092,31,1809
555,69,909,24,1097,29,1803
556,72,1005,29,1068,35,1846
557,75,966,26,1117,29,1886
558,71,1007,22,1143,28,1809
559,71,980,21,1145,25,1893
560,83,1008,35,1164,26,1952
561,66,956,20,1152,32,1923
562,66,1020,32,1125,40,1843
563,72,1003,21,1159,29,1925
564,74,1083,22,1176,21,1895
565,85,1071,15,1155,27,1848
566,77,1104,32,1191,29,1843
567,71,982,21,1238,38,1879
568,80,1063,25,1234,34,1781
569,80,1153,21,1283,34,1872
570,71,1038,18,1378,23,1741
571,64,1125,26,1322,22,1822
572,58,1020,24,1365,36,1909
573,83,1097,16,1324,31,1913
574,59,1036,28,1318,24,1755
575,73,1096,21,1265,23,1863
576,75,1120,20,1283,16,1774
577,70,1131,20,1361,25,1880
578,64,1162,12,1315,26,1781
579,71,1137,24,1336,29,1789
580,79,1105,30,1318,24,1779
581,77,1092,20,1376,21,1832
582,71,1108,27,1417,24,1859
583,70,1163,29,1433,27,1860
584,64,1087,22,1426,26,1800
585,76,1111,22,1394,17,1884
586,75,1176,21,1427,24,1777
587,64,1073,31,1479,27,1818
588,69,1160,21,1405,24,1665
589,60,1151,24,1445,29,1788
590,64,1168,22,1453,37,1692
591,60,1047,17,1455,24,1820
592,55,1165,21,1434,28,1693
593,54,1099,16,1430,25,1626
594,72,1164,28,1404,28,1643
595,76,1119,18,1333,27,1562
596,64,1169,26,1377,37,1612
597,55,1177,33,1330,37,1654
598,62,1183,25,1207,27,1563
599,73,1183,27,1186,29,1694
600,61,1093,29,1244,38,1666
601,77,1062,27,1224,29,1648
602,77,1059,21,1261,41,1584
603,65,1142,26,1331,35,1562
604,74,1183,25,1330,42,1560
605,63,1126,21,1284,36,1649
606,75,1195,29,1326,32,1677
607,51,1173,24,1352,40,1601
608,53,1189,31,1307,25,1685
609,50,1167,16,1307,35,1576
610,47,1119,26,1346,37,1741
611,60,1169,27,1284,39,1640
612,64,1216,24,1275,41,1787
613,56,1241,25,1296,43,1718
614,58,1240,24,1287,42,1649
615,57,1116,18,1216,38,1659
616,55,1173,24,1257,42,1755
617,61,1214,26,1242,35,1822
618,50,1159,30,1275,36,1870
619,62,1177,27,1261,33,1785
620,63,1151,32,1274,45,1862
621,48,1116,29,1366,47,1845
622,43,1136,35,1349,44,1753
623,59,1162,27,1472,57,1749
624,64,1201,27,1401,40,1838
625,67,1170,31,1430,43,1767
626,65,1134,33,1438,47,1833
627,66,1201,31,1486,44,1711
628,57,1251,35,1416,50,1897
629,66,1246,25,1488,47,1943
630,60,1235,37,1462,40,1895
631,54,1158,29,1535,63,2022
632,64,1278,29,1492,41,2007
633,57,1271,32,1563,50,2060
634,60,1328,55,1558,48,1810
635,53,1311,34,1590,61,1915
636,55,1350,31,1591,55,1977
637,74,1360,44,1594,67,1846
638,65,1336,43,1590,43,1977
639,52,1303,37,1588,56,1973
640,61,1351,34,1576,52,1806
641,69,1251,42,1573,45,1864
642,80,1356,33,1463,37,1773
643,81,1363,41,1530,49,1873
644,68,1396,27,1491,65,1845
645,82,1345,33,1483,63,1909
646,63,1377,21,1464,50,2005
647,54,1350,32,1497,50,1962
648,66,1403,36,1520,41,1807
649,74,1350,36,1542,56,1907
650,83,1394,46,1515,58,1864
651,85,1430,37,1541,50,1938
652,91,1446,56,1532,51,1925
653,89,1383,45,1534,48,1933
654,78,1397,39,1602,50,1862
655,76,1358,45,1554,47,1852
656,86,1418,35,1592,39,1773
657,86,1412,41,1558,44,1883
658,83,1470,43,1610,47,1746
659,82,1458,43,1588,50,1831
660,83,1306,41,1547,57,1736
661,78,1461,42,1521,44,1753
662,80,1366,47,1534,46,1822
663,65,1419,32,1590,44,1765
664,66,1313,39,1588,39,1900
665,65,1261,51,1637,45,1863
666,54,1269,35,1596,54,1929
667,65,1207,38,1622,56,1796
668,72,1317,31,1649,49,1814
669,64,1318,39,1663,67,1853
670,63,1250,42,1680,52,1867
671,69,1326,39,1700,56,1909
672,78,1310,38,1672,45,1857
673,81,1402,44,1618,36,1807
674,75,1411,31,1627,31,1786
675,67,1289,33,1513,43,1695
676,78,1332,35,1529,43,1754
677,71,1290,27,1499,53,1705
678,69,1402,29,1482,46,1683
679,75,1271,56,1507,36,1678
680,76,1301,36,1524,44,1764
681,81,1375,33,1528,37,1884
682,79,1381,45,1375,40,1917
683,99,1407,46,1515,46,1840
684,63,1296,39,1604,40,1944
685,91,1379,50,1650,46,1918
686,96,1438,46,1662,47,1946
687,85,1424,41,1695,40,1937
688,87,1486,41,1652,53,1943
689,96,1472,40,1633,51,1851
690,80,1389,47,1655,53,2009
691,89,1456,46,1532,47,1911
692,87,1407,48,1547,45,1959
693,92,1460,52,1531,44,1948
694,85,1386,45,1544,50,1944
695,73,1282,49,1547,52,2008
696,85,1349,59,1456,52,2086
697,95,1456,58,1518,54,2005
698,76,1312,78,1503,71,2110
699,97,1406,51,1464,68,2133
700,65,1244,49,1510,71,2077
701,83,1289,54,1486,64,1909
702,69,1337,60,1574,58,2084
703,72,1366,55,1531,59,2059
704,85,1229,57,1562,59,2021
705,73,1224,46,1500,71,1873
706,65,1241,58,1474,67,1984
707,70,1285,68,1476,67,1924
708,78,1268,45,1492,68,1904
709,68,1235,62,1491,77,1918
710,70,1197,41,1503,79,1917
711,77,1237,54,1453,86,1862
712,78,1245,55,1494,72,1962
713,87,1293,52,1455,85,1976
714,69,1239,50,1487,84,1945
715,71,1218,56,1463,73,1925
716,79,1255,52,1464,80,1872
717,83,1356,61,1438,70,1858
718,64,1414,55,1513,63,1918
719,75,1416,67,1518,70,1951
720,87,1308,62,1552,74,2036
721,78,1388,64,1601,71,2067
722,91,1402,59,1542,92,1994
723,81,1538,60,1569,68,2036
724,83,1378,71,1557,84,2079
725,101,1377,60,1595,83,1912
726,90,1391,59,1637,73,1993
727,80,1399,65,1577,63,1985
728,92,1483,73,1583,60,1878
729,71,1411,47,1584,77,2044
730,79,1404,67,1590,73,2127
731,102,1480,60,1611,81,2081
732,89,1469,72,1655,86,1882
733,100,1614,88,1639,77,2096
734,79,1564,67,1597,83,1971
735,83,1488,75,1593,77,2060
736,101,1447,75,1732,78,1900
737,90,1546,75,1677,84,2155
738,106,1560,57,1748,83,2169
739,103,1558,94,1790,85,2126
740,100,1457,77,1814,71,1922
741,87,1561,77,1746,77,2091
742,92,1562,90,1692,89,2110
743,76,1476,85,1722,97,2046
744,94,1477,86,1801,78,1895
745,107,1528,87,1674,86,2039
746,113,1492,90,1739,101,2039
747,107,1429,71,1701,88,1984
748,139,1478,83,1641,83,1827
749,131,1507,94,1629,82,1957
750,108,1466,89,1665,86,1861
751,128,1529,74,1620,74,1792
752,110,1448,83,1614,93,1833
753,96,1465,63,1616,79,1806
754,99,1411,76,1615,90,1705
755,116,1333,90,1500,91,1772
756,115,1257,84,1555,81,1593
757,131,1310,81,1528,69,1730
758,122,1352,84,1555,79,1728
759,94,1232,86,1535,88,1740
760,114,1286,89,1554,88,1668
761,108,1320,78,1467,67,1769
762,117,1314,87,1557,91,1771
763,102,1360,63,1535,75,1726
764,126,1349,82,1510,95,1572
765,130,1312,82,1570,81,1728
766,139,1247,77,1590,95,1583
767,134,1331,82,1586,91,1696
768,141,1370,86,1531,101,1593
769,141,1429,76,1542,68,1706
770,140,1370,76,1593,76,1721
771,126,1484,70,1578,78,1793
772,136,1475,79,1539,82,1620
773,128,1547,101,1659,91,1603
774,144,1430,106,1630,89,1511
775,147,1598,94,1599,75,1614
776,145,1499,95,1570,84,1601
777,167,1507,76,1498,76,1620
778,155,1462,87,1487,65,1495
779,136,1328,66,1454,62,1610
780,147,1463,74,1605,65,1597
781,151,1508,58,1614,58,1609
782,128,1351,72,1538,83,1601
783,119,1441,74,1484,71,1521
784,134,1253,75,1531,75,1517
785,139,1364,75,1495,70,1612
786,133,1306,71,1586,66,1672
787,127,1289,82,1491,77,1630
788,149,1323,95,1627,72,1580
789,135,1373,98,1632,95,1597
790,126,1286,103,1622,106,1644
791,111,1309,93,1619,90,1558
792,132,1492,108,1634,93,1673
793,159,1499,94,1704,89,1614
794,146,1459,112,1663,91,1704
795,156,1560,121,1583,99,1654
796,164,1526,117,1722,118,1729
797,156,1461,115,1750,124,1601
798,158,1522,117,1668,121,1742
799,157,1483,108,1666,122,1717
800,164,1602,115,1777,148,1744
801,159,1655,119,1748,108,1564
802,158,1618,129,1795,120,1698
803,162,1631,147,1801,121,1699
804,189,1659,135,1863,107,1685
805,170,1571,128,1826,110,1571
806,148,1604,141,1782,95,1722
807,174,1648,131,1719,101,1727
808,172,1698,136,1824,83,1768
809,180,1727,136,1836,100,1713
810,185,1737,138,1787,94,1869
811,203,1810,141,1747,76,1821
812,181,1753,115,1885,86,1729
813,162,1778,112,1838,64,1659
814,149,1591,126,1779,85,1639
815,166,1673,114,1692,93,1634
816,178,1666,119,1799,71,1763
817,168,1651,116,1709,81,1752
818,147,1533,107,1742,62,1716
819,164,1640,85,1619,76,1733
820,146,1491,107,1718,57,1699
821,167,1564,103,1691,64,1659
822,150,1393,74,1632,73,1706
823,135,1476,90,1605,75,1814
824,130,1488,91,1701,91,1933
825,132,1405,78,1596,73,1808
826,148,1482,76,1555,96,1903
827,145,1551,81,1558,85,1865
828,132,1428,69,1471,94,1983
829,161,1546,83,1442,86,1922
830,137,1511,76,1560,89,1828
831,138,1573,69,1579,79,1957
832,133,1504,62,1570,59,1988
833,120,1445,44,1575,65,1908
834,115,1493,55,1683,88,1926
835,133,1478,45,1524,97,1835
836,121,1538,45,1646,89,1928
837,132,1548,56,1589,66,1909
838,102,1539,50,1583,85,1843
839,114,1440,39,1584,63,1798
840,123,1544,49,1639,61,1748
841,126,1500,41,1591,55,1762
842,128,1449,38,1481,49,1786
843,142,1447,60,1401,53,1764
844,116,1447,46,1431,48,1788
845,122,1506,44,1424,69,1797
846,117,1456,61,1598,75,1695
847,129,1380,49,1570,68,1880
848,142,1471,50,1606,55,1887
849,115,1518,53,1569,55,1923
850,125,1506,55,1635,64,1896
851,109,1568,70,1628,75,1810
852,116,1463,66,1699,66,1864
853,130,1561,68,1586,73,1895
854,124,1556,63,1564,64,1763
855,130,1513,57,1571,68,1882
856,115,1461,56,1595,65,1812
857,135,1513,67,1581,78,1886
858,122,1516,59,1532,74,1972
859,141,1675,65,1541,93,2026
860,131,1530,82,1619,69,1988
861,133,1629,66,1587,79,2002
862,131,1565,80,1632,62,1893
863,140,1668,70,1574,74,2018
864,157,1584,102,1619,80,1986
865,137,1633,91,1561,80,2016
866,149,1612,101,1587,75,2060
867,148,1650,110,1544,87,1942
868,138,1494,102,1550,81,2080
869,150,1527,108,1516,74,2130
870,134,1497,99,1489,75,1932
871,145,1519,94,1429,69,2009
872,142,1364,114,1433,71,1890
873,153,1503,92,1456,69,2055
874,152,1432,110,1372,55,1922
875,156,1312,89,1298,62,2026
876,131,1393,98,1376,64,2108
877,163,1440,134,1348,76,2094
878,146,1329,116,1283,84,1974
879,141,1446,111,1277,72,2043
880,131,1350,134,1404,83,1889
881,124,1416,122,1392,72,2157
882,135,1441,119,1309,78,2119
883,159,1349,133,1305,105,2201
884,145,1412,137,1344,91,2198
885,144,1340,132,1397,82,2121
886,139,1381,139,1308,88,2176
887,132,1400,130,1353,89,2027
888,136,1373,118,1358,77,2300
889,116,1457,97,1304,66,2295
890,117,1414,136,1328,75,2328
891,123,1457,101,1398,64,2372
892,119,1386,117,1423,79,2332
893,137,1505,114,1430,61,2126
894,121,1460,121,1449,61,2266
895,135,1591,109,1478,63,2247
896,134,1502,114,1422,58,2262
897,119,1592,136,1443,67,2315
898,131,1535,137,1496,48,2263
899,124,1586,147,1503,56,2086
900,113,1481,115,1495,59,2229
901,113,1417,101,1389,51,2157
902,111,1511,105,1470,52,2063
903,129,1542,124,1429,37,2103
904,108,1551,96,1343,37,1953
905,125,1439,102,1296,47,1988
906,103,1391,91,1357,41,2089
907,130,1487,101,1320,42,2057
908,122,1440,96,1242,35,2142
909,113,1422,91,1214,32,2080
910,99,1301,79,1243,34,2069
911,108,1289,76,1202,33,2054
912,101,1332,83,1280,31,1936
913,99,1337,77,1225,34,2101
914,83,1230,61,1242,29,1974
915,93,1294,71,1180,33,1770
916,84,1279,64,1259,31,1969
917,84,1262,66,1225,26,1928
918,71,1185,75,1204,36,1826
919,71,1195,50,1260,43,1720
920,81,1162,54,1290,36,1679
921,68,1160,77,1292,38,1610
922,67,1084,62,1278,27,1647
923,80,1184,65,1164,26,1610
924,67,1099,57,1156,19,1604
925,69,1136,52,1133,27,1473
926,67,1089,57,1180,21,1505
927,58,1195,51,1117,20,1603
928,72,1171,46,1108,23,1617
929,67,1185,57,1086,23,1554
930,63,1149,51,1181,23,1591
931,54,1151,35,1135,20,1572
932,74,1138,41,1134,14,1621
933,69,1171,40,1067,15,1611
934,54,1149,39,1025,16,1619
935,57,1030,34,1083,11,1576
936,57,1070,31,1039,19,1552
937,53,1082,39,1096,21,1580
938,52,947,48,979,24,1605
939,60,1007,44,944,22,1563
940,52,922,34,968,20,1513
941,52,1000,40,983,19,1366
942,51,925,43,1008,23,1407
943,52,973,34,992,32,1542
944,59,960,44,1040,26,1612
945,63,1047,60,1082,33,1573
946,82,998,50,1062,41,1549
947,69,1000,48,1063,33,1485
948,56,969,69,1143,47,1622
949,61,1089,57,1216,50,1583
950,76,1133,67,1210,43,1655
951,87,1250,91,1250,48,1680
952,92,1087,83,1283,54,1723
953,89,1226,91,1358,67,1787
954,105,1287,115,1313,56,1843
955,87,1367,91,1260,60,1852
956,101,1217,95,1378,63,1803
957,93,1266,99,1399,55,1706
958,88,1111,128,1355,65,1816
959,108,1313,112,1354,69,1904
960,105,1385,106,1369,53,1877
961,93,1137,101,1456,63,1907
962,107,1172,99,1358,55,1864
963,82,1195,90,1395,65,1779
964,76,1195,85,1315,65,1834
965,75,1260,83,1259,48,1633
966,67,1170,68,1296,49,1660
967,75,1027,87,1222,50,1684
968,87,1124,78,1187,45,1621
969,58,1029,74,1117,46,1626
970,71,1033,79,1112,57,1595
971,74,903,90,1098,50,1605
972,71,986,79,1159,50,1525
973,69,881,92,1145,46,1652
974,82,985,94,1140,44,1689
975,79,956,89,1150,32,1657
976,76,987,76,1150,42,1639
977,79,864,87,1076,36,1656
978,85,886,77,1070,39,1563
979,68,847,77,976,57,1662
980,92,909,83,947,50,1679
981,92,913,94,989,50,1707
982,82,895,89,1011,54,1778
983,84,890,82,1013,60,1812
984,74,936,71,1081,47,1914
985,97,928,89,974,56,1795
986,85,951,84,992,48,1846
987,86,850,86,969,57,1842
988,90,894,99,1052,47,1830
989,107,926,81,977,51,1794
990,81,935,77,960,40,1775
991,84,952,71,991,46,1660
992,97,880,78,988,51,1791
993,88,882,73,1065,53,1843
994,78,846,80,1048,56,1788
995,68,867,71,1031,52,1891
996,68,874,77,968,46,1807
997,63,886,62,1020,51,1869
998,73,844,70,987,48,1775
999,73,820,68,954,53,1646
1000,75,844,61,942,45,1577
1001,58,759,72,890,40,1497
1002,58,776,56,930,39,1549
1003,59,793,49,893,43,1596
1004,52,818,67,980,45,1678
1005,61,811,78,935,29,1600
1006,60,761,56,864,33,1528
1007,63,766,56,849,41,1558
1008,54,748,53,834,28,1526
1009,61,743,37,800,18,1543
1010,46,737,49,753,22,1645
1011,48,742,67,778,23,1553
1012,53,710,42,781,24,1597
1013,43,692,40,752,33,1527
1014,44,703,48,738,30,1592
1015,48,679,41,738,37,1586
1016,58,723,44,698,33,1525
1017,46,730,40,762,33,1441
1018,41,694,41,743,28,1460
1019,61,720,57,762,27,1458
1020,64,739,43,776,29,1506
1021,54,742,37,746,31,1552
1022,54,762,30,737,24,1558
1023,73,775,38,754,23,1463
1024,61,830,32,782,33,1623
1025,53,738,50,824,37,1625
1026,54,797,25,783,22,1693
1027,36,810,31,791,18,1576
1028,61,851,37,843,32,1588
1029,49,796,25,903,30,1595
1030,75,818,40,883,22,1466
1031,71,812,54,853,39,1495
1032,51,852,37,884,38,1494
1033,51,888,45,906,25,1411
1034,64,814,34,862,40,1497
1035,56,776,38,848,36,1460
1036,56,722,33,781,37,1361
1037,66,782,39,818,49,1445
1038,61,778,39,799,39,1483
1039,71,753,28,797,29,1430
1040,56,759,40,808,34,1417
1041,44,689,33,865,36,1467
1042,64,734,44,835,44,1441
1043,67,755,47,823,36,1447
1044,71,754,29,904,39,1363
1045,67,742,40,903,43,1465
1046,55,714,45,869,41,1445
1047,40,755,37,903,44,1535
1048,52,816,34,882,42,1526
1049,56,778,28,867,53,1531
1050,53,755,42,872,50,1425
1051,59,797,31,813,48,1455
1052,50,865,31,872,46,1457
1053,41,876,34,911,43,1386
1054,54,845,37,865,40,1391
1055,64,861,46,817,45,1320
1056,58,880,52,813,33,1377
1057,42,818,31,823,41,1318
1058,52,893,43,798,47,1366
1059,47,833,48,821,34,1415
1060,39,923,38,834,43,1329
1061,50,915,46,815,57,1398
1062,46,862,34,844,48,1391
1063,42,929,30,850,42,1480
1064,43,925,17,836,39,1383
1065,43,959,23,859,38,1349
1066,33,949,35,863,43,1370
1067,39,947,36,878,48,1410
1068,39,953,33,923,46,1351
1069,39,984,25,946,50,1452
1070,48,936,26,867,48,1478
1071,40,964,32,862,78,1522
1072,45,976,32,873,63,1592
1073,45,977,39,880,57,1505
1074,39,906,28,854,61,1519
1075,43,944,35,886,59,1427
1076,54,924,39,912,50,1470
1077,41,933,39,939,65,1446
1078,47,999,34,981,63,1503
1079,48,1025,43,969,43,1524
1080,56,1069,34,948,48,1468
1081,49,1031,43,947,50,1546
1082,32,969,34,919,40,1548
1083,40,1028,26,955,52,1639
1084,45,1082,25,913,49,1595
1085,43,985,18,889,59,1647
1086,47,1079,25,883,68,1687
1087,40,1038,33,905,70,1639
1088,46,1087,29,891,52,1599
1089,40,1073,26,889,54,1668
1090,39,1135,23,913,50,1584
1091,41,1069,25,967,49,1631
1092,39,1174,24,914,60,1789
1093,47,1148,22,934,60,1741
1094,41,1144,21,924,66,1858
1095,51,1149,27,964,60,1681
1096,36,1156,24,975,76,1682
1097,42,1142,27,993,65,1637
1098,52,1182,30,947,73,1781
1099,47,1151,27,933,73,1679
1100,46,1205,24,904,83,1656
1101,48,1137,42,896,56,1625
1102,55,1170,48,996,68,1628
1103,51,1104,28,1017,52,1708
1104,63,1163,35,1035,55,1687
1105,66,1150,46,1083,65,1703
1106,60,1131,49,984,69,1775
1107,59,1198,49,1076,79,1645
1108,62,1263,44,1029,68,1687
1109,74,1235,53,1071,67,1743
1110,84,1280,50,1108,76,1666
1111,70,1233,37,1180,56,1705
1112,58,1280,41,1153,69,1658
1113,80,1298,40,1100,67,1785
1114,71,1286,52,1101,80,1823
1115,72,1263,58,1126,84,1791
1116,80,1269,47,1184,85,1855
1117,76,1263,60,1144,94,1872
1118,74,1336,67,1165,96,1791
1119,86,1269,77,1121,85,1789
1120,85,1242,66,1155,73,1786
1121,95,1205,63,1153,100,1764
1122,96,1324,77,1187,50,1848
1123,84,1155,64,1140,85,1913
1124,82,1233,73,1094,75,1938
1125,70,1150,44,1074,83,1922
1126,70,1150,49,1035,58,1895
1127,73,1129,59,1015,58,1927
1128,65,1177,36,979,66,1936
1129,64,1085,41,958,52,1886
1130,61,1092,48,977,54,1809
1131,57,1028,25,962,49,1834
1132,56,1108,53,969,56,1891
1133,50,1072,32,930,60,1995
1134,54,1097,39,940,48,2053
1135,55,1097,29,940,71,2038
1136,50,1107,28,939,48,1981
1137,50,1055,41,977,45,1913
1138,62,1104,42,1006,47,1907
1139,57,1021,34,1014,59,1853
1140,45,1112,31,1009,40,1953
1141,52,1160,36,1064,50,2048
1142,48,1120,30,1050,46,2087
1143,65,1153,39,1048,43,2109
1144,62,1076,51,1058,56,1927
1145,51,1195,33,1069,51,1903
1146,75,1268,39,1122,55,1866
1147,70,1160,34,1140,47,1861
1148,72,1180,41,1127,57,1751
1149,68,1199,48,1128,60,1918
1150,77,1259,36,1058,45,1963
1151,61,1245,40,1076,44,1999
1152,68,1149,42,1083,47,1999
1153,64,1200,53,1116,59,1848
1154,64,1115,41,1127,39,1743
1155,43,1079,29,1012,34,1693
1156,58,1139,29,962,44,1785
1157,44,1074,33,941,36,1625
1158,59,1095,52,995,38,1677
1159,62,1063,48,1024,35,1663
1160,58,1027,41,923,33,1767
1161,61,1089,48,941,38,1712
1162,63,986,45,922,23,1621
1163,51,1109,36,938,37,1669
1164,52,976,48,954,44,1698
1165,56,1025,38,951,33,1559
1166,53,1026,24,902,45,1744
1167,48,1001,20,849,32,1714
1168,51,1055,20,894,36,1728
1169,57,1102,33,869,43,1646
1170,49,1035,21,971,40,1652
1171,48,1071,20,906,43,1696
1172,49,1037,22,906,49,1629
1173,52,1107,22,935,43,1789
1174,52,1036,16,962,44,1894
1175,56,1141,23,980,46,1828
1176,51,1112,33,1054,55,1993
1177,59,1118,43,1053,48,1780
1178,63,1138,25,1037,53,1861
1179,48,1103,31,1001,50,1789
1180,50,1168,34,1001,59,1903
1181,56,1210,30,948,53,2000
1182,51,1183,22,933,47,1992
1183,48,1235,26,917,54,2087
1184,46,1110,23,884,58,2074
1185,41,1164,25,923,67,2204
1186,50,1203,29,966,59,2100
1187,57,1176,26,955,49,2059
1188,54,1199,35,987,34,2103
1189,59,1168,37,995,34,1971
1190,55,1140,23,999,29,2090
1191,57,1166,39,948,33,1936
1192,62,1204,38,940,36,1966
1193,66,1221,28,883,28,1943
1194,56,1187,42,907,31,1863
1195,58,1229,42,911,47,1789
1196,61,1142,31,868,31,1890
1197,73,1211,40,861,40,1810
1198,58,1149,32,839,38,1673
1199,64,1107,35,802,21,1618
1200,51,966,29,738,26,1688
1201,58,1003,29,709,29,1543
1202,50,985,22,662,24,1568
1203,70,959,35,656,14,1457
1204,72,1019,29,657,22,1602
1205,58,901,23,633,13,1461
1206,58,962,20,688,20,1575
1207,81,1008,35,649,15,1582
1208,68,1042,36,701,18,1615
1209,66,962,34,678,24,1542
1210,63,1010,31,701,17,1343
1211,65,1020,37,673,18,1362
1212,79,1002,32,699,17,1267
1213,84,1058,33,680,19,1286
1214,75,1061,29,734,20,1337
1215,78,1051,29,696,16,1195
1216,69,996,31,649,16,1325
1217,66,889,25,675,23,1354
1218,73,990,29,635,18,1352
1219,85,925,35,611,19,1342
1220,79,899,44,671,22,1370
1221,75,916,44,680,26,1310
1222,68,885,44,697,14,1222
1223,83,974,40,681,20,1169
1224,72,912,27,721,15,1177
1225,76,962,39,702,20,1176
1226,80,947,36,706,27,1144
1227,53,1033,33,714,15,1287
1228,61,1032,33,714,16,1305
1229,75,1060,32,744,20,1312
1230,79,987,46,785,20,1236
1231,75,988,41,754,20,1212
1232,78,924,38,758,27,1164
1233,79,946,36,718,22,1215
1234,93,982,40,795,19,1145
1235,104,1016,40,740,15,1278
1236,92,950,27,762,20,1290
1237,79,1017,30,759,21,1267
1238,77,1000,29,723,20,1189
1239,88,965,29,764,29,1272
1240,89,968,34,778,22,1285
1241,85,911,21,760,22,1212
1242,104,918,26,747,27,1236
1243,90,943,38,793,23,1300
1244,86,938,32,810,21,1312
1245,91,940,27,776,26,1273
1246,83,929,28,799,18,1246
1247,75,912,28,786,24,1281
1248,69,927,22,735,19,1241
1249,79,954,19,779,22,1317
1250,80,956,17,741,26,1325
1251,80,945,27,776,33,1361
1252,87,962,32,833,33,1334
1253,70,971,33,830,26,1355
1254,74,972,34,853,32,1281
1255,80,935,36,899,31,1288
1256,68,1009,31,911,29,1239
1257,80,1034,42,929,29,1314
1258,92,998,39,915,27,1354
1259,82,1054,31,934,26,1294
1260,76,1037,38,905,29,1273
1261,76,992,36,919,27,1205
1262,61,1056,34,929,19,1258
1263,71,1044,30,898,32,1127
1264,73,1059,22,952,24,1228
1265,72,1104,39,970,28,1191
1266,79,1092,25,958,31,1271
1267,78,1042,30,960,34,1180
1268,65,1093,39,970,31,1211
1269,73,1132,24,906,23,1200
1270,72,1164,26,1000,18,1172
1271,59,1163,31,1004,13,1248
1272,62,1133,26,1021,21,1288
1273,63,1189,21,985,11,1356
1274,61,1114,32,948,15,1389
1275,63,1146,22,993,13,1371
1276,60,1112,21,949,23,1390
1277,63,1212,17,978,11,1349
1278,60,1108,14,1035,18,1473
1279,62,1219,24,1048,12,1466
1280,66,1128,23,1074,8,1547
1281,58,1198,16,937,10,1488
1282,63,1164,19,938,10,1599
1283,57,1208,17,913,14,1510
1284,50,1183,16,944,10,1411
1285,53,1212,23,1032,10,1491
1286,55,1195,24,1050,12,1304
1287,55,1172,21,974,10,1406
1288,67,1277,21,966,20,1320
1289,65,1244,24,975,13,1344
1290,69,1303,21,1006,9,1260
1291,70,1299,30,1013,16,1319
1292,64,1180,20,1087,9,1314
1293,66,1179,18,1045,13,1308
1294,56,1094,14,1045,10,1136
1295,70,1091,13,940,14,1298
1296,57,1115,8,872,10,1303
1297,56,976,7,871,16,1289
1298,45,1091,16,874,15,1292
1299,52,1138,20,875,14,1206
1300,46,1055,15,929,7,1172
1301,41,973,16,901,7,1104
1302,46,1018,21,947,8,1002
1303,52,1036,13,867,10,1033
1304,44,1120,19,826,10,1051
1305,43,1030,13,818,9,981
1306,46,1077,13,892,16,942
1307,41,1050,10,844,9,929
1308,36,1076,16,828,11,898
1309,47,1027,19,800,21,958
1310,50,967,17,818,16,1003
1311,48,957,15,789,10,937
1312,42,989,9,836,9,1003
1313,52,925,10,820,16,986
1314,49,974,17,910,13,943
1315,55,973,11,857,12,946
1316,53,1002,15,895,13,896
1317,50,999,19,920,8,990
1318,58,956,11,873,12,1026
1319,53,964,17,805,13,998
1320,48,940,13,821,14,1037
1321,58,916,16,753,14,1055
1322,66,953,11,728,16,1071
1323,59,999,9,705,13,1039
1324,58,977,12,720,12,981
1325,63,1016,12,730,16,1041
1326,55,1028,14,735,14,990
1327,54,1052,15,730,11,1027
1328,65,1036,13,747,19,959
1329,51,1078,14,753,15,977
1330,57,1066,17,806,17,954
1331,51,1049,11,790,25,996
1332,58,1028,9,789,14,936
1333,50,1015,13,852,18,890
1334,61,1033,20,834,24,906
1335,56,1044,21,825,16,914
1336,53,992,8,813,15,897
1337,47,977,16,794,8,916
1338,53,912,15,761,21,887
1339,55,881,16,740,18,941
1340,60,859,9,720,6,897
1341,59,847,13,725,14,978
1342,54,840,14,688,18,1026
1343,57,843,14,694,25,1089
1344,42,874,10,693,21,1029
1345,53,829,17,699,15,1017
1346,46,816,17,726,16,1041
1347,46,821,16,722,31,1030
1348,51,820,20,672,17,977
1349,45,806,16,679,20,1038
1350,48,810,12,635,16,1072
1351,40,769,17,629,25,1069
1352,46,834,12,642,16,996
1353,40,801,19,704,17,1017
1354,41,791,13,708,25,977
1355,47,820,18,742,21,1029
1356,47,880,14,772,29,1045
1357,49,857,22,792,32,1084
1358,40,839,15,812,25,1057
1359,43,902,17,810,19,1030
1360,52,918,14,755,18,1072
1361,43,931,18,760,28,1053
1362,45,957,28,800,28,1018
1363,48,994,17,769,17,1140
1364,52,1007,17,790,18,1091
1365,48,1036,22,862,16,1144
1366,52,1025,19,866,22,1119
1367,58,1052,19,865,20,1251
1368,66,1072,18,890,28,1132
1369,61,1020,27,873,19,1034
1370,52,1063,27,900,29,1058
1371,58,1067,27,925,37,1115
1372,61,1117,19,866,30,1076
1373,61,1126,27,884,34,1067
1374,50,1000,23,857,24,1074
1375,56,1044,22,860,22,1134
1376,63,1055,24,871,22,1147
1377,57,1090,19,857,24,1083
1378,68,1044,30,874,21,1114
1379,63,1035,20,881,14,1129
1380,57,997,19,841,15,1112
1381,59,1006,21,862,15,1067
1382,66,895,24,794,12,1071
1383,62,885,28,742,18,1065
1384,65,879,31,758,21,1106
1385,56,832,15,728,25,1103
1386,51,851,13,671,26,1198
1387,52,908,10,743,22,1209
1388,49,898,16,801,24,1175
1389,46,866,15,838,23,1301
1390,49,908,17,865,25,1244
1391,52,892,21,891,27,1332
1392,50,986,17,915,30,1382
1393,53,993,20,948,31,1473
1394,45,982,22,894,31,1545
1395,40,1055,25,925,30,1562
1396,40,1098,17,855,27,1604
1397,58,1103,22,892,25,1506
1398,50,1115,24,888,24,1480
1399,56,1094,16,906,21,1481
1400,55,1080,15,961,25,1472
1401,58,1101,22,1010,31,1560
1402,55,1158,21,1005,34,1612
1403,50,1066,17,1008,51,1532
1404,60,1194,23,1035,43,1612
1405,51,1159,17,1051,28,1570
1406,46,1210,23,1057,41,1606
1407,53,1205,36,1106,38,1577
1408,53,1129,20,1130,36,1685
1409,39,1202,15,1097,32,1611
1410,50,1247,20,1146,31,1780
1411,48,1207,10,1104,23,1872
1412,45,1180,17,1067,32,1880
1413,37,1229,15,1049,33,1922
1414,55,1300,20,983,36,1922
1415,43,1170,20,1000,32,1879
1416,40,1272,17,993,25,1849
1417,44,1265,29,1031,34,1911
1418,42,1084,31,986,41,1806
1419,39,1159,12,963,28,1895
1420,43,1031,9,906,41,1925
1421,47,1144,16,931,34,1792
1422,48,1117,13,903,47,2001
1423,41,1099,21,972,39,1925
1424,42,1154,26,965,45,2037
1425,38,1089,22,1037,41,1959
1426,43,1123,21,1030,28,2107
1427,38,1072,26,1012,40,2022
1428,49,1115,22,1025,44,1940
1429,42,994,24,978,51,1795
1430,36,1041,28,981,43,1893
1431,39,992,22,919,64,2011
1432,37,1031,28,952,53,1994
1433,50,1040,35,920,74,2195
1434,44,1071,34,959,62,2113
1435,49,963,31,1000,50,2282
1436,45,1094,40,1077,63,2302
1437,59,1093,32,1029,56,2056
1438,49,1049,35,1106,58,2285
1439,52,1046,34,1064,63,2190
1440,51,1072,34,1031,69,1933
1441,64,1004,32,1007,61,2091
1442,52,1014,37,937,48,1831
1443,60,1041,42,936,66,1968
1444,68,1079,29,942,52,1913
1445,77,1050,39,900,49,1906
1446,78,1081,42,947,63,2007
1447,65,1069,35,956,45,1874
1448,71,1083,40,983,42,1954
1449,67,986,39,869,43,1982
1450,78,1029,42,911,36,1829
1451,67,990,41,859,39,1811
1452,71,972,38,773,39,1800
1453,55,932,34,768,30,1741
1454,69,910,41,759,35,1727
1455,75,925,40,740,30,1639
1456,73,860,43,717,29,1683
1457,65,860,42,680,34,1748
1458,66,886,42,712,30,1673
1459,87,870,43,710,24,1785
1460,86,798,59,671,35,1825
1461,94,819,56,635,39,1725
1462,92,831,67,665,49,1800
1463,79,856,54,680,33,1764
1464,78,800,53,658,44,1775
1465,65,809,51,626,44,1705
1466,79,818,50,588,44,1777
1467,91,825,59,619,40,1660
1468,81,875,66,625,33,1645
1469,75,864,48,663,43,1559
1470,70,891,44,691,40,1547
1471,49,828,33,669,45,1511
1472,46,842,21,661,31,1522
1473,53,863,31,708,31,1653
1474,48,858,27,734,20,1600
1475,60,854,25,718,36,1733
1476,51,803,24,729,27,1683
1477,56,845,26,744,26,1686
1478,69,871,28,766,28,1698
1479,59,903,31,759,32,1690
1480,53,914,32,762,37,1868
1481,61,951,35,775,26,1833
1482,64,964,49,793,39,1938
1483,65,955,36,751,44,1931
1484,60,1011,26,792,43,1989
1485,72,957,37,801,38,2004
1486,56,983,38,807,40,2053
1487,62,900,32,833,45,2029
1488,62,983,30,787,45,2208
1489,66,965,39,815,39,2139
1490,53,1005,40,850,52,2249
1491,62,1034,36,839,54,2202
1492,71,1062,29,820,45,2120
1493,70,1029,53,916,45,2108
1494,73,1050,67,922,42,2019
1495,67,1100,54,964,35,2189
1496,67,1083,37,1033,50,2138
1497,61,1068,51,1025,48,2250
1498,61,1116,47,1057,40,2089
1499,74,1026,40,1033,50,2116
1500,72,1128,48,984,50,2156
1501,62,1104,52,995,43,2079
1502,65,1067,49,1000,59,2192
1503,63,1148,37,1034,68,2148
1504,81,1071,36,982,57,2362
1505,65,1138,54,1060,66,2394
1506,48,1031,29,1068,68,2546
1507,72,1069,47,1088,84,2484
1508,63,1103,37,1083,63,2615
1509,74,1088,51,1084,82,2617
1510,59,1113,39,1098,74,2367
1511,60,1044,46,1079,82,2392
1512,60,1146,30,1061,59,2421
1513,55,1125,34,1072,72,2218
1514,53,1157,30,1021,67,2275
1515,61,1063,27,1040,64,2237
1516,62,1081,29,1058,75,2429
1517,61,1028,41,1087,64,2549
1518,48,1065,47,1102,78,2617
1519,48,1059,39,1142,62,2435
1520,43,1070,36,1144,64,2665
1521,55,1079,37,1171,77,2482
1522,52,1058,29,1200,63,2450
1523,50,1134,35,1163,60,2289
1524,53,1177,44,1210,66,2336
1525,49,1134,39,1179,59,2154
1526,68,1170,46,1224,64,2250
1527,64,1200,51,1208,89,2328
1528,65,1161,47,1147,78,2510
1529,68,1219,62,1109,70,2278
1530,71,1206,38,1122,73,2402
1531,59,1245,42,1149,78,2466
1532,62,1294,36,1146,79,2455
1533,64,1316,43,1138,62,2293
1534,74,1321,48,1130,60,2275
1535,76,1413,45,1185,63,2260
1536,73,1453,31,1153,67,2213
1537,78,1477,35,1137,75,2243
1538,88,1479,45,1163,62,2074
1539,82,1531,51,1212,68,2303
1540,72,1378,35,1247,69,2323
1541,72,1584,45,1312,68,2375
1542,80,1501,58,1339,75,2407
1543,82,1574,60,1411,73,2434
1544,79,1564,59,1424,86,2447
1545,86,1623,67,1494,93,2324
1546,89,1594,58,1465,73,2362
1547,86,1484,64,1464,75,2339
1548,93,1557,59,1483,74,2273
1549,56,1543,56,1480,54,2112
1550,56,1568,44,1504,72,2442
1551,65,1528,48,1431,61,2219
1552,67,1542,42,1363,78,2324
1553,70,1474,49,1324,79,2437
1554,68,1449,64,1358,85,2504
1555,57,1401,70,1335,97,2487
1556,66,1474,58,1342,91,2475
1557,71,1401,75,1347,93,2437
1558,81,1412,70,1291,85,2493
1559,93,1431,78,1329,87,2419
1560,66,1493,81,1327,89,2444
1561,73,1466,72,1249,72,2445
1562,68,1457,70,1254,71,2076
1563,70,1326,69,1238,64,2087
1564,79,1350,61,1279,76,2040
1565,60,1369,62,1303,68,2042
1566,80,1304,75,1335,67,2018
1567,78,1338,54,1217,79,2020
1568,71,1310,66,1277,75,1780
1569,85,1242,61,1256,87,1803
1570,74,1303,67,1277,70,1680
1571,78,1271,64,1252,64,1764
1572,79,1310,64,1272,80,1673
1573,75,1331,74,1284,68,1757
1574,81,1296,75,1297,73,1800
1575,77,1324,74,1304,85,1853
1576,61,1253,69,1282,76,1911
1577,66,1290,63,1224,91,1803
1578,67,1257,63,1158,87,1952
1579,63,1302,68,1136,93,1993
1580,70,1322,58,1112,88,2012
1581,61,1250,56,1091,87,2051
1582,65,1252,58,1053,80,1951
1583,66,1256,74,1048,71,1962
1584,62,1256,55,1059,74,1955
1585,60,1245,65,977,57,1832
1586,58,1217,49,1001,47,1773
1587,60,1228,49,949,57,1788
1588,67,1236,56,1005,63,1744
1589,76,1193,51,1070,44,1664
1590,46,1112,44,1008,61,1676
1591,53,1122,38,988,54,1542
1592,57,1081,43,974,62,1637
1593,48,1047,35,941,66,1631
1594,63,1115,34,966,55,1597
1595,49,1158,39,1039,49,1610
1596,64,1165,36,1062,58,1609
1597,61,1154,44,1081,63,1551
1598,65,1205,31,1151,71,1797
1599,73,1212,41,1153,58,1822
1600,56,1263,33,1141,54,1902
1601,65,1200,43,1135,56,1926
1602,68,1270,43,1118,54,1926
1603,64,1208,40,1078,59,1893
1604,44,1194,32,1012,55,1837
1605,61,1185,27,969,39,1775
1606,56,1178,43,937,42,1783
1607,53,1171,40,929,47,1725
1608,56,1181,39,991,49,1690
1609,60,1121,36,950,38,1535
1610,52,1146,36,917,34,1749
1611,71,1122,46,907,40,1756
1612,62,1029,38,902,35,1701
1613,72,1039,47,873,40,1749
1614,67,1050,56,968,41,1691
1615,75,1097,41,981,44,1609
1616,68,1060,44,1011,34,1537
1617,67,1044,41,976,29,1543
1618,76,1085,37,982,40,1514
1619,79,1061,37,970,30,1442
1620,92,1134,62,994,33,1486
1621,95,1126,53,943,26,1523
1622,84,1147,47,961,32,1460
1623,104,1140,65,958,32,1589
1624,96,1141,46,956,35,1483
1625,90,1125,49,1039,39,1410
1626,85,1157,54,1030,34,1397
1627,94,1158,56,1021,30,1354
1628,87,1075,57,1044,39,1333
1629,85,1091,57,1093,41,1446
1630,81,1122,50,1032,44,1484
1631,81,1161,53,1025,40,1363
1632,86,1180,58,1021,42,1352
1633,86,1141,46,1032,36,1343
1634,96,1164,51,998,53,1271
1635,89,1213,50,1113,49,1245
1636,73,1211,51,1113,42,1276
1637,88,1196,66,1190,46,1286
1638,76,1189,54,1204,59,1333
1639,91,1184,62,1227,53,1210
1640,94,1216,60,1318,51,1175
1641,96,1256,62,1308,52,1230
1642,79,1300,60,1301,41,1139
1643,75,1334,64,1278,42,1186
1644,102,1278,70,1297,49,1223
1645,98,1304,75,1315,50,1185
1646,79,1237,72,1387,50,1259
1647,78,1316,84,1410,58,1156
1648,97,1323,90,1362,62,1244
1649,98,1358,72,1362,32,1189
1650,95,1362,77,1357,40,1163
1651,93,1356,89,1359,57,1237
1652,99,1388,84,1388,61,1150
1653,106,1427,82,1409,62,1292
1654,86,1369,92,1391,69,1215
1655,115,1441,93,1449,64,1158
1656,101,1449,84,1436,62,1135
1657,84,1484,78,1508,65,1134
1658,92,1521,68,1507,57,1067
1659,80,1546,78,1519,52,1085
1660,102,1580,74,1497,51,1161
1661,76,1521,86,1573,58,1124
1662,62,1615,58,1592,62,1132
1663,76,1581,74,1640,54,1102
1664,74,1605,81,1563,49,1134
1665,94,1567,70,1598,50,1127
1666,68,1620,82,1612,56,1083
1667,75,1551,73,1592,58,1143
1668,65,1499,64,1609,55,1146
1669,56,1481,65,1524,58,1202
1670,59,1448,48,1513,55,1262
1671,82,1491,62,1492,59,1247
1672,82,1544,57,1452,54,1321
1673,74,1561,68,1401,48,1221
1674,85,1514,69,1297,59,1307
1675,77,1473,65,1293,59,1267
1676,56,1491,62,1289,56,1288
1677,67,1508,54,1256,63,1354
1678,82,1551,62,1285,64,1301
1679,75,1540,54,1283,50,1247
1680,74,1499,51,1246,45,1267
1681,66,1531,62,1262,61,1247
1682,84,1543,56,1296,47,1222
1683,83,1542,64,1280,46,1259
1684,83,1567,63,1381,52,1235
1685,77,1561,54,1414,42,1304
1686,83,1581,79,1467,58,1195
1687,85,1525,68,1470,47,1243
1688,81,1569,58,1496,58,1248
1689,81,1565,58,1461,51,1266
1690,101,1594,72,1494,55,1185
1691,94,1599,60,1441,56,1228
1692,102,1524,67,1433,59,1214
1693,93,1532,57,1379,61,1220
1694,87,1492,55,1423,76,1204
1695,101,1437,80,1397,70,1233
1696,98,1548,55,1398,57,1168
1697,92,1478,73,1400,75,1249
1698,97,1545,69,1388,61,1169
1699,101,1575,76,1444,70,1200
1700,127,1661,75,1426,62,1196
1701,112,1647,70,1369,59,1233
1702,117,1632,92,1401,58,1189
1703,100,1664,61,1352,52,1195
1704,98,1650,71,1389,53,1188
1705,107,1629,60,1376,50,1171
1706,111,1654,57,1405,67,1192
1707,87,1692,56,1410,62,1187
1708,103,1596,62,1451,49,1218
1709,96,1565,70,1487,49,1132
1710,100,1653,62,1528,48,1168
1711,86,1552,65,1491,49,1159
1712,96,1599,69,1520,43,1146
1713,95,1624,72,1504,61,1173
1714,92,1635,62,1529,48,1063
1715,109,1510,68,1498,47,1206
1716,111,1632,79,1570,59,1238
1717,104,1573,69,1555,36,1209
1718,104,1633,79,1559,42,1258
1719,99,1682,66,1616,41,1245
1720,101,1701,84,1599,47,1210
1721,98,1615,60,1498,55,1237
1722,103,1647,68,1507,41,1132
1723,110,1588,59,1455,40,1289
1724,111,1652,77,1416,53,1329
1725,122,1561,76,1397,62,1237
1726,106,1664,79,1461,64,1297
1727,115,1666,78,1475,72,1301
1728,109,1653,79,1370,58,1217
1729,104,1595,85,1384,75,1263
1730,119,1654,86,1334,55,1326
1731,121,1760,89,1390,68,1360
1732,136,1705,76,1392,63,1284
1733,119,1665,96,1358,73,1402
1734,110,1637,82,1424,57,1265
1735,122,1587,82,1461,41,1327
1736,124,1567,69,1421,39,1187
1737,102,1535,67,1460,46,1294
1738,131,1567,106,1384,54,1261
1739,106,1460,77,1369,57,1248
1740,101,1436,68,1354,56,1368
1741,104,1439,71,1334,55,1270
1742,102,1355,82,1314,71,1336
1743,108,1414,105,1327,65,1250
1744,96,1445,108,1264,70,1322
1745,96,1415,96,1166,66,1288
1746,98,1365,77,1135,58,1306
1747,80,1215,76,1098,61,1276
1748,77,1277,69,1134,53,1331
1749,80,1222,79,1114,66,1291
1750,77,1336,81,1121,51,1306
1751,75,1253,98,1147,63,1257
1752,78,1258,77,1108,56,1321
1753,68,1216,69,1091,65,1364
1754,86,1296,61,1083,61,1296
1755,72,1219,66,1104,53,1336
1756,78,1219,70,1148,72,1397
1757,75,1265,75,1182,63,1327
1758,67,1287,74,1187,62,1397
1759,70,1272,61,1161,61,1334
1760,73,1238,67,1211,59,1408
1761,81,1267,62,1198,56,1358
1762,71,1303,59,1214,52,1381
1763,64,1318,53,1199,64,1410
1764,85,1317,75,1179,47,1333
1765,80,1246,65,1155,48,1425
1766,77,1280,68,1161,47,1324
1767,64,1237,63,1123,40,1398
1768,60,1213,51,1106,38,1350
1769,72,1195,52,1069,36,1258
1770,55,1184,50,1032,41,1330
1771,60,1094,48,1033,43,1339
1772,62,1143,59,1058,43,1199
1773,66,1148,47,1008,46,1242
1774,67,1187,55,1047,39,1335
1775,49,985,62,990,45,1277
1776,52,1032,56,940,44,1359
1777,52,1027,41,928,47,1421
1778,43,962,42,933,37,1392
1779,48,990,37,851,38,1320
1780,59,901,52,834,49,1227
1781,63,929,52,832,47,1236
1782,51,906,49,870,46,1197
1783,59,919,55,864,51,1225
1784,64,922,46,821,47,1202
1785,53,907,51,826,44,1330
1786,59,893,47,828,44,1341
1787,57,874,56,837,46,1371
1788,54,935,63,801,53,1391
1789,60,898,53,790,46,1473
1790,60,985,45,785,37,1366
1791,62,987,53,771,51,1310
1792,51,989,54,770,62,1337
1793,67,905,46,792,46,1361
1794,55,990,49,849,55,1321
1795,57,943,63,833,55,1369
1796,51,871,53,825,55,1261
1797,54,890,61,814,59,1357
1798,76,921,58,851,52,1379
1799,63,869,57,839,52,1372
1800,63,941,55,791,56,1399
1801,73,931,63,747,55,1525
1802,67,848,58,709,57,1395
1803,53,912,59,728,46,1302
1804,78,903,56,735,45,1336
1805,70,905,53,720,34,1291
1806,71,913,64,763,45,1301
1807,59,933,53,782,46,1243
1808,74,892,64,766,33,1369
1809,61,895,57,804,44,1397
1810,57,879,51,751,43,1367
1811,50,922,46,721,55,1390
1812,57,835,53,792,51,1388
1813,81,837,70,750,55,1366
1814,83,847,72,787,58,1454
1815,76,882,75,821,56,1401
1816,70,896,57,778,61,1333
1817,72,898,56,761,62,1413
1818,69,907,65,757,65,1325
1819,59,879,54,740,65,1396
1820,55,865,71,730,55,1316
1821,43,867,52,727,54,1332
1822,54,820,50,710,58,1361
1823,62,856,51,687,65,1293
1824,43,826,40,700,43,1212
1825,53,807,49,678,59,1249
1826,46,822,48,692,56,1242
1827,47,809,39,706,41,1198
1828,55,861,49,723,47,1154
1829,46,839,45,759,48,1152
1830,53,876,44,761,48,1198
1831,54,903,48,777,42,1145
1832,64,890,49,764,52,1274
1833,50,882,47,760,46,1310
1834,43,837,45,773,36,1342
1835,50,797,49,792,41,1400
1836,48,815,55,792,46,1372
1837,64,841,38,820,47,1445
1838,52,881,51,809,36,1276
1839,52,898,45,820,30,1295
1840,61,919,48,870,32,1275
1841,76,924,59,864,38,1323
1842,51,869,46,836,34,1261
1843,55,872,51,757,34,1295
1844,39,827,45,763,32,1346
1845,42,813,43,710,43,1241
1846,39,785,32,733,27,1350
1847,40,783,30,685,30,1454
1848,31,739,24,722,30,1502
1849,32,748,21,671,31,1486
1850,37,751,27,625,25,1453
1851,32,766,26,622,31,1491
1852,33,740,24,613,19,1419
1853,37,765,10,617,42,1418
1854,41,784,20,642,37,1383
1855,34,779,11,672,20,1435
1856,43,813,24,685,24,1448
1857,39,822,20,670,27,1498
1858,40,815,26,695,26,1612
1859,31,765,30,652,27,1492
1860,35,810,34,683,32,1530
1861,40,870,32,691,37,1553
1862,42,765,38,695,44,1533
1863,34,833,49,719,22,1608
1864,51,833,52,670,29,1591
1865,51,796,48,674,41,1692
1866,42,808,35,677,35,1643
1867,41,774,31,647,30,1682
1868,46,712,43,628,26,1626
1869,40,723,32,675,27,1736
1870,41,675,31,651,27,1628
1871,40,688,31,611,32,1711
1872,36,679,31,613,36,1589
1873,41,633,32,604,24,1644
1874,35,673,31,668,23,1610
1875,39,683,29,618,52,1656
1876,38,658,29,636,44,1636
1877,45,695,43,637,42,1692
1878,49,731,33,634,48,1622
1879,38,716,36,697,37,1716
1880,33,715,34,700,55,1717
1881,43,729,33,692,58,1795
1882,43,728,47,710,42,1750
1883,37,726,26,722,49,1818
1884,43,778,23,752,44,1769
1885,40,761,31,753,41,1659
1886,42,784,26,772,35,1557
1887,43,771,45,779,32,1522
1888,45,809,31,749,47,1584
1889,43,803,26,725,28,1475
1890,54,768,30,727,48,1581
1891,43,733,40,713,35,1519
1892,53,813,34,641,42,1681
1893,51,802,39,675,49,1662
1894,46,786,47,644,46,1689
1895,43,794,32,605,54,1791
1896,42,814,33,611,59,1716
1897,44,785,42,580,39,1803
1898,50,768,41,592,45,1786
1899,46,785,27,573,30,1637
1900,46,720,31,603,30,1736
1901,47,763,32,559,38,1751
1902,35,646,32,515,25,1668
1903,32,678,30,507,24,1741
1904,41,640,28,507,22,1733
1905,41,649,30,523,19,1663
1906,39,681,29,520,22,1728
1907,45,732,32,515,29,1779
1908,40,717,36,537,28,1679
1909,54,700,37,564,35,1736
1910,42,668,36,600,29,1579
1911,58,695,40,595,33,1677
1912,47,702,43,611,37,1677
1913,57,684,55,574,47,1600
1914,47,743,34,573,28,1616
1915,43,727,27,565,37,1645
1916,46,775,35,599,29,1683
1917,64,805,35,585,35,1772
1918,61,813,35,581,35,1766
1919,49,823,39,612,34,1848
1920,44,788,36,571,35,1854
1921,55,834,34,583,24,1784
1922,55,772,40,591,25,1701
1923,46,896,29,620,29,1759
1924,53,819,24,622,39,1758
1925,43,901,30,629,32,1636
1926,50,903,30,656,40,1777
1927,39,820,20,696,27,1799
1928,37,884,26,717,34,1875
1929,67,937,32,736,41,1822
1930,61,960,39,786,37,1923
1931,54,978,48,846,40,1870
1932,66,915,41,836,50,1795
1933,52,965,37,843,39,1869
1934,66,1036,44,879,60,1887
1935,62,1067,44,882,54,1743
1936,64,1019,51,890,40,1846
1937,58,1057,47,913,41,1709
1938,65,1111,61,1017,45,1870
1939,70,1112,62,1029,56,1798
1940,62,1015,53,1082,63,1930
1941,64,1100,55,1125,67,1828
1942,52,1104,63,1072,56,1922
1943,64,1092,67,1119,62,1886
1944,68,1103,65,1135,50,1801
1945,67,1152,55,1121,63,1834
1946,69,1090,65,1123,71,1920
1947,69,1098,76,1141,67,1720
1948,59,1136,67,1099,71,1763
1949,70,1035,52,1180,61,1836
1950,65,1091,64,1139,57,1783
1951,68,1065,69,1148,60,1932
1952,62,1024,58,1190,66,1873
1953,75,1148,83,1218,80,2048
1954,67,1158,65,1216,60,1985
1955,76,1177,86,1233,77,2063
1956,67,1157,94,1213,79,1978
1957,63,1163,88,1196,92,2057
1958,79,1197,81,1225,97,1958
1959,67,1144,76,1224,82,2030
1960,71,1236,95,1195,93,1954
1961,75,1168,98,1216,92,2004
1962,68,1233,105,1250,86,1994
1963,81,1188,105,1221,101,1923
1964,95,1140,104,1189,104,1964
1965,89,1183,102,1196,104,2026
1966,91,1184,112,1185,107,1933
1967,95,1215,99,1194,100,1996
1968,66,1144,92,1156,86,1895
1969,86,1256,94,1165,87,2034
1970,88,1251,100,1159,100,1964
1971,73,1242,86,1188,106,2003
1972,86,1248,97,1214,99,1897
1973,86,1247,98,1200,106,1987
1974,80,1239,104,1177,103,2010
1975,78,1222,83,1147,112,2220
1976,89,1252,117,1275,105,2162
1977,99,1215,95,1243,122,2004
1978,88,1298,100,1264,96,2081
1979,83,1323,109,1299,93,2144
1980,74,1220,102,1312,97,1998
1981,74,1258,110,1346,113,2291
1982,86,1295,110,1349,107,2153
1983,92,1285,115,1307,118,2361
1984,70,1291,104,1372,109,2309
1985,64,1336,100,1381,95,2086
1986,74,1375,102,1432,86,2257
1987,84,1384,105,1471,100,2027
1988,93,1396,108,1432,101,2341
1989,89,1422,117,1402,85,2356
1990,95,1414,107,1422,98,2488
1991,84,1379,115,1429,84,2369
1992,107,1503,119,1463,80,2293
1993,100,1411,120,1417,72,2307
1994,104,1478,123,1438,86,2168
1995,105,1405,118,1422,95,2341
1996,120,1485,150,1471,113,2440
1997,97,1437,117,1456,95,2468
1998,112,1531,123,1533,108,2318
1999,108,1478,133,1519,118,2440
2000,106,1540,150,1573,122,2336
2001,104,1489,150,1636,102,2481
2002,95,1596,146,1696,106,2325
2003,85,1499,143,1671,105,2466
2004,84,1540,128,1663,101,2241
2005,78,1394,124,1645,104,2439
2006,65,1462,105,1724,77,2226
2007,75,1425,109,1651,98,2469
2008,72,1502,95,1622,98,2474
2009,64,1358,88,1564,95,2388
2010,58,1459,76,1607,100,2485
2011,51,1402,74,1540,92,2603
2012,49,1478,63,1473,93,2415
2013,60,1438,69,1469,105,2507
2014,54,1418,69,1442,97,2307
2015,59,1445,65,1381,110,2432
2016,63,1373,61,1423,102,2252
2017,68,1403,76,1457,121,2385
2018,69,1460,71,1408,111,2468
2019,63,1515,80,1444,117,2426
2020,73,1493,84,1436,103,2477
2021,70,1545,81,1453,114,2647
2022,73,1537,90,1369,116,2524
2023,69,1550,88,1416,118,2645
2024,67,1529,89,1455,127,2474
2025,92,1602,102,1450,101,2517
2026,70,1558,89,1404,104,2523
2027,87,1599,71,1410,89,2700
2028,81,1538,68,1412,98,2539
2029,76,1622,69,1440,94,2687
2030,70,1597,69,1429,100,2570
2031,70,1492,62,1445,92,2582
2032,71,1597,66,1426,79,2415
2033,62,1508,58,1411,85,2587
2034,68,1570,50,1428,81,2401
2035,60,1474,61,1445,75,2526
2036,59,1530,59,1510,77,2497
2037,77,1603,59,1500,88,2590
2038,59,1597,56,1566,79,2439
2039,60,1587,59,1646,73,2625
2040,67,1622,51,1725,66,2464
2041,46,1564,64,1690,71,2492
2042,51,1590,68,1720,71,2527
2043,49,1642,62,1776,84,2528
2044,56,1712,73,1752,77,2397
2045,54,1674,62,1685,70,2476
2046,38,1590,60,1720,78,2336
2047,56,1688,75,1705,72,2138
2048,48,1671,79,1724,67,2127
2049,48,1637,85,1678,75,2133
2050,48,1746,76,1713,64,2035
2051,59,1669,78,1731,67,2220
2052,50,1713,70,1688,62,2171
2053,53,1790,54,1704,61,2137
2054,50,1700,54,1623,79,2198
2055,48,1682,41,1608,67,2083
2056,28,1649,40,1583,81,2137
2057,37,1489,47,1611,59,2036
2058,31,1533,41,1585,65,2039
2059,40,1555,44,1569,62,2123
2060,37,1536,47,1550,54,2148
2061,45,1617,52,1589,75,2078
2062,47,1522,46,1551,67,1944
2063,38,1580,50,1525,71,1919
2064,43,1627,56,1558,69,1897
2065,45,1660,48,1556,82,2123
2066,33,1605,55,1529,78,2184
2067,52,1680,50,1508,78,2305
2068,43,1638,48,1485,86,2370
2069,43,1712,36,1500,73,2284
2070,61,1752,45,1489,88,2438
2071,45,1732,45,1518,70,2421
2072,42,1663,50,1499,85,2282
2073,45,1648,49,1446,83,2328
2074,37,1682,61,1481,76,2320
2075,42,1613,62,1506,83,2286
2076,53,1623,48,1540,69,2141
2077,48,1630,50,1542,73,2141
2078,41,1537,52,1502,71,2049
2079,49,1504,49,1492,73,2086
2080,49,1517,50,1514,83,1978
2081,45,1420,52,1482,69,2027
2082,42,1544,50,1496,76,1935
2083,41,1519,51,1465,62,1974
2084,45,1535,51,1501,48,1871
2085,39,1521,55,1559,64,1926
2086,44,1607,46,1499,57,1878
2087,45,1632,56,1491,60,1954
2088,45,1601,57,1375,74,1802
2089,52,1575,59,1439,73,1960
2090,47,1504,59,1321,61,1914
2091,52,1554,55,1314,70,1979
2092,48,1468,58,1316,72,1950
2093,46,1479,51,1240,80,2073
2094,44,1363,50,1225,76,2050
2095,44,1390,58,1200,94,1932
2096,61,1387,53,1211,77,1803
2097,44,1416,52,1188,87,1736
2098,47,1399,49,1277,62,1682
2099,62,1430,56,1253,79,1775
2100,71,1414,62,1253,77,1585
2101,77,1378,64,1293,82,1775
2102,70,1392,70,1231,70,1716
2103,75,1422,60,1261,91,1896
2104,61,1510,48,1239,87,1929
2105,76,1375,53,1223,98,1978
2106,57,1495,48,1193,83,1905
2107,90,1496,49,1257,94,1847
2108,75,1449,54,1254,92,1836
2109,66,1465,55,1258,85,1866
2110,70,1445,70,1248,81,1818
2111,63,1443,52,1254,83,1680
2112,55,1420,50,1239,70,1904
2113,51,1400,43,1282,75,1834
2114,54,1378,52,1371,76,2010
2115,43,1387,48,1380,71,1903
2116,51,1329,51,1341,87,2027
2117,46,1354,45,1333,81,2040
2118,45,1255,43,1284,80,2078
2119,51,1261,43,1268,89,2047
2120,45,1260,41,1282,84,2104
2121,41,1166,51,1260,86,2229
2122,38,1149,46,1190,72,2197
2123,39,1141,60,1246,83,2058
2124,41,1151,45,1236,78,2102
2125,42,1104,62,1233,69,1989
2126,38,1130,50,1236,69,1928
2127,46,1097,41,1177,67,2069
2128,52,1111,51,1258,72,2065
2129,50,1158,50,1329,82,2155
2130,48,1147,66,1276,83,2116
2131,45,1175,50,1254,78,2093
2132,42,1221,61,1242,64,2067
2133,57,1189,62,1182,65,1944
2134,59,1212,60,1119,78,2017
2135,46,1105,47,1100,65,1915
2136,42,1171,56,1196,80,2195
2137,50,1152,48,1241,65,2253
2138,45,1171,42,1289,65,2345
2139,46,1193,48,1274,75,2416
2140,47,1133,58,1281,73,2477
2141,38,1108,43,1331,74,2325
2142,33,1111,49,1280,67,2126
2143,38,1087,39,1222,65,2131
2144,48,1134,41,1259,79,2165
2145,45,1138,40,1250,74,2169
2146,61,1170,63,1242,93,2221
2147,41,1192,52,1314,75,2169
2148,47,1254,43,1273,81,2256
2149,34,1254,56,1267,85,2321
2150,52,1285,55,1308,71,2416
2151,52,1231,51,1296,81,2222
2152,62,1246,51,1323,80,2386
2153,51,1308,57,1292,66,2209
2154,63,1354,71,1311,74,2117
2155,52,1408,61,1364,72,2166
2156,51,1446,58,1409,57,2159
2157,60,1432,59,1365,50,2151
2158,46,1465,48,1390,49,2092
2159,53,1486,53,1352,64,2271
2160,64,1458,47,1369,93,2321
2161,47,1489,52,1430,72,2350
2162,62,1530,39,1424,60,2289
2163,50,1547,58,1419,58,2351
2164,46,1487,58,1484,69,2337
2165,62,1509,48,1463,65,2393
2166,54,1435,47,1385,54,2408
2167,71,1439,45,1371,74,2353
2168,60,1325,42,1317,57,2215
2169,71,1271,52,1270,60,2330
2170,52,1274,39,1346,64,2317
2171,66,1260,45,1295,85,2350
2172,61,1236,48,1248,76,2293
2173,52,1191,39,1297,70,2248
2174,53,1234,40,1313,79,2173
2175,56,1264,36,1385,72,2255
2176,63,1258,56,1394,65,2165
2177,66,1289,44,1382,62,2206
2178,56,1330,52,1484,42,2180
2179,46,1377,54,1546,52,2230
2180,62,1396,40,1526,66,2238
2181,66,1414,42,1516,56,2289
2182,71,1308,55,1553,49,2189
2183,70,1335,42,1481,53,2275
2184,85,1317,53,1522,57,2349
2185,79,1376,48,1513,56,2361
2186,96,1387,51,1493,74,2282
2187,77,1408,65,1512,63,2426
2188,66,1368,62,1516,66,2475
2189,70,1288,54,1494,55,2257
2190,57,1286,45,1494,49,2138
2191,72,1341,58,1456,68,2123
2192,88,1377,62,1472,58,2093
2193,68,1344,70,1517,72,1902
2194,84,1388,55,1432,68,2021
2195,80,1410,46,1392,65,1848
2196,72,1370,56,1358,50,1944
2197,58,1298,52,1375,56,1930
2198,56,1275,45,1330,47,1939
2199,59,1174,44,1269,49,1950
2200,59,1139,56,1308,57,1885
2201,66,1086,49,1286,43,1672
2202,50,1114,50,1238,51,1557
2203,44,1053,39,1229,71,1615
2204,62,1079,48,1198,51,1495
2205,54,1009,38,1190,58,1461
2206,54,1064,35,1169,38,1290
2207,61,1094,40,1136,46,1361
2208,63,1070,54,1096,47,1311
2209,63,1037,50,1091,34,1299
2210,62,1028,55,1082,35,1281
2211,65,1018,54,1047,47,1229
2212,70,1020,55,1051,42,1129
2213,66,1029,51,1065,48,1193
2214,69,1028,50,1125,43,1072
2215,82,990,48,1073,43,1143
2216,79,1023,53,1176,72,1067
2217,68,983,59,1258,50,1111
2218,81,1048,58,1188,57,1070
2219,79,1029,66,1191,47,1033
2220,69,1057,42,1204,56,1071
2221,65,1062,70,1193,56,1037
2222,64,1052,60,1275,47,1096
2223,66,1034,66,1278,62,1096
2224,75,1042,61,1286,51,1051
2225,70,1079,52,1285,55,1031
2226,65,1102,50,1288,45,1010
2227,76,1123,57,1220,41,957
2228,67,1111,53,1257,38,960
2229,71,1056,56,1259,35,942
2230,68,1065,53,1271,29,1047
2231,66,1070,52,1284,45,998
2232,69,1067,52,1329,56,983
2233,54,1067,46,1284,34,1009
2234,60,1080,63,1334,49,967
2235,63,1149,50,1309,41,952
2236,62,1118,46,1307,42,914
2237,75,1170,51,1318,50,869
2238,63,1148,55,1334,44,892
2239,59,1131,57,1317,40,804
2240,66,1114,40,1283,37,835
2241,65,1098,56,1280,32,763
2242,50,1050,40,1294,26,780
2243,60,1107,43,1299,36,749
2244,54,1081,45,1242,24,784
2245,50,1070,28,1219,33,772
2246,46,1045,46,1231,24,767
2247,41,1005,45,1268,26,819
2248,57,964,56,1366,28,768
2249,54,1013,53,1335,18,821
2250,48,1052,45,1235,28,812
2251,48,1055,39,1182,34,864
2252,44,1078,33,1188,26,761
2253,54,1064,43,1118,31,857
2254,34,1051,38,1055,27,854
2255,41,1058,36,1081,22,763
2256,33,1019,30,1040,23,827
2257,39,1019,30,1035,15,730
2258,50,1077,37,1046,14,791
2259,47,1128,30,966,11,711
2260,49,1031,32,1007,8,758
2261,41,1019,26,972,11,747
2262,35,983,17,1040,15,791
2263,31,891,29,1080,12,722
2264,45,900,27,1083,11,730
2265,34,841,36,1075,6,761
2266,34,711,28,1034,18,723
2267,34,676,23,1012,11,767
2268,37,700,41,982,7,751
2269,38,688,34,989,5,681
2270,48,670,34,1012,13,788
2271,45,649,30,938,18,731
2272,37,646,28,970,13,893
2273,27,643,24,940,8,924
2274,29,634,24,971,5,1039
2275,35,649,30,996,13,1181
2276,26,659,30,1041,17,1229
2277,24,699,28,1015,12,1233
2278,22,724,21,1028,16,1373
2279,29,746,21,977,13,1387
2280,20,697,18,1020,10,1482
2281,33,742,18,1061,16,1761
2282,23,749,23,1045,21,1838
2283,21,740,15,1060,21,1824
2284,21,838,23,1092,26,1922
2285,22,857,22,1095,19,1852
2286,28,845,18,1054,36,1998
2287,32,859,38,1022,36,1867
2288,27,789,32,1030,31,1925
2289,46,843,41,1053,31,1849
2290,45,761,51,1062,47,2008
2291,40,847,36,1072,38,1982
2292,48,813,40,1147,33,2059
2293,36,935,36,1136,60,2079
2294,44,958,26,1151,45,1927
2295,40,974,39,1185,39,2000
2296,51,1037,40,1264,49,1924
2297,38,1024,32,1322,43,2045
2298,48,1029,44,1273,40,1977
2299,45,1090,33,1252,24,1972
2300,41,1060,33,1313,24,1880
2301,49,1096,42,1379,28,2052
2302,48,1109,39,1472,31,2028
2303,40,1036,52,1473,38,2062
2304,49,1096,46,1495,24,1963
2305,57,1117,47,1564,31,1898
2306,55,1130,58,1554,22,1832
2307,56,1181,43,1539,18,1900
2308,50,1213,39,1577,25,1904
2309,61,1289,34,1644,27,1868
2310,66,1299,51,1673,26,1783
2311,55,1206,40,1656,34,1869
2312,42,1199,48,1632,43,1807
2313,48,1217,45,1630,25,1791
2314,66,1183,49,1699,24,1795
2315,59,1101,59,1601,25,1717
2316,72,1193,62,1654,27,1776
2317,77,1232,57,1700,18,1698
2318,67,1270,59,1679,21,1722
2319,68,1193,48,1651,20,1737
2320,56,1145,51,1554,17,1735
2321,68,1183,48,1423,9,1742
2322,56,1137,43,1473,17,1682
2323,49,950,38,1451,16,1736
2324,59,1004,51,1376,18,1679
2325,53,992,57,1297,22,1741
2326,48,914,39,1172,11,1605
2327,45,922,51,1158,8,1624
2328,40,1012,39,1118,6,1616
2329,54,933,36,1010,15,1656
2330,40,907,52,919,18,1576
2331,44,902,60,914,32,1600
2332,49,875,56,842,33,1507
2333,57,756,55,798,22,1426
2334,45,768,37,670,32,1378
2335,41,728,39,699,15,1311
2336,57,793,48,681,16,1268
2337,51,747,41,681,17,1243
2338,62,784,52,748,16,1208
2339,46,751,53,749,21,1256
2340,38,811,55,764,25,1233
2341,33,807,46,741,20,1230
2342,48,771,49,737,18,1196
2343,34,787,35,697,18,1154
2344,42,770,54,686,19,1173
2345,33,785,39,689,22,1151
2346,36,775,51,691,22,1206
2347,44,784,35,698,22,1246
2348,34,764,44,664,22,1215
2349,46,771,36,692,20,1247
2350,41,746,40,663,23,1285
2351,48,784,44,643,27,1211
2352,35,713,36,640,27,1282
2353,61,712,65,595,13,1223
2354,41,693,45,559,32,1256
2355,45,666,45,563,17,1253
2356,34,614,49,541,13,1251
2357,45,522,54,467,5,1203
2358,44,536,43,414,12,1172
2359,33,534,26,396,10,1112
2360,39,504,39,405,6,1107
2361,35,532,36,354,8,1061
2362,32,474,27,320,7,1120
2363,30,519,22,294,10,1099
2364,28,512,21,336,9,1104
2365,30,516,24,347,7,1153
2366,22,521,19,374,8,1138
2367,34,503,22,398,12,1194
2368,20,479,21,410,14,1177
2369,28,481,17,368,10,1105
2370,27,484,34,367,8,1145
2371,25,515,24,367,11,1107
2372,29,473,28,336,11,1154
2373,20,505,20,351,10,1164
2374,18,483,18,347,14,1175
2375,27,494,19,312,21,1233
2376,25,450,22,327,21,1194
2377,22,445,19,342,11,1219
2378,29,496,13,326,12,1230
2379,20,490,18,315,11,1283
2380,20,423,17,291,12,1354
2381,21,417,13,301,11,1392
2382,22,432,17,267,15,1424
2383,23,440,21,246,16,1405
2384,17,458,18,263,19,1500
2385,15,452,12,245,11,1484
2386,23,496,19,265,44,1536
2387,17,458,11,272,40,1519
2388,24,531,20,279,23,1561
2389,20,527,7,276,15,1550
2390,32,550,16,308,18,1592
2391,22,506,14,286,13,1610
2392,26,543,24,307,9,1605
2393,29,560,20,337,14,1517
2394,35,586,26,343,23,1510
2395,19,538,18,386,20,1552
2396,22,589,28,395,17,1620
2397,21,573,38,433,21,1558
2398,35,563,31,406,18,1493
2399,31,623,35,453,17,1519
2400,23,581,40,427,23,1574
2401,32,637,44,420,19,1545
2402,27,643,28,423,19,1623
2403,25,658,26,391,23,1631
2404,25,710,29,408,22,1587
2405,33,674,31,419,28,1746
2406,35,728,38,446,40,1804
2407,29,678,34,496,44,1800
2408,27,682,49,480,58,1797
2409,25,700,55,490,42,1930
2410,35,751,45,508,54,1936
2411,22,666,47,502,56,1912
2412,27,738,35,514,50,1931
2413,48,713,33,505,52,1918
2414,27,695,23,494,60,1918
2415,32,653,24,463,47,2015
2416,26,656,25,442,52,1992
2417,18,637,33,462,45,1953
2418,24,615,25,417,60,1943
2419,21,657,23,416,63,1918
2420,18,624,35,402,71,1977
2421,44,684,33,413,52,1983
2422,21,656,29,421,65,2031
2423,15,627,28,434,51,1954
2424,36,702,25,398,57,2027
2425,26,650,26,398,70,1938
2426,44,710,41,478,59,2056
2427,31,721,24,483,61,2056
2428,29,758,37,494,64,1990
2429,24,770,27,537,48,2168
2430,31,738,34,597,72,2106
2431,26,740,43,600,63,2170
2432,36,738,42,580,66,2179
2433,30,777,54,582,55,2069
2434,39,825,51,636,57,2107
2435,34,793,52,603,60,2071
2436,33,749,60,647,55,2072
2437,39,774,47,679,53,2088
2438,31,810,35,676,62,2223
2439,42,844,44,667,45,2087
2440,29,853,35,702,56,2155
2441,33,903,33,687,53,2040
2442,30,873,36,729,53,2151
2443,23,903,37,719,44,2252
2444,30,937,40,729,56,2272
2445,28,941,43,755,49,2250
2446,36,840,49,759,50,2317
2447,46,903,46,817,45,2303
2448,42,942,40,773,49,2305
2449,38,792,41,804,53,2322
2450,40,877,51,801,60,2380
2451,33,910,30,794,67,2363
2452,28,911,50,768,62,2431
2453,28,915,50,759,77,2457
2454,33,828,54,707,63,2623
2455,41,911,45,739,77,2559
2456,32,947,41,752,77,2645
2457,54,953,55,793,82,2574
2458,35,852,52,820,84,2570
2459,40,835,49,818,95,2605
2460,23,826,42,787,78,2642
2461,34,837,41,769,87,2540
2462,28,831,41,750,71,2446
2463,27,861,44,729,63,2522
2464,25,760,39,698,65,2380
2465,26,838,30,675,65,2440
2466,26,832,35,696,59,2365
2467,33,855,36,671,44,2471
2468,28,847,18,670,48,2420
2469,31,872,33,652,51,2443
2470,22,865,24,655,45,2366
2471,19,847,34,671,49,2491
2472,30,848,32,709,42,2424
2473,23,752,28,710,30,2332
2474,27,810,34,715,40,2272
2475,36,811,34,740,29,2403
2476,28,843,25,730,33,2290
2477,22,807,28,709,60,2357
2478,16,860,20,698,41,2309
2479,26,759,23,653,40,2270
2480,27,846,22,664,38,2297
2481,21,777,40,646,44,2351
2482,24,719,39,625,33,2260
2483,21,805,32,597,38,2267
2484,26,767,27,566,46,2211
2485,20,759,27,567,40,2165
2486,18,656,18,545,35,2210
2487,22,655,30,536,35,1999
2488,18,689,19,505,33,2005
2489,22,718,18,460,30,2013
2490,23,711,25,484,34,1947
2491,30,743,22,511,30,1964
2492,25,670,26,515,32,1912
2493,18,749,21,525,31,1994
2494,21,696,33,538,43,2006
2495,27,782,38,549,49,2056
2496,33,818,42,543,58,2037
2497,30,818,37,608,57,2047
2498,39,870,33,615,53,2049
2499,29,818,36,625,54,2058
2500,39,884,47,645,45,2004
2501,31,835,41,618,43,2134
2502,48,941,45,655,58,1973
2503,37,979,39,675,48,2011
2504,41,967,56,698,56,2013
2505,51,1056,55,680,54,2094
2506,49,1056,45,730,65,2169
2507,53,1059,56,787,69,2224
2508,52,1078,54,777,64,2278
2509,48,1167,61,836,77,2228
2510,68,1146,52,857,64,2283
2511,53,1183,56,886,56,2140
2512,48,1166,65,933,66,2340
2513,59,1143,54,928,63,2380
2514,54,1213,60,923,71,2245
2515,61,1204,69,998,70,2275
2516,61,1190,78,1027,77,2203
2517,58,1245,71,1067,88,2297
2518,65,1154,74,1122,98,2224
2519,54,1236,72,1143,97,2270
2520,61,1187,71,1126,109,2185
2521,43,1187,69,1138,102,2267
2522,43,1192,62,1228,91,2298
2523,53,1202,69,1189,89,2289
2524,48,1160,67,1140,88,2270
2525,49,1195,61,1162,84,2376
2526,44,1211,51,1107,74,2284
2527,58,1305,71,1113,75,2358
2528,58,1224,66,1145,81,2348
2529,55,1235,58,1160,87,2441
2530,56,1249,81,1197,88,2352
2531,47,1252,73,1198,99,2473
2532,56,1252,68,1201,105,2576
2533,49,1220,99,1194,92,2435
2534,60,1226,87,1145,98,2509
2535,63,1233,95,1158,93,2398
2536,59,1248,74,1133,74,2428
2537,53,1222,82,1040,82,2373
2538,54,1216,88,977,78,2572
2539,59,1259,87,964,81,2460
2540,72,1277,91,999,75,2321
2541,61,1253,95,990,80,2268
2542,58,1259,80,945,69,2481
2543,48,1174,70,917,75,2260
2544,59,1050,95,917,78,2373
2545,76,1066,101,890,86,2342
2546,69,1125,115,821,84,2548
2547,52,985,108,758,82,2368
2548,64,984,101,761,89,2558
2549,71,996,119,753,71,2339
2550,72,954,108,861,55,2498
2551,68,1013,102,897,69,2362
2552,69,892,82,879,56,2417
2553,73,962,77,847,70,2526
2554,65,944,80,851,54,2573
2555,59,842,87,841,62,2562
2556,46,952,79,834,61,2457
2557,48,934,74,825,37,2284
2558,64,942,85,844,40,2335
2559,56,940,85,877,55,2330
2560,74,895,83,895,38,2424
2561,68,962,71,848,56,2157
2562,51,914,56,742,42,2247
2563,45,922,68,756,41,2247
2564,31,998,52,762,29,2101
2565,43,983,46,790,41,2147
2566,43,1004,50,732,22,2084
2567,50,1010,41,808,27,2138
2568,51,1060,52,778,24,2214
2569,54,1093,51,830,26,2159
2570,48,1117,36,834,36,2307
2571,56,1173,52,905,34,2257
2572,54,1248,48,886,26,2313
2573,61,1156,50,898,33,2253
2574,70,1350,45,1005,34,2379
2575,69,1249,58,1016,35,2337
2576,74,1391,54,1051,29,2515
2577,73,1381,53,1084,34,2617
2578,59,1232,49,1141,27,2542
2579,69,1303,46,1120,37,2731
2580,58,1276,45,1129,36,2643
2581,65,1169,42,1103,27,2764
2582,83,1299,51,1081,32,2641
2583,74,1257,50,1111,33,2477
2584,82,1205,48,1073,31,2631
2585,76,1156,62,1050,29,2346
2586,74,1228,63,1044,23,2560
2587,64,1118,48,1079,37,2333
2588,82,1253,63,1021,32,2615
2589,91,1263,56,1028,30,2574
2590,63,1217,40,1006,42,2512
2591,73,1103,51,988,37,2592
2592,64,1138,49,934,37,2604
2593,59,1072,46,915,36,2510
2594,64,1002,52,897,29,2355
2595,59,957,42,795,37,2247
2596,67,933,34,751,36,2161
2597,62,838,44,735,37,2228
2598,71,913,43,721,57,2179
2599,68,931,49,716,60,2474
2600,73,874,48,751,55,2409
2601,79,884,47,714,43,2530
2602,76,919,49,741,47,2390
2603,84,877,45,704,47,2413
2604,75,896,50,725,52,2374
2605,79,903,43,754,53,2478
2606,76,1023,45,788,38,2620
2607,80,984,43,774,44,2667
2608,74,1058,60,771,45,2439
2609,82,1092,53,788,57,2562
2610,95,1115,57,813,51,2379
2611,82,1076,72,789,76,2458
2612,83,1097,71,753,51,2450
2613,97,1103,54,767,58,2201
2614,89,1166,71,769,66,2366
2615,88,1113,57,784,49,2357
2616,94,1263,58,808,56,2319
2617,89,1143,56,802,41,2191
2618,97,1254,59,792,60,2225
2619,108,1290,64,798,46,2176
2620,102,1174,56,759,54,2089
2621,97,1292,60,729,45,2160
2622,101,1253,58,715,51,1960
2623,98,1267,47,759,39,2111
2624,109,1200,64,755,52,2051
2625,101,1347,48,753,41,1900
2626,108,1221,42,724,42,1959
2627,101,1359,34,783,44,1800
2628,99,1196,52,778,48,1918
2629,95,1248,50,760,39,1697
2630,94,1125,41,713,31,1679
2631,117,1331,44,744,35,1745
2632,112,1354,51,704,38,1642
2633,114,1333,46,741,33,1689
2634,121,1171,42,719,31,1604
2635,113,1322,45,728,39,1662
2636,114,1320,54,734,42,1642
2637,116,1274,57,768,44,1725
2638,118,1242,50,774,38,1644
2639,116,1243,41,762,35,1717
2640,98,1147,40,812,40,1754
2641,112,1151,53,782,32,1627
2642,116,1109,46,810,32,1781
2643,118,1143,39,835,37,1792
2644,133,1133,36,795,39,1651
2645,107,1029,44,852,29,1691
2646,94,1083,41,872,39,1691
2647,111,947,40,870,56,1514
2648,109,1004,34,830,34,1653
2649,102,1054,30,826,49,1560
2650,98,989,36,819,43,1606
2651,100,955,46,811,35,1684
2652,94,880,42,807,39,1555
2653,87,971,41,793,50,1591
2654,93,961,57,823,39,1626
2655,85,892,42,814,52,1487
2656,83,934,48,772,43,1540
2657,84,941,24,827,41,1508
2658,84,1022,42,839,40,1558
2659,86,989,32,822,44,1528
2660,85,854,28,883,49,1422
2661,87,940,36,834,51,1307
2662,74,944,39,810,65,1311
2663,86,909,37,815,48,1221
2664,76,934,36,767,59,1309
2665,72,968,44,715,55,1318
2666,79,989,33,761,48,1203
2667,85,990,41,753,49,1207
2668,62,971,30,733,54,1251
2669,70,983,34,719,61,1179
2670,71,1008,31,728,56,1192
2671,64,1008,34,708,61,1220
2672,81,1012,45,705,58,1144
2673,71,983,38,771,48,1342
2674,80,1027,40,749,72,1348
2675,78,1029,37,774,61,1229
2676,77,1046,25,769,48,1324
2677,84,1078,27,783,51,1287
2678,63,1071,43,793,43,1359
2679,83,1035,36,812,52,1333
2680,99,1066,39,816,46,1427
2681,93,1097,41,833,57,1371
2682,83,1117,31,810,67,1397
2683,91,1141,36,823,47,1339
2684,91,1131,30,842,50,1378
2685,89,1051,30,784,60,1336
2686,93,1123,39,804,58,1364
2687,94,982,39,803,52,1411
2688,101,1033,31,807,56,1497
2689,94,1043,30,850,45,1431
2690,93,1072,34,863,52,1448
2691,85,997,40,916,48,1455
2692,74,1074,35,952,50,1523
2693,81,1105,43,972,51,1424
2694,83,987,41,1008,37,1499
2695,82,1070,42,992,49,1481
2696,75,983,44,1022,42,1554
2697,95,1028,49,973,52,1483
2698,67,1025,48,972,52,1578
2699,82,1086,58,968,55,1508
2700,87,1121,51,967,49,1555
2701,90,1089,49,930,42,1566
2702,89,1139,33,926,59,1457
2703,104,1129,52,931,56,1516
2704,85,1150,41,919,71,1541
2705,101,1128,33,903,66,1444
2706,84,1092,39,867,65,1518
2707,82,1063,57,845,64,1535
2708,78,1094,41,853,75,1490
2709,72,1051,39,861,83,1555
2710,70,1040,40,855,56,1435
2711,83,1017,35,817,66,1368
2712,89,1071,45,815,55,1341
2713,93,1098,41,863,47,1328
2714,75,986,48,880,60,1380
2715,86,1067,49,925,53,1327
2716,78,1112,53,901,57,1383
2717,77,1084,51,932,53,1319
2718,68,986,54,977,70,1410
2719,77,1107,62,960,58,1362
2720,83,1088,46,965,58,1303
2721,88,1074,49,993,46,1364
2722,79,1013,57,962,55,1331
2723,96,1103,50,998,72,1462
2724,80,1086,57,948,61,1484
2725,90,1009,47,959,61,1473
2726,93,1116,48,1006,53,1378
2727,77,1137,55,992,60,1429
2728,84,1030,44,1011,58,1375
2729,93,1061,53,1056,50,1408
2730,88,989,53,991,59,1280
2731,65,1027,46,1045,44,1351
2732,67,1098,33,1044,46,1424
2733,77,1026,41,1043,40,1418
2734,66,1078,33,1075,63,1377
2735,62,1100,42,1029,65,1469
2736,80,1093,40,1015,62,1456
2737,75,1082,40,991,65,1484
2738,77,1091,38,965,55,1510
2739,81,1112,38,962,55,1548
2740,65,1159,38,962,47,1680
2741,74,1139,47,969,46,1548
2742,79,1133,47,939,36,1598
2743,70,1175,41,961,59,1846
2744,71,1180,43,949,46,1721
2745,77,1141,37,950,62,1880
2746,76,1201,37,972,47,1841
2747,70,1178,53,949,49,1812
2748,71,1166,42,958,48,1914
2749,74,1242,42,1051,47,1822
2750,73,1254,38,1032,41,1940
2751,66,1257,41,1049,53,1960
2752,69,1245,41,1084,52,1830
2753,74,1238,41,1065,45,1954
2754,72,1319,47,1029,46,1860
2755,77,1287,42,1046,45,2090
2756,71,1337,35,1074,63,1936
2757,88,1382,55,1075,57,2095
2758,76,1392,54,1094,50,2140
2759,85,1384,47,1123,59,2095
2760,82,1386,59,1113,54,1981
2761,82,1427,57,1092,56,1853
2762,81,1402,54,1153,49,1877
2763,68,1454,53,1231,61,1917
2764,79,1346,54,1249,58,1776
2765,75,1396,49,1265,50,1894
2766,79,1459,50,1343,56,1791
2767,94,1485,49,1375,51,1944
2768,80,1424,51,1382,63,1850
2769,93,1495,62,1393,75,1943
2770,86,1547,50,1419,85,1838
2771,94,1579,60,1476,85,1921
2772,82,1563,63,1483,81,1794
2773,81,1604,68,1494,95,1965
2774,90,1600,67,1462,89,2015
2775,106,1601,61,1471,81,1930
2776,71,1629,65,1488,80,2068
2777,82,1604,68,1530,80,1935
2778,86,1630,52,1523,59,2087
2779,103,1573,55,1538,75,2003
2780,94,1479,63,1487,71,2150
2781,92,1568,48,1478,55,1978
2782,82,1579,52,1473,57,2091
2783,80,1571,55,1433,62,2111
2784,97,1541,53,1418,79,2052
2785,95,1616,52,1372,70,1996
2786,110,1485,57,1375,57,2051
2787,91,1633,48,1341,71,1987
2788,99,1630,57,1405,57,2056
2789,83,1615,42,1421,67,2048
2790,96,1622,46,1394,74,1912
2791,95,1482,37,1368,56,2022
2792,71,1571,45,1379,80,1963
2793,81,1605,43,1311,65,2045
2794,86,1555,41,1333,77,1898
2795,92,1576,53,1302,83,2023
2796,82,1568,60,1331,93,2092
2797,73,1538,64,1388,85,1984
2798,77,1520,56,1358,77,2168
2799,78,1467,53,1351,87,2138
2800,73,1405,62,1408,80,1923
2801,86,1503,62,1405,71,1771
2802,83,1573,72,1398,78,1796
2803,89,1467,51,1369,77,1813
2804,93,1505,64,1352,62,1890
2805,90,1590,65,1344,81,1776
2806,101,1608,65,1355,94,1950
2807,100,1564,70,1333,89,1868
2808,79,1559,73,1321,87,1954
2809,85,1582,73,1358,94,1846
2810,68,1654,76,1303,87,1961
2811,81,1678,72,1373,90,1983
2812,85,1658,76,1409,86,2068
2813,81,1640,63,1392,75,2148
2814,77,1666,74,1496,86,2083
2815,91,1664,73,1495,92,2177
2816,100,1695,84,1533,91,2179
2817,100,1665,75,1572,98,1979
2818,97,1669,66,1606,80,2086
2819,90,1614,71,1601,82,1930
2820,109,1633,80,1634,85,2024
2821,84,1601,67,1694,97,1971
2822,75,1600,80,1657,101,1990
2823,90,1651,71,1624,73,1984
2824,91,1661,73,1694,81,1789
2825,88,1635,84,1651,77,1906
2826,82,1658,84,1636,76,1757
2827,99,1574,91,1660,72,1850
2828,88,1589,70,1630,65,1867
2829,82,1680,61,1643,72,1707
2830,79,1594,77,1644,76,1817
2831,108,1583,70,1660,70,1868
2832,102,1552,90,1713,93,1870
2833,105,1584,104,1589,96,1802
2834,95,1596,111,1653,84,1760
2835,98,1589,121,1690,77,1648
2836,98,1589,97,1617,75,1506
2837,92,1547,98,1584,74,1582
2838,90,1516,103,1520,73,1531
2839,94,1528,92,1458,75,1546
2840,105,1591,105,1446,74,1438
2841,114,1615,107,1396,62,1547
2842,102,1636,76,1420,67,1434
2843,107,1537,94,1364,58,1463
2844,83,1586,95,1319,51,1343
2845,74,1502,79,1355,52,1449
2846,94,1523,86,1337,51,1362
2847,90,1471,64,1271,61,1416
2848,93,1389,74,1245,49,1474
2849,84,1463,72,1271,58,1518
2850,90,1399,89,1297,59,1541
2851,73,1391,83,1317,60,1554
2852,88,1361,87,1256,67,1629
2853,91,1403,88,1334,68,1659
2854,94,1402,81,1331,77,1608
2855,75,1400,81,1360,75,1687
2856,78,1289,85,1296,46,1793
2857,87,1373,84,1344,62,1629
2858,83,1338,71,1324,60,1770
2859,85,1301,90,1281,45,1637
2860,87,1272,97,1264,52,1623
2861,90,1299,92,1263,36,1701
2862,85,1202,89,1297,52,1540
2863,89,1255,77,1264,55,1642
2864,89,1277,89,1239,36,1554
2865,88,1258,81,1235,42,1660
2866,113,1273,93,1248,55,1664
2867,85,1256,92,1266,51,1638
2868,82,1282,90,1312,50,1645
2869,99,1280,101,1285,61,1474
2870,86,1228,73,1233,41,1592
2871,90,1227,97,1229,54,1534
2872,100,1204,82,1219,55,1483
2873,107,1213,94,1272,47,1414
2874,120,1201,83,1248,50,1463
2875,103,1202,97,1241,44,1492
2876,112,1278,92,1185,40,1473
2877,106,1264,76,1238,49,1383
2878,101,1238,86,1223,55,1423
2879,109,1287,91,1167,60,1271
2880,105,1254,72,1112,47,1313
2881,98,1274,72,1106,45,1224
2882,110,1215,82,1140,40,1280
2883,79,1193,68,1061,48,1148
2884,97,1212,63,1003,49,1258
2885,104,1202,74,994,42,1106
2886,104,1175,71,972,33,1171
2887,110,1144,57,917,32,1094
2888,96,1110,53,954,33,1109
2889,91,1096,61,998,31,983
2890,96,1095,56,1067,27,1065
2891,109,1112,57,1054,30,1065
2892,105,1147,60,1047,21,968
2893,100,1129,60,1082,24,1010
2894,99,1106,66,1081,26,923
2895,79,1069,58,1046,29,964
2896,89,1069,69,1027,28,920
2897,80,977,60,984,29,1010
2898,84,985,55,985,24,941
2899,84,959,60,991,23,970
2900,71,933,49,923,28,893
2901,84,955,47,963,20,975
2902,83,943,55,913,19,887
2903,83,971,55,936,23,954
2904,86,912,58,971,19,890
2905,69,947,54,938,24,923
2906,72,928,58,926,21,874
2907,80,884,58,899,20,925
2908,78,884,54,875,37,877
2909,76,883,55,870,27,916
2910,83,900,52,849,25,918
2911,84,891,55,827,23,844
2912,75,868,53,794,22,881
2913,78,873,53,829,14,845
2914,72,871,46,804,16,897
2915,86,871,63,802,19,848
2916,92,873,54,813,22,866
2917,69,896,62,814,9,830
2918,65,891,51,819,13,887
2919,80,887,60,866,14,821
2920,68,879,45,828,12,858
2921,63,884,44,815,12,825
2922,59,843,58,859,15,874
2923,61,853,49,863,10,785
2924,50,888,50,818,12,810
2925,59,920,51,824,18,691
2926,66,970,61,891,16,703
2927,68,947,69,926,10,639
2928,62,895,44,876,11,668
2929,61,858,59,906,11,703
2930,56,797,59,886,18,725
2931,56,751,65,881,20,711
2932,49,752,55,844,31,798
2933,60,790,60,869,22,791
2934,63,735,79,855,12,708
2935,77,776,65,797,14,758
2936,55,786,58,775,11,713
2937,49,778,65,769,13,729
2938,63,789,63,782,10,664
2939,68,782,69,739,19,713
2940,57,786,58,734,11,636
2941,55,811,61,741,19,727
2942,64,832,47,767,13,683
2943,65,892,44,781,6,696
2944,60,844,53,792,12,693
2945,51,864,50,829,7,759
2946,61,860,55,873,12,726
2947,51,858,47,905,14,798
2948,48,868,64,943,4,763
2949,40,825,44,920,11,798
2950,58,843,54,943,9,772
